-2.294292032999998426e-02 2.409270719999999973e-03 -1.329662583000000287e-01 8.855920619999999022e-04
-1.943983979999999029e-02 2.418148440000000149e-03 -1.343398275000000086e-01 8.976070740000000568e-04
-1.097862749999996279e-02 2.440945919999999714e-03 -1.390309541999999454e-01 9.367127939999999979e-04
3.523248000000187008e-04 2.471971380000000107e-03 -1.453604408999999986e-01 9.971763720000000400e-04
2.162723759999999468e-02 2.514991619999999966e-03 -1.532831642999999688e-01 1.077239958000000093e-03
4.273922699999999075e-02 2.559454379999999852e-03 -1.582871687999999333e-01 1.166442726000000091e-03
6.794813789999999687e-02 2.597469780000000172e-03 -1.625666876999999899e-01 1.242897690000000031e-03
8.309426490000000609e-02 2.619976260000000251e-03 -1.630740950999999828e-01 1.308147774000000116e-03
8.869989330000001282e-02 2.619701940000000034e-03 -1.636206165000000934e-01 1.342685106000000156e-03
9.376116659999998715e-02 2.610338820000000001e-03 -1.624042970999999280e-01 1.350433536000000085e-03
9.617611589999999766e-02 2.592839339999999937e-03 -1.550782188000000006e-01 1.307682683999999984e-03
1.068529589999999974e-01 2.563367520000000080e-03 -1.456817562000000399e-01 1.193641073999999981e-03
1.102101641999999881e-01 2.518325280000000260e-03 -1.332496125000000031e-01 1.072269318000000074e-03
1.132529382000000001e-01 2.469144419999999996e-03 -1.255246857000000271e-01 9.836705159999999636e-04
1.177380634500000134e-01 2.432320620000000093e-03 -1.196002187999999911e-01 9.271686599999998807e-04
1.198099922399999406e-01 2.413512599999999807e-03 -1.165321827000000282e-01 8.963111939999999882e-04
1.194621920100000234e-01 2.403076499999999820e-03 -1.159639821000000293e-01 8.832333600000000576e-04
1.185689731752000015e-01 2.418386400000000370e-03 -1.174711140000000015e-01 9.069853260000000162e-04
1.154620925999999825e-01 2.461068539999999860e-03 -1.241378901000000229e-01 9.713561820000000740e-04
9.830854980000003351e-02 2.514860580000000123e-03 -1.371644918999999907e-01 1.107427769999999980e-03
6.820450434000001338e-02 2.532906420000000190e-03 -1.466959481999999815e-01 1.160816952000000160e-03
2.917366379999999926e-02 2.509022039999999915e-03 -1.492387371000000185e-01 1.079878380000000044e-03
-2.497016699999986267e-03 2.462754419999999781e-03 -1.447675784999999937e-01 9.898719660000000666e-04
-1.905745679999998332e-02 2.424287880000000183e-03 -1.362976469999999662e-01 9.105948599999999548e-04
-2.294292032999998426e-02 2.409270719999999973e-03 -1.329662583000000287e-01 8.855920619999999022e-04
