-4.089941789062496308e-02 7.200174832499999650e-03 -1.996923708562500510e-01 2.061362344874999829e-03
-3.680738904375001341e-02 7.219474717500000416e-03 -2.030009907937500302e-01 2.091496596750000089e-03
-2.658905875124996376e-02 7.273882961249999481e-03 -2.134360686374999483e-01 2.182642937999999984e-03
-1.164672697499996405e-02 7.347708731250000326e-03 -2.296100292750000160e-01 2.327416822500000086e-03
1.630808724375000865e-02 7.441862621249999837e-03 -2.514511457437499931e-01 2.517774276375000109e-03
5.278064400000001544e-02 7.536166338749999798e-03 -2.715674769562499424e-01 2.718936805874999901e-03
9.589871851874999520e-02 7.617112151250000039e-03 -2.895294436312499942e-01 2.871269684999999943e-03
1.285693444687500131e-01 7.659812924999999557e-03 -2.990202488437500028e-01 2.995873533000000064e-03
1.377939471187499820e-01 7.664839188750000552e-03 -3.036227602500000677e-01 3.068647671750000111e-03
1.467512137687499718e-01 7.645315665000000128e-03 -2.982560042249999266e-01 3.076637264624999552e-03
1.590982274812499930e-01 7.596294581249999484e-03 -2.804702173874999982e-01 2.979230103000000268e-03
1.765074605624999959e-01 7.522315612500000276e-03 -2.542880331562499818e-01 2.739509957999999856e-03
1.848500126437500057e-01 7.419627738750000229e-03 -2.258270069062500163e-01 2.478292150125000100e-03
1.899318164062500092e-01 7.314986002500000091e-03 -2.058528892500000318e-01 2.282555154375000110e-03
1.946071732949999911e-01 7.233955773749999214e-03 -1.909202205374999628e-01 2.155602278624999760e-03
1.962972076049999404e-01 7.187408369999999554e-03 -1.834992956250000307e-01 2.083939944749999950e-03
1.949133961462500286e-01 7.168564672499999797e-03 -1.810177722562500147e-01 2.055504077625000276e-03
1.958504704268624885e-01 7.201500318750000788e-03 -1.855770537374999973e-01 2.108510124749999898e-03
1.904611100624999942e-01 7.294369447499999930e-03 -2.027467827562500213e-01 2.253458941499999774e-03
1.648461375000000451e-01 7.411062884999999878e-03 -2.327952788999999578e-01 2.540982313874999999e-03
1.047583317487500304e-01 7.460095473750000088e-03 -2.532657120749999269e-01 2.650635795000000003e-03
3.491456236874999897e-02 7.419921296249999687e-03 -2.482043882062500428e-01 2.510414166000000079e-03
-1.391387084999998365e-02 7.323846442500000359e-03 -2.269219782937499930e-01 2.309897093250000161e-03
-3.529555604999997515e-02 7.237135717499999961e-03 -2.067646570874999423e-01 2.122518309374999898e-03
-4.089941789062496308e-02 7.200174832499999650e-03 -1.996923708562500510e-01 2.061362344874999829e-03
