-2.215625337000001055e-02 1.530906468000000145e-03 -8.037371790000000238e-02 4.803237659999999771e-04
-2.150753604299999663e-02 1.536255449999999979e-03 -8.113216589999999728e-02 4.873419299999999922e-04
-1.686301541999999515e-02 1.555571904000000024e-03 -8.402123159999998203e-02 5.125280460000000834e-04
-6.869594610000001600e-03 1.585099296000000088e-03 -8.883728640000000676e-02 5.531382960000000119e-04
5.753197800000001833e-03 1.623604584000000114e-03 -9.465307559999998344e-02 6.097507799999999679e-04
2.386623779999999875e-02 1.667945585999999931e-03 -1.013254857000000092e-01 6.846474779999999665e-04
4.266097920000000432e-02 1.708994975999999924e-03 -1.062876644999999481e-01 7.585143539999999497e-04
5.886237699000000656e-02 1.735833161999999997e-03 -1.087717293000000085e-01 8.188370100000000621e-04
6.464529832499997519e-02 1.739673971999999976e-03 -1.094667929999999928e-01 8.494719540000000629e-04
6.730906499999998738e-02 1.727571594000000023e-03 -1.076019624000000285e-01 8.482793820000000600e-04
7.119980730000000091e-02 1.707091079999999888e-03 -1.010346443999999982e-01 7.907503199999999172e-04
7.561860570000000781e-02 1.669251828000000012e-03 -9.278956710000001162e-02 6.907224480000000036e-04
8.032418387999999687e-02 1.624398815999999980e-03 -8.527625910000001530e-02 6.064831679999999796e-04
8.384518970999998988e-02 1.583942280000000041e-03 -7.944118380000000923e-02 5.483615160000000288e-04
8.674127730000000258e-02 1.554238500000000057e-03 -7.581066389999997768e-02 5.123660279999999899e-04
8.794583280000001224e-02 1.535992037999999978e-03 -7.394572890000000731e-02 4.875816720000000315e-04
8.812235250000000075e-02 1.529775749999999967e-03 -7.298987849999999389e-02 4.801130640000000178e-04
8.775619560000000319e-02 1.539917796000000094e-03 -7.445813940000001185e-02 4.959344400000000432e-04
8.353374848999998992e-02 1.579216758000000047e-03 -7.856254980000000609e-02 5.448545040000000441e-04
7.251050969999998930e-02 1.627527545999999910e-03 -8.633985839999999690e-02 6.349762679999999999e-04
4.780220814000002427e-02 1.650150024000000088e-03 -9.471279150000003200e-02 7.032581459999999668e-04
1.477589219999999801e-02 1.624616813999999951e-03 -9.462939210000000101e-02 6.382870620000000465e-04
-8.750951820000008735e-03 1.578790547999999816e-03 -8.753892120000000832e-02 5.483884199999999702e-04
-1.868349500999998830e-02 1.543950821999999848e-03 -8.215878869999999889e-02 4.963753919999999145e-04
-2.215625337000001055e-02 1.530906468000000145e-03 -8.037371790000000238e-02 4.803237659999999771e-04
