-8.853326113500002703e-02 6.745148412750000266e-03 -1.858411126687500026e-01 1.694502632250000041e-03
-8.635646194424997923e-02 6.758891355000000260e-03 -1.888469152312500232e-01 1.717907773500000233e-03
-7.717730227762498174e-02 6.805136023500000381e-03 -1.978273565437499715e-01 1.793021382749999991e-03
-5.951984975999996541e-02 6.875861526000000105e-03 -2.129482071000000087e-01 1.910591971499999916e-03
-3.421758825000004167e-02 6.962544941250000015e-03 -2.307291555374999803e-01 2.063957837249999743e-03
1.746252449999977606e-03 7.051997962499999793e-03 -2.490056016187499888e-01 2.234444011125000153e-03
4.102042809375002624e-02 7.127088559499999455e-03 -2.645617317524999734e-01 2.379296618249999735e-03
7.235634237749997977e-02 7.174105074750000526e-03 -2.749396322728124842e-01 2.488410746999999978e-03
8.283985298999996250e-02 7.180576101749999197e-03 -2.795694287906249631e-01 2.547160563749999943e-03
8.835164555625002469e-02 7.161389226750000496e-03 -2.736963226912499936e-01 2.550520005749999999e-03
1.011529370249999726e-01 7.117621020749999999e-03 -2.528442611999999756e-01 2.456154539999999900e-03
1.095663823875000220e-01 7.040369819999999640e-03 -2.257211588062500163e-01 2.250920622750000009e-03
1.152512073675000109e-01 6.943618523999999133e-03 -2.002676290312500051e-01 2.040711002999999728e-03
1.166029785787500300e-01 6.851566023749999269e-03 -1.808246392875000330e-01 1.879712302500000055e-03
1.194326056237499933e-01 6.779573515500000001e-03 -1.684509418687499538e-01 1.773961618874999972e-03
1.201655603925000093e-01 6.735575860500000837e-03 -1.621298138624999996e-01 1.708424011125000063e-03
1.191983127243750190e-01 6.717615432749999595e-03 -1.597584750749999616e-01 1.688242651125000009e-03
1.202544171562500708e-01 6.745966161000000599e-03 -1.643722462687500219e-01 1.730452377750000062e-03
1.178467347712499613e-01 6.833326667999999743e-03 -1.781996982187500078e-01 1.859811392624999846e-03
9.940139054999996837e-02 6.939512090250000292e-03 -2.049077301187499922e-01 2.087806571250000204e-03
4.557883328999998152e-02 6.985376232750000434e-03 -2.291592758062500346e-01 2.186445662999999921e-03
-1.599345438750000153e-02 6.945310662750000391e-03 -2.265174222749999910e-01 2.074678679624999880e-03
-6.287050346625001895e-02 6.856550058000000086e-03 -2.091719222437500303e-01 1.892429281124999958e-03
-8.110083344624997859e-02 6.774999956249999622e-03 -1.919549643187500043e-01 1.743617739000000123e-03
-8.853326113500002703e-02 6.745148412750000266e-03 -1.858411126687500026e-01 1.694502632250000041e-03
