-3.119009652675000521e-01 8.810458550624998900e-03 -2.969205560437500613e-01 3.180709595250000212e-03
-3.119790025912499987e-01 8.824701873374999825e-03 -3.001635205875001211e-01 3.205269641249999888e-03
-3.096344560387500611e-01 8.876657864249999294e-03 -3.136287751312500927e-01 3.294377308874999605e-03
-2.960565310462500710e-01 8.946002965499999168e-03 -3.339040062937499997e-01 3.450516014624999822e-03
-2.858294062687500858e-01 9.031539384000000087e-03 -3.670325454937500287e-01 3.685748043375000182e-03
-2.650915432687500073e-01 9.097053881249999099e-03 -3.992321792249999834e-01 3.947652848625000412e-03
-2.354874901312500046e-01 9.141906314250001012e-03 -4.252354690500000922e-01 4.133819351999999843e-03
-2.164079456437499327e-01 9.182331384749999395e-03 -4.407697771312500956e-01 4.183810095750000423e-03
-2.075186251125000492e-01 9.197941665749999676e-03 -4.436230220010000669e-01 4.172983573499999994e-03
-1.987158782812500635e-01 9.198563997750000554e-03 -4.378376608200000852e-01 4.099977236625000285e-03
-1.646472599999999342e-01 9.174018519750000780e-03 -4.279751265149998041e-01 3.966698878500000448e-03
-1.185543533812499356e-01 9.116362310999999441e-03 -4.088261484562500936e-01 3.837382014375000181e-03
-7.730943159375000540e-02 9.044173229250000029e-03 -3.865493899124999300e-01 3.688699370249999641e-03
-4.076936077500007555e-02 8.978055499500000800e-03 -3.626088658874999648e-01 3.519553819874999840e-03
-1.602713324024993002e-02 8.922570432000001203e-03 -3.425762707312498545e-01 3.364501829250000475e-03
-3.323946616875048804e-03 8.881986648000000581e-03 -3.289813018312500725e-01 3.262603423874999974e-03
2.681790733124997644e-03 8.867543405624999167e-03 -3.260099129062500323e-01 3.227015925750000274e-03
-9.099218462624928880e-03 8.894357276999999631e-03 -3.347995498874999365e-01 3.297455061749999996e-03
-3.846292065000004451e-02 8.956659334499999375e-03 -3.572990120812499781e-01 3.477051825749999728e-03
-9.979665755624991808e-02 9.032632011000000030e-03 -3.815421423187499994e-01 3.602073213749999812e-03
-1.791921479737500766e-01 9.049555925999999695e-03 -3.917440347749999718e-01 3.777866379375000114e-03
-2.590056090562499747e-01 9.013421723999999469e-03 -3.711735128812501117e-01 3.733762930874999757e-03
-2.981142788512500252e-01 8.931382196999999509e-03 -3.327540614999999757e-01 3.413488321874999856e-03
-3.109897659881249998e-01 8.841342363000000149e-03 -3.053222297437500621e-01 3.234413325374999731e-03
-3.119009652675000521e-01 8.810458550624998900e-03 -2.969205560437500613e-01 3.180709595250000212e-03
