-1.208772129599999801e-01 2.275416959999999791e-03 -1.154917025999999819e-01 8.378076960000000210e-04
-1.190061899100000042e-01 2.282417100000000160e-03 -1.165245632999999947e-01 8.480870279999999694e-04
-1.171063462499999930e-01 2.303681760000000130e-03 -1.196032428000000369e-01 8.776568100000000034e-04
-1.131442146000000148e-01 2.338935060000000080e-03 -1.249766135999999944e-01 9.308194739999999965e-04
-1.104427664999999836e-01 2.382546900000000016e-03 -1.334059650000000152e-01 1.015191450000000077e-03
-1.055478419999999612e-01 2.427247200000000067e-03 -1.446294384000000321e-01 1.128943374000000114e-03
-9.894457800000000525e-02 2.452384320000000183e-03 -1.553868216000000024e-01 1.236230274000000044e-03
-9.052546590000001836e-02 2.468718960000000021e-03 -1.621264788000000290e-01 1.276831806000000005e-03
-8.725441409999999676e-02 2.479616520000000116e-03 -1.632998780999999899e-01 1.270807608000000056e-03
-8.354394989999999743e-02 2.477181540000000185e-03 -1.629498942000000561e-01 1.237541513999999886e-03
-6.950703690000004098e-02 2.457860999999999987e-03 -1.614592655999999571e-01 1.176804384000000028e-03
-4.455340199999999196e-02 2.423044559999999997e-03 -1.588412843999999491e-01 1.104708108000000038e-03
-1.845164249999999007e-02 2.379341100000000129e-03 -1.534882779000000252e-01 1.020921767999999905e-03
-3.104433000000114684e-04 2.340276719999999800e-03 -1.446535035000000025e-01 9.443383980000000059e-04
1.223203679999998461e-02 2.309267519999999921e-03 -1.388075750999999969e-01 8.864055780000000160e-04
2.090071260000001679e-02 2.289347741999999807e-03 -1.348180605000000032e-01 8.494337399999998860e-04
2.306911545000001756e-02 2.280303414000000098e-03 -1.332062387999999875e-01 8.375103179999999993e-04
2.027399039999998320e-02 2.294254139999999786e-03 -1.358247231000000443e-01 8.606107140000000084e-04
-4.132799999999325902e-05 2.332105500000000286e-03 -1.435997331000000155e-01 9.351462120000000010e-04
-3.312440370000001993e-02 2.375419499999999878e-03 -1.502083133999999875e-01 1.021917713999999974e-03
-6.767844245999998787e-02 2.394350579999999801e-03 -1.471882185000000232e-01 1.098362772000000031e-03
-9.821516850000000520e-02 2.380968480000000050e-03 -1.364251472999999382e-01 1.047522300000000052e-03
-1.121477130000000794e-01 2.330575980000000082e-03 -1.242497268000000155e-01 9.202978199999999097e-04
-1.181939345100000011e-01 2.289584280000000072e-03 -1.175621904000000023e-01 8.576560860000000249e-04
-1.208772129599999801e-01 2.275416959999999791e-03 -1.154917025999999819e-01 8.378076960000000210e-04
