-1.859349150000000062e-01 4.018258920000000040e-03 -2.097776250000001341e-01 1.807571279999999969e-03
-1.849538609999999417e-01 4.026606959999999916e-03 -2.106471330000000974e-01 1.818559739999999836e-03
-1.839428730000000067e-01 4.052146799999999799e-03 -2.174536800000000936e-01 1.866017339999999922e-03
-1.744451640000000137e-01 4.085415839999999472e-03 -2.267306909999999842e-01 1.950358739999999988e-03
-1.714274820000000477e-01 4.122746279999999798e-03 -2.440623959999999870e-01 2.079891420000000001e-03
-1.618189199999999772e-01 4.142540699999999916e-03 -2.591107199999999611e-01 2.217876600000000340e-03
-1.471456493999999948e-01 4.151396879999999859e-03 -2.700406530000000194e-01 2.302298820000000124e-03
-1.398520331099999126e-01 4.165863660000000517e-03 -2.760397056000000182e-01 2.302903680000000126e-03
-1.337816700000000747e-01 4.171726019999999653e-03 -2.763195507000000273e-01 2.285502899999999893e-03
-1.318417740000000227e-01 4.174068960000000029e-03 -2.747528298000001534e-01 2.248178579999999833e-03
-1.165112999999999427e-01 4.164857760000000540e-03 -2.760491978999998208e-01 2.176716059999999741e-03
-9.278908199999996720e-02 4.142422199999999839e-03 -2.761448940000000851e-01 2.114152380000000001e-03
-6.650247600000000481e-02 4.109123280000000732e-03 -2.765110139999999994e-01 2.049932219999999958e-03
-3.829928400000005839e-02 4.080180180000000240e-03 -2.739710699999999277e-01 1.975614059999999863e-03
-1.727387397899991794e-02 4.056622979999999733e-03 -2.686763519999998406e-01 1.902943019999999959e-03
-3.244500000000011264e-03 4.038247019999999937e-03 -2.641500630000000460e-01 1.853683979999999837e-03
2.521809000000027612e-03 4.031748780000000282e-03 -2.636683739999999831e-01 1.836481800000000107e-03
-1.023350759999994142e-02 4.044592920000000293e-03 -2.667083759999999693e-01 1.869985559999999937e-03
-3.498641999999999030e-02 4.068634199999999861e-03 -2.707480979999998816e-01 1.949626559999999807e-03
-7.396755299999990818e-02 4.107116699999999870e-03 -2.685912479999999491e-01 1.994076119999999962e-03
-1.153479555000000711e-01 4.118419920000000560e-03 -2.635610220000000337e-01 2.106131999999999709e-03
-1.557055889999999498e-01 4.110181200000000146e-03 -2.482383780000000928e-01 2.110067099999999793e-03
-1.765532249999999803e-01 4.079533140000000078e-03 -2.277055259999999637e-01 1.931398860000000002e-03
-1.837885319999999767e-01 4.032853260000000134e-03 -2.137055219999999811e-01 1.833842160000000035e-03
-1.859349150000000062e-01 4.018258920000000040e-03 -2.097776250000001341e-01 1.807571279999999969e-03
