-1.975878333056249880e-01 6.786723764250000672e-03 -1.809102457124999730e-01 1.948235819999999960e-03
-1.955577488906250216e-01 6.803058371250000208e-03 -1.833875749687499945e-01 1.971326065875000141e-03
-1.935302187375000094e-01 6.847496486250000125e-03 -1.911710197125000288e-01 2.040457869749999747e-03
-1.894757261624999689e-01 6.925264957499999846e-03 -2.048684777999999762e-01 2.160146937375000045e-03
-1.852483780124999924e-01 7.021599671249999924e-03 -2.257568639437500246e-01 2.346466044749999889e-03
-1.754693679374999538e-01 7.121741943750000033e-03 -2.530267200000000383e-01 2.592288320999999902e-03
-1.602266882625000000e-01 7.190652562500000206e-03 -2.805240164062500208e-01 2.818457199375000357e-03
-1.432484670374999935e-01 7.232379326249999824e-03 -2.980645466062500359e-01 2.910067441499999876e-03
-1.379117132437499837e-01 7.251664665000000058e-03 -3.031835429249999936e-01 2.904156097874999957e-03
-1.269027740812499749e-01 7.250048069999999976e-03 -2.993270264437500883e-01 2.835265227749999856e-03
-9.675985635000004803e-02 7.208988251250000347e-03 -2.887721513437499499e-01 2.718975791250000194e-03
-5.499925143750000051e-02 7.132206911250000246e-03 -2.722814960062499567e-01 2.573489200875000212e-03
-1.222506241875001044e-02 7.042860427499999555e-03 -2.516869247624999861e-01 2.383931105999999734e-03
1.232340311249999557e-02 6.953612118749999925e-03 -2.289669694312500003e-01 2.204219464499999979e-03
2.759818363874998876e-02 6.881826367499999791e-03 -2.131681926375000036e-01 2.065303583624999995e-03
3.809597191875004063e-02 6.832004259749999316e-03 -2.032443015750000082e-01 1.979177977500000147e-03
3.928946301562503962e-02 6.817795066125000199e-03 -1.997591960250000021e-01 1.950866450624999873e-03
3.710708420624998782e-02 6.850339038750000165e-03 -2.062975180500000449e-01 2.007197490375000216e-03
1.114979422500001101e-02 6.933326302499999948e-03 -2.261426861812500522e-01 2.185373322749999906e-03
-3.891399013125003414e-02 7.024699226250000206e-03 -2.490232277812499950e-01 2.375609550749999740e-03
-1.057031843118749759e-01 7.057233716249999844e-03 -2.535395940562499839e-01 2.507904498374999725e-03
-1.635159794624999885e-01 7.015053888750000070e-03 -2.323097847562499429e-01 2.404549527000000245e-03
-1.878235988062500750e-01 6.905096054999999670e-03 -2.027734974562500347e-01 2.133764752125000101e-03
-1.946371557383999862e-01 6.815527245000000366e-03 -1.857193684312499760e-01 1.995131918249999723e-03
-1.975878333056249880e-01 6.786723764250000672e-03 -1.809102457124999730e-01 1.948235819999999960e-03
