#Ord Beta Mu H Kx Ky Rfq Imfq in out Re Re_err Imag Imag_err U1 U2 U3 U4 
2 5 0 0 3.14159 0 -4 0.125 1 1 0.00354239 0.000249168 -0.0558854 0.000252744 0 1 -1 -1 
2 5 0 0 3.14159 0 -4 0.125 2 2 -nan -nan -nan -nan 1 0 -1 -1 
2 5 0 0 3.14159 0 -3.75 0.125 1 1 0.00606962 0.000241655 -0.053424 0.000243119 0 1 -1 -1 
2 5 0 0 3.14159 0 -3.75 0.125 2 2 -nan -nan -nan -nan 1 0 -1 -1 
2 5 0 0 3.14159 0 -3.5 0.125 1 1 0.00779512 0.000234571 -0.0517591 0.000237154 0 1 -1 -1 
2 5 0 0 3.14159 0 -3.5 0.125 2 2 -nan -nan -nan -nan 1 0 -1 -1 
2 5 0 0 3.14159 0 -3.25 0.125 1 1 0.00985524 0.000224016 -0.0482165 0.000223858 0 1 -1 -1 
2 5 0 0 3.14159 0 -3.25 0.125 2 2 -nan -nan -nan -nan 1 0 -1 -1 
2 5 0 0 3.14159 0 -3 0.125 1 1 0.0117454 0.000215918 -0.0462865 0.000216953 0 1 -1 -1 
2 5 0 0 3.14159 0 -3 0.125 2 2 -nan -nan -nan -nan 1 0 -1 -1 
2 5 0 0 3.14159 0 -2.75 0.125 1 1 0.0132377 0.000205936 -0.0434066 0.000206221 0 1 -1 -1 
2 5 0 0 3.14159 0 -2.75 0.125 2 2 -nan -nan -nan -nan 1 0 -1 -1 
2 5 0 0 3.14159 0 -2.5 0.125 1 1 0.0141942 0.000195526 -0.0402694 0.000193333 0 1 -1 -1 
2 5 0 0 3.14159 0 -2.5 0.125 2 2 -nan -nan -nan -nan 1 0 -1 -1 
2 5 0 0 3.14159 0 -2.25 0.125 1 1 0.014895 0.000184474 -0.0376463 0.00018293 0 1 -1 -1 
2 5 0 0 3.14159 0 -2.25 0.125 2 2 -nan -nan -nan -nan 1 0 -1 -1 
2 5 0 0 3.14159 0 -2 0.125 1 1 0.0152139 0.000173452 -0.0348279 0.000170334 0 1 -1 -1 
2 5 0 0 3.14159 0 -2 0.125 2 2 -nan -nan -nan -nan 1 0 -1 -1 
2 5 0 0 3.14159 0 -1.75 0.125 1 1 0.015405 0.000161757 -0.0321838 0.000157799 0 1 -1 -1 
2 5 0 0 3.14159 0 -1.75 0.125 2 2 -nan -nan -nan -nan 1 0 -1 -1 
2 5 0 0 3.14159 0 -1.5 0.125 1 1 0.01488 0.000149052 -0.028863 0.000141249 0 1 -1 -1 
2 5 0 0 3.14159 0 -1.5 0.125 2 2 -nan -nan -nan -nan 1 0 -1 -1 
2 5 0 0 3.14159 0 -1.25 0.125 1 1 0.0138482 0.000135604 -0.0256791 0.000125323 0 1 -1 -1 
2 5 0 0 3.14159 0 -1.25 0.125 2 2 -nan -nan -nan -nan 1 0 -1 -1 
2 5 0 0 3.14159 0 -1 0.125 1 1 0.0121437 0.000122676 -0.0223944 0.000106458 0 1 -1 -1 
2 5 0 0 3.14159 0 -1 0.125 2 2 -nan -nan -nan -nan 1 0 -1 -1 
2 5 0 0 3.14159 0 -0.75 0.125 1 1 0.00981778 0.00011169 -0.0198238 8.93819e-05 0 1 -1 -1 
2 5 0 0 3.14159 0 -0.75 0.125 2 2 -nan -nan -nan -nan 1 0 -1 -1 
2 5 0 0 3.14159 0 -0.5 0.125 1 1 0.00664389 0.000101894 -0.0177766 7.42935e-05 0 1 -1 -1 
2 5 0 0 3.14159 0 -0.5 0.125 2 2 -nan -nan -nan -nan 1 0 -1 -1 
2 5 0 0 3.14159 0 -0.25 0.125 1 1 0.00258099 9.63059e-05 -0.0169229 6.45339e-05 0 1 -1 -1 
2 5 0 0 3.14159 0 -0.25 0.125 2 2 -nan -nan -nan -nan 1 0 -1 -1 
2 5 0 0 3.14159 0 0 0.125 1 1 -0.000220875 9.39562e-05 -0.0174779 6.67685e-05 0 1 -1 -1 
2 5 0 0 3.14159 0 0 0.125 2 2 -nan -nan -nan -nan 1 0 -1 -1 
2 5 0 0 3.14159 0 0.25 0.125 1 1 -0.00271793 9.64011e-05 -0.016939 6.46672e-05 0 1 -1 -1 
2 5 0 0 3.14159 0 0.25 0.125 2 2 -nan -nan -nan -nan 1 0 -1 -1 
2 5 0 0 3.14159 0 0.5 0.125 1 1 -0.00648634 0.000101991 -0.0176778 7.35008e-05 0 1 -1 -1 
2 5 0 0 3.14159 0 0.5 0.125 2 2 -nan -nan -nan -nan 1 0 -1 -1 
2 5 0 0 3.14159 0 0.75 0.125 1 1 -0.00952477 0.000110808 -0.0196765 8.93072e-05 0 1 -1 -1 
2 5 0 0 3.14159 0 0.75 0.125 2 2 -nan -nan -nan -nan 1 0 -1 -1 
2 5 0 0 3.14159 0 1 0.125 1 1 -0.0123683 0.000123279 -0.0226577 0.000107359 0 1 -1 -1 
2 5 0 0 3.14159 0 1 0.125 2 2 -nan -nan -nan -nan 1 0 -1 -1 
2 5 0 0 3.14159 0 1.25 0.125 1 1 -0.0137056 0.000135708 -0.0257971 0.000125545 0 1 -1 -1 
2 5 0 0 3.14159 0 1.25 0.125 2 2 -nan -nan -nan -nan 1 0 -1 -1 
2 5 0 0 3.14159 0 1.5 0.125 1 1 -0.0148096 0.000148638 -0.0286217 0.000140349 0 1 -1 -1 
2 5 0 0 3.14159 0 1.5 0.125 2 2 -nan -nan -nan -nan 1 0 -1 -1 
2 5 0 0 3.14159 0 1.75 0.125 1 1 -0.0151567 0.000161294 -0.0317382 0.000156113 0 1 -1 -1 
2 5 0 0 3.14159 0 1.75 0.125 2 2 -nan -nan -nan -nan 1 0 -1 -1 
2 5 0 0 3.14159 0 2 0.125 1 1 -0.0153478 0.00017383 -0.0348253 0.00016989 0 1 -1 -1 
2 5 0 0 3.14159 0 2 0.125 2 2 -nan -nan -nan -nan 1 0 -1 -1 
2 5 0 0 3.14159 0 2.25 0.125 1 1 -0.0146653 0.000185097 -0.0376674 0.000182336 0 1 -1 -1 
2 5 0 0 3.14159 0 2.25 0.125 2 2 -nan -nan -nan -nan 1 0 -1 -1 
2 5 0 0 3.14159 0 2.5 0.125 1 1 -0.0141583 0.00019531 -0.040619 0.000195411 0 1 -1 -1 
2 5 0 0 3.14159 0 2.5 0.125 2 2 -nan -nan -nan -nan 1 0 -1 -1 
2 5 0 0 3.14159 0 2.75 0.125 1 1 -0.0129405 0.00020547 -0.0435255 0.000206923 0 1 -1 -1 
2 5 0 0 3.14159 0 2.75 0.125 2 2 -nan -nan -nan -nan 1 0 -1 -1 
2 5 0 0 3.14159 0 3 0.125 1 1 -0.0118005 0.00021493 -0.0461379 0.00021705 0 1 -1 -1 
2 5 0 0 3.14159 0 3 0.125 2 2 -nan -nan -nan -nan 1 0 -1 -1 
2 5 0 0 3.14159 0 3.25 0.125 1 1 -0.00997796 0.000225135 -0.0489216 0.000226738 0 1 -1 -1 
2 5 0 0 3.14159 0 3.25 0.125 2 2 -nan -nan -nan -nan 1 0 -1 -1 
2 5 0 0 3.14159 0 3.5 0.125 1 1 -0.00784446 0.000234141 -0.0516388 0.000236672 0 1 -1 -1 
2 5 0 0 3.14159 0 3.5 0.125 2 2 -nan -nan -nan -nan 1 0 -1 -1 
2 5 0 0 3.14159 0 3.75 0.125 1 1 -0.0060563 0.000242057 -0.053929 0.000245612 0 1 -1 -1 
2 5 0 0 3.14159 0 3.75 0.125 2 2 -nan -nan -nan -nan 1 0 -1 -1 
2 5 0 0 3.14159 0 4 0.125 1 1 -0.00297209 0.000250159 -0.0563028 0.000254069 0 1 -1 -1 
2 5 0 0 3.14159 0 4 0.125 2 2 -nan -nan -nan -nan 1 0 -1 -1 
3 5 0 0 3.14159 0 -4 0.125 2 2 -nan -nan -nan -nan 0 0 0 -1 
3 5 0 0 3.14159 0 -4 0.125 1 1 0.00717961 0.000263589 0.00941819 0.000259812 1 1 1 -1 
3 5 0 0 3.14159 0 -3.75 0.125 2 2 -nan -nan -nan -nan 0 0 0 -1 
3 5 0 0 3.14159 0 -3.75 0.125 1 1 0.00590308 0.000232521 0.0093789 0.000249454 1 1 1 -1 
3 5 0 0 3.14159 0 -3.5 0.125 2 2 -nan -nan -nan -nan 0 0 0 -1 
3 5 0 0 3.14159 0 -3.5 0.125 1 1 0.00585159 0.000239896 0.0101506 0.000236448 1 1 1 -1 
3 5 0 0 3.14159 0 -3.25 0.125 2 2 -nan -nan -nan -nan 0 0 0 -1 
3 5 0 0 3.14159 0 -3.25 0.125 1 1 0.00476181 0.000219428 0.00984939 0.000220554 1 1 1 -1 
3 5 0 0 3.14159 0 -3 0.125 2 2 -nan -nan -nan -nan 0 0 0 -1 
3 5 0 0 3.14159 0 -3 0.125 1 1 0.00430048 0.000212689 0.0103341 0.000210511 1 1 1 -1 
3 5 0 0 3.14159 0 -2.75 0.125 2 2 -nan -nan -nan -nan 0 0 0 -1 
3 5 0 0 3.14159 0 -2.75 0.125 1 1 0.00300896 0.000191255 0.0106472 0.000194937 1 1 1 -1 
3 5 0 0 3.14159 0 -2.5 0.125 2 2 -nan -nan -nan -nan 0 0 0 -1 
3 5 0 0 3.14159 0 -2.5 0.125 1 1 0.00271515 0.000180371 0.0104634 0.000182229 1 1 1 -1 
3 5 0 0 3.14159 0 -2.25 0.125 2 2 -nan -nan -nan -nan 0 0 0 -1 
3 5 0 0 3.14159 0 -2.25 0.125 1 1 0.00234042 0.000167695 0.0104262 0.000164792 1 1 1 -1 
3 5 0 0 3.14159 0 -2 0.125 2 2 -nan -nan -nan -nan 0 0 0 -1 
3 5 0 0 3.14159 0 -2 0.125 1 1 0.00119561 0.000144499 0.0102529 0.000150535 1 1 1 -1 
3 5 0 0 3.14159 0 -1.75 0.125 2 2 -nan -nan -nan -nan 0 0 0 -1 
3 5 0 0 3.14159 0 -1.75 0.125 1 1 0.00109421 0.000139618 0.00975694 0.000136314 1 1 1 -1 
3 5 0 0 3.14159 0 -1.5 0.125 2 2 -nan -nan -nan -nan 0 0 0 -1 
3 5 0 0 3.14159 0 -1.5 0.125 1 1 0.000583625 0.000119021 0.00952434 0.000115589 1 1 1 -1 
3 5 0 0 3.14159 0 -1.25 0.125 2 2 -nan -nan -nan -nan 0 0 0 -1 
3 5 0 0 3.14159 0 -1.25 0.125 1 1 0.000221167 0.000101513 0.00924874 0.000102877 1 1 1 -1 
3 5 0 0 3.14159 0 -1 0.125 2 2 -nan -nan -nan -nan 0 0 0 -1 
3 5 0 0 3.14159 0 -1 0.125 1 1 -0.000187761 8.13824e-05 0.00853509 8.06719e-05 1 1 1 -1 
3 5 0 0 3.14159 0 -0.75 0.125 2 2 -nan -nan -nan -nan 0 0 0 -1 
3 5 0 0 3.14159 0 -0.75 0.125 1 1 -0.00032071 6.24301e-05 0.00809351 6.20353e-05 1 1 1 -1 
3 5 0 0 3.14159 0 -0.5 0.125 2 2 -nan -nan -nan -nan 0 0 0 -1 
3 5 0 0 3.14159 0 -0.5 0.125 1 1 2.23311e-06 4.77909e-05 0.00771014 4.81168e-05 1 1 1 -1 
3 5 0 0 3.14159 0 -0.25 0.125 2 2 -nan -nan -nan -nan 0 0 0 -1 
3 5 0 0 3.14159 0 -0.25 0.125 1 1 0.000437154 4.05324e-05 0.00785939 4.0956e-05 1 1 1 -1 
3 5 0 0 3.14159 0 0 0.125 2 2 -nan -nan -nan -nan 0 0 0 -1 
3 5 0 0 3.14159 0 0 0.125 1 1 7.58551e-06 3.69396e-05 0.0085117 4.33199e-05 1 1 1 -1 
3 5 0 0 3.14159 0 0.25 0.125 2 2 -nan -nan -nan -nan 0 0 0 -1 
3 5 0 0 3.14159 0 0.25 0.125 1 1 -0.000471089 4.04919e-05 0.00783883 4.10378e-05 1 1 1 -1 
3 5 0 0 3.14159 0 0.5 0.125 2 2 -nan -nan -nan -nan 0 0 0 -1 
3 5 0 0 3.14159 0 0.5 0.125 1 1 5.16679e-06 5.02804e-05 0.00766288 4.78878e-05 1 1 1 -1 
3 5 0 0 3.14159 0 0.75 0.125 2 2 -nan -nan -nan -nan 0 0 0 -1 
3 5 0 0 3.14159 0 0.75 0.125 1 1 0.000354578 6.21176e-05 0.00800323 6.23433e-05 1 1 1 -1 
3 5 0 0 3.14159 0 1 0.125 2 2 -nan -nan -nan -nan 0 0 0 -1 
3 5 0 0 3.14159 0 1 0.125 1 1 0.000187137 8.00096e-05 0.00862161 7.94828e-05 1 1 1 -1 
3 5 0 0 3.14159 0 1.25 0.125 2 2 -nan -nan -nan -nan 0 0 0 -1 
3 5 0 0 3.14159 0 1.25 0.125 1 1 0.000130674 9.7516e-05 0.0091577 9.80257e-05 1 1 1 -1 
3 5 0 0 3.14159 0 1.5 0.125 2 2 -nan -nan -nan -nan 0 0 0 -1 
3 5 0 0 3.14159 0 1.5 0.125 1 1 -0.000381156 0.000112817 0.00959213 0.000117502 1 1 1 -1 
3 5 0 0 3.14159 0 1.75 0.125 2 2 -nan -nan -nan -nan 0 0 0 -1 
3 5 0 0 3.14159 0 1.75 0.125 1 1 -0.00100778 0.000131922 0.00974569 0.000132941 1 1 1 -1 
3 5 0 0 3.14159 0 2 0.125 2 2 -nan -nan -nan -nan 0 0 0 -1 
3 5 0 0 3.14159 0 2 0.125 1 1 -0.00140974 0.000147002 0.00985526 0.000148572 1 1 1 -1 
3 5 0 0 3.14159 0 2.25 0.125 2 2 -nan -nan -nan -nan 0 0 0 -1 
3 5 0 0 3.14159 0 2.25 0.125 1 1 -0.00225882 0.000163894 0.0101358 0.000162351 1 1 1 -1 
3 5 0 0 3.14159 0 2.5 0.125 2 2 -nan -nan -nan -nan 0 0 0 -1 
3 5 0 0 3.14159 0 2.5 0.125 1 1 -0.00280774 0.000178885 0.0103775 0.000179284 1 1 1 -1 
3 5 0 0 3.14159 0 2.75 0.125 2 2 -nan -nan -nan -nan 0 0 0 -1 
3 5 0 0 3.14159 0 2.75 0.125 1 1 -0.00325441 0.000195032 0.0103286 0.00019352 1 1 1 -1 
3 5 0 0 3.14159 0 3 0.125 2 2 -nan -nan -nan -nan 0 0 0 -1 
3 5 0 0 3.14159 0 3 0.125 1 1 -0.00433959 0.000204353 0.0103592 0.000205671 1 1 1 -1 
3 5 0 0 3.14159 0 3.25 0.125 2 2 -nan -nan -nan -nan 0 0 0 -1 
3 5 0 0 3.14159 0 3.25 0.125 1 1 -0.00465537 0.000219801 0.0101693 0.000224233 1 1 1 -1 
3 5 0 0 3.14159 0 3.5 0.125 2 2 -nan -nan -nan -nan 0 0 0 -1 
3 5 0 0 3.14159 0 3.5 0.125 1 1 -0.0053035 0.000231465 0.00978627 0.000236413 1 1 1 -1 
3 5 0 0 3.14159 0 3.75 0.125 2 2 -nan -nan -nan -nan 0 0 0 -1 
3 5 0 0 3.14159 0 3.75 0.125 1 1 -0.00635522 0.000241724 0.00970063 0.000246958 1 1 1 -1 
3 5 0 0 3.14159 0 4 0.125 2 2 -nan -nan -nan -nan 0 0 0 -1 
3 5 0 0 3.14159 0 4 0.125 1 1 -0.00658284 0.000248793 0.00948995 0.000256536 1 1 1 -1 
3 5 0 0 3.14159 0 -4 0.125 2 2 -nan -nan -nan -nan 0 0 1 -1 
3 5 0 0 3.14159 0 -4 0.125 1 1 -0.00724677 0.000261487 -0.00951173 0.000258635 1 1 0 -1 
3 5 0 0 3.14159 0 -3.75 0.125 2 2 -nan -nan -nan -nan 0 0 1 -1 
3 5 0 0 3.14159 0 -3.75 0.125 1 1 -0.00598637 0.000241601 -0.00926706 0.000249689 1 1 0 -1 
3 5 0 0 3.14159 0 -3.5 0.125 2 2 -nan -nan -nan -nan 0 0 1 -1 
3 5 0 0 3.14159 0 -3.5 0.125 1 1 -0.00542701 0.000230454 -0.0102578 0.000236484 1 1 0 -1 
3 5 0 0 3.14159 0 -3.25 0.125 2 2 -nan -nan -nan -nan 0 0 1 -1 
3 5 0 0 3.14159 0 -3.25 0.125 1 1 -0.00496349 0.0002218 -0.0102083 0.000221509 1 1 0 -1 
3 5 0 0 3.14159 0 -3 0.125 2 2 -nan -nan -nan -nan 0 0 1 -1 
3 5 0 0 3.14159 0 -3 0.125 1 1 -0.00417142 0.000212376 -0.0102283 0.000212566 1 1 0 -1 
3 5 0 0 3.14159 0 -2.75 0.125 2 2 -nan -nan -nan -nan 0 0 1 -1 
3 5 0 0 3.14159 0 -2.75 0.125 1 1 -0.00336691 0.000186417 -0.0104072 0.000196659 1 1 0 -1 
3 5 0 0 3.14159 0 -2.5 0.125 2 2 -nan -nan -nan -nan 0 0 1 -1 
3 5 0 0 3.14159 0 -2.5 0.125 1 1 -0.00290039 0.000180535 -0.010206 0.00018085 1 1 0 -1 
3 5 0 0 3.14159 0 -2.25 0.125 2 2 -nan -nan -nan -nan 0 0 1 -1 
3 5 0 0 3.14159 0 -2.25 0.125 1 1 -0.00216411 0.000165456 -0.00992879 0.000162751 1 1 0 -1 
3 5 0 0 3.14159 0 -2 0.125 2 2 -nan -nan -nan -nan 0 0 1 -1 
3 5 0 0 3.14159 0 -2 0.125 1 1 -0.00167678 0.000150791 -0.0100664 0.000152981 1 1 0 -1 
3 5 0 0 3.14159 0 -1.75 0.125 2 2 -nan -nan -nan -nan 0 0 1 -1 
3 5 0 0 3.14159 0 -1.75 0.125 1 1 -0.001047 0.000133544 -0.00978035 0.000136572 1 1 0 -1 
3 5 0 0 3.14159 0 -1.5 0.125 2 2 -nan -nan -nan -nan 0 0 1 -1 
3 5 0 0 3.14159 0 -1.5 0.125 1 1 -0.000338773 0.000115254 -0.00958103 0.000118295 1 1 0 -1 
3 5 0 0 3.14159 0 -1.25 0.125 2 2 -nan -nan -nan -nan 0 0 1 -1 
3 5 0 0 3.14159 0 -1.25 0.125 1 1 -3.90397e-06 9.87101e-05 -0.00929648 9.89203e-05 1 1 0 -1 
3 5 0 0 3.14159 0 -1 0.125 2 2 -nan -nan -nan -nan 0 0 1 -1 
3 5 0 0 3.14159 0 -1 0.125 1 1 0.000206251 7.97415e-05 -0.00882978 8.23026e-05 1 1 0 -1 
3 5 0 0 3.14159 0 -0.75 0.125 2 2 -nan -nan -nan -nan 0 0 1 -1 
3 5 0 0 3.14159 0 -0.75 0.125 1 1 0.000317696 6.23951e-05 -0.00819865 6.33179e-05 1 1 0 -1 
3 5 0 0 3.14159 0 -0.5 0.125 2 2 -nan -nan -nan -nan 0 0 1 -1 
3 5 0 0 3.14159 0 -0.5 0.125 1 1 -7.00174e-06 4.9159e-05 -0.00773484 4.82537e-05 1 1 0 -1 
3 5 0 0 3.14159 0 -0.25 0.125 2 2 -nan -nan -nan -nan 0 0 1 -1 
3 5 0 0 3.14159 0 -0.25 0.125 1 1 -0.000467989 4.09428e-05 -0.00789059 4.0987e-05 1 1 0 -1 
3 5 0 0 3.14159 0 0 0.125 2 2 -nan -nan -nan -nan 0 0 1 -1 
3 5 0 0 3.14159 0 0 0.125 1 1 -3.38044e-05 3.66102e-05 -0.00842444 4.28996e-05 1 1 0 -1 
3 5 0 0 3.14159 0 0.25 0.125 2 2 -nan -nan -nan -nan 0 0 1 -1 
3 5 0 0 3.14159 0 0.25 0.125 1 1 0.000459778 4.05621e-05 -0.00789885 4.15072e-05 1 1 0 -1 
3 5 0 0 3.14159 0 0.5 0.125 2 2 -nan -nan -nan -nan 0 0 1 -1 
3 5 0 0 3.14159 0 0.5 0.125 1 1 -0.00011584 4.8397e-05 -0.0077363 4.78231e-05 1 1 0 -1 
3 5 0 0 3.14159 0 0.75 0.125 2 2 -nan -nan -nan -nan 0 0 1 -1 
3 5 0 0 3.14159 0 0.75 0.125 1 1 -0.000313218 6.23542e-05 -0.00804221 6.22846e-05 1 1 0 -1 
3 5 0 0 3.14159 0 1 0.125 2 2 -nan -nan -nan -nan 0 0 1 -1 
3 5 0 0 3.14159 0 1 0.125 1 1 -0.000251393 8.05518e-05 -0.00862766 8.19024e-05 1 1 0 -1 
3 5 0 0 3.14159 0 1.25 0.125 2 2 -nan -nan -nan -nan 0 0 1 -1 
3 5 0 0 3.14159 0 1.25 0.125 1 1 -5.14733e-05 9.79417e-05 -0.00908824 9.7638e-05 1 1 0 -1 
3 5 0 0 3.14159 0 1.5 0.125 2 2 -nan -nan -nan -nan 0 0 1 -1 
3 5 0 0 3.14159 0 1.5 0.125 1 1 0.000514181 0.000116345 -0.00944176 0.000116031 1 1 0 -1 
3 5 0 0 3.14159 0 1.75 0.125 2 2 -nan -nan -nan -nan 0 0 1 -1 
3 5 0 0 3.14159 0 1.75 0.125 1 1 0.000975085 0.000135298 -0.00986158 0.000131375 1 1 0 -1 
3 5 0 0 3.14159 0 2 0.125 2 2 -nan -nan -nan -nan 0 0 1 -1 
3 5 0 0 3.14159 0 2 0.125 1 1 0.00154534 0.000149644 -0.0101939 0.000151144 1 1 0 -1 
3 5 0 0 3.14159 0 2.25 0.125 2 2 -nan -nan -nan -nan 0 0 1 -1 
3 5 0 0 3.14159 0 2.25 0.125 1 1 0.00202966 0.000161027 -0.00994623 0.00016622 1 1 0 -1 
3 5 0 0 3.14159 0 2.5 0.125 2 2 -nan -nan -nan -nan 0 0 1 -1 
3 5 0 0 3.14159 0 2.5 0.125 1 1 0.0030277 0.000181579 -0.0102387 0.000182484 1 1 0 -1 
3 5 0 0 3.14159 0 2.75 0.125 2 2 -nan -nan -nan -nan 0 0 1 -1 
3 5 0 0 3.14159 0 2.75 0.125 1 1 0.00311164 0.000188502 -0.0105391 0.000190186 1 1 0 -1 
3 5 0 0 3.14159 0 3 0.125 2 2 -nan -nan -nan -nan 0 0 1 -1 
3 5 0 0 3.14159 0 3 0.125 1 1 0.00413601 0.000205377 -0.0106077 0.000208592 1 1 0 -1 
3 5 0 0 3.14159 0 3.25 0.125 2 2 -nan -nan -nan -nan 0 0 1 -1 
3 5 0 0 3.14159 0 3.25 0.125 1 1 0.00447447 0.000216951 -0.0100976 0.000219876 1 1 0 -1 
3 5 0 0 3.14159 0 3.5 0.125 2 2 -nan -nan -nan -nan 0 0 1 -1 
3 5 0 0 3.14159 0 3.5 0.125 1 1 0.00555831 0.000236198 -0.00998986 0.000230747 1 1 0 -1 
3 5 0 0 3.14159 0 3.75 0.125 2 2 -nan -nan -nan -nan 0 0 1 -1 
3 5 0 0 3.14159 0 3.75 0.125 1 1 0.00599007 0.000240952 -0.00935561 0.000242583 1 1 0 -1 
3 5 0 0 3.14159 0 4 0.125 2 2 -nan -nan -nan -nan 0 0 1 -1 
3 5 0 0 3.14159 0 4 0.125 1 1 0.00728079 0.000259875 -0.0092022 0.000258558 1 1 0 -1 
