4 0 0 0.0000000 0.0000000 0 0.7853980 1 1 -0.2222153 0.0124897 -0.3029014 0.0079510
4 0 0 0.7853980 0.0000000 0 0.7853980 1 1 -0.2126555 0.0128217 -0.3245722 0.0084790
4 0 0 1.5708000 0.0000000 0 0.7853980 1 1 -0.1813397 0.0137027 -0.3919700 0.0102160
4 0 0 2.3561900 0.0000000 0 0.7853980 1 1 -0.0911257 0.0144940 -0.5086399 0.0134254
4 0 0 3.1415900 0.0000000 0 0.7853980 1 1 0.0029853 0.0143399 -0.5786436 0.0157483
4 0 0 3.1415900 0.7853980 0 0.7853980 1 1 0.0837540 0.0144912 -0.5134326 0.0134127
4 0 0 3.1415900 1.5708000 0 0.7853980 1 1 0.1755397 0.0137000 -0.3980043 0.0102114
4 0 0 3.1415900 2.3561900 0 0.7853980 1 1 0.2191351 0.0128213 -0.3225960 0.0084935
4 0 0 3.1415900 3.1415900 0 0.7853980 1 1 0.2207438 0.0124836 -0.3008019 0.0079685
4 0 0 2.3561900 2.3561900 0 0.7853980 1 1 0.1995554 0.0131209 -0.3465951 0.0091113
4 0 0 1.5708000 1.5708000 0 0.7853980 1 1 0.0005300 0.0138331 -0.4568400 0.0125233
4 0 0 0.7853980 0.7853980 0 0.7853980 1 1 -0.1993602 0.0131253 -0.3416868 0.0091031
4 0 0 0.0000000 0.0000000 0 0.7853980 1 1 -0.2222153 0.0124897 -0.3029014 0.0079510
