#Ord Beta Mu H Kx Ky Rfq Imfq in out Re Re_err Imag Imag_err U1 U2 U3 U4 
2 4 0 0 0 0 0 0.785398 1 1 -0.00732139 8.77942e-06 -0.0180932 2.89131e-06 0 1 -1 -1 0 120441600
2 4 0 0 0 0 0 0.785398 2 2 -nan -nan -nan -nan 1 0 -1 -1 0 0
2 4 0 0 0.785398 0 0 0.785398 1 1 -0.00669792 8.83106e-06 -0.0186902 3.00287e-06 0 1 -1 -1 0 120441600
2 4 0 0 0.785398 0 0 0.785398 2 2 -nan -nan -nan -nan 1 0 -1 -1 0 0
2 4 0 0 1.5708 0 0 0.785398 1 1 -0.0048166 8.95971e-06 -0.0204877 3.35158e-06 0 1 -1 -1 0 120441600
2 4 0 0 1.5708 0 0 0.785398 2 2 -nan -nan -nan -nan 1 0 -1 -1 0 0
2 4 0 0 2.35619 0 0 0.785398 1 1 -0.0018224 9.07382e-06 -0.0232022 3.9626e-06 0 1 -1 -1 0 120441600
2 4 0 0 2.35619 0 0 0.785398 2 2 -nan -nan -nan -nan 1 0 -1 -1 0 0
2 4 0 0 3.14159 0 0 0.785398 1 1 -8.43631e-06 9.06979e-06 -0.024856 4.45712e-06 0 1 -1 -1 0 120441600
2 4 0 0 3.14159 0 0 0.785398 2 2 -nan -nan -nan -nan 1 0 -1 -1 0 0
2 4 0 0 3.14159 0.785398 0 0.785398 1 1 0.00184954 9.07278e-06 -0.0232007 3.96313e-06 0 1 -1 -1 0 120441600
2 4 0 0 3.14159 0.785398 0 0.785398 2 2 -nan -nan -nan -nan 1 0 -1 -1 0 0
2 4 0 0 3.14159 1.5708 0 0.785398 1 1 0.00480759 8.96121e-06 -0.0204842 3.35007e-06 0 1 -1 -1 0 120441600
2 4 0 0 3.14159 1.5708 0 0.785398 2 2 -nan -nan -nan -nan 1 0 -1 -1 0 0
2 4 0 0 3.14159 2.35619 0 0.785398 1 1 0.00668784 8.8308e-06 -0.0186874 3.00221e-06 0 1 -1 -1 0 120441600
2 4 0 0 3.14159 2.35619 0 0.785398 2 2 -nan -nan -nan -nan 1 0 -1 -1 0 0
2 4 0 0 3.14159 3.14159 0 0.785398 1 1 0.00730918 8.77927e-06 -0.0180944 2.89093e-06 0 1 -1 -1 0 120441600
2 4 0 0 3.14159 3.14159 0 0.785398 2 2 -nan -nan -nan -nan 1 0 -1 -1 0 0
2 4 0 0 2.35619 2.35619 0 0.785398 1 1 0.00599036 8.8719e-06 -0.0192793 3.1298e-06 0 1 -1 -1 0 120441600
2 4 0 0 2.35619 2.35619 0 0.785398 2 2 -nan -nan -nan -nan 1 0 -1 -1 0 0
2 4 0 0 1.5708 1.5708 0 0.785398 1 1 1.69515e-05 8.94887e-06 -0.0214964 3.77237e-06 0 1 -1 -1 0 120441600
2 4 0 0 1.5708 1.5708 0 0.785398 2 2 -nan -nan -nan -nan 1 0 -1 -1 0 0
2 4 0 0 0.785398 0.785398 0 0.785398 1 1 -0.00596791 8.87287e-06 -0.0192911 3.13107e-06 0 1 -1 -1 0 120441600
2 4 0 0 0.785398 0.785398 0 0.785398 2 2 -nan -nan -nan -nan 1 0 -1 -1 0 0
3 4 0 0 0 0 0 0.785398 2 2 -nan -nan -nan -nan 0 0 0 -1 1 0
3 4 0 0 0 0 0 0.785398 1 1 0.00194964 1.5392e-06 0.00501641 1.07197e-06 1 1 1 -1 1 120441600
3 4 0 0 0.785398 0 0 0.785398 2 2 -nan -nan -nan -nan 0 0 0 -1 1 0
3 4 0 0 0.785398 0 0 0.785398 1 1 0.00185536 1.57072e-06 0.00528672 1.1401e-06 1 1 1 -1 1 120441600
3 4 0 0 1.5708 0 0 0.785398 2 2 -nan -nan -nan -nan 0 0 0 -1 1 0
3 4 0 0 1.5708 0 0 0.785398 1 1 0.00147298 1.65226e-06 0.00611938 1.36135e-06 1 1 1 -1 1 120441600
3 4 0 0 2.35619 0 0 0.785398 2 2 -nan -nan -nan -nan 0 0 0 -1 1 0
3 4 0 0 2.35619 0 0 0.785398 1 1 0.000640962 1.70977e-06 0.00741963 1.7677e-06 1 1 1 -1 1 120441600
3 4 0 0 3.14159 0 0 0.785398 2 2 -nan -nan -nan -nan 0 0 0 -1 1 0
3 4 0 0 3.14159 0 0 0.785398 1 1 -1.58974e-07 1.66898e-06 0.00820182 2.07766e-06 1 1 1 -1 1 120441600
3 4 0 0 3.14159 0.785398 0 0.785398 2 2 -nan -nan -nan -nan 0 0 0 -1 1 0
3 4 0 0 3.14159 0.785398 0 0.785398 1 1 -0.000642234 1.70923e-06 0.00741448 1.76682e-06 1 1 1 -1 1 120441600
3 4 0 0 3.14159 1.5708 0 0.785398 2 2 -nan -nan -nan -nan 0 0 0 -1 1 0
3 4 0 0 3.14159 1.5708 0 0.785398 1 1 -0.00147434 1.65198e-06 0.00611835 1.36138e-06 1 1 1 -1 1 120441600
3 4 0 0 3.14159 2.35619 0 0.785398 2 2 -nan -nan -nan -nan 0 0 0 -1 1 0
3 4 0 0 3.14159 2.35619 0 0.785398 1 1 -0.00185547 1.5704e-06 0.00528468 1.13928e-06 1 1 1 -1 1 120441600
3 4 0 0 3.14159 3.14159 0 0.785398 2 2 -nan -nan -nan -nan 0 0 0 -1 1 0
3 4 0 0 3.14159 3.14159 0 0.785398 1 1 -0.00194927 1.5394e-06 0.00501731 1.07265e-06 1 1 1 -1 1 120441600
3 4 0 0 2.35619 2.35619 0 0.785398 2 2 -nan -nan -nan -nan 0 0 0 -1 1 0
3 4 0 0 2.35619 2.35619 0 0.785398 1 1 -0.00171546 1.59938e-06 0.00556265 1.21889e-06 1 1 1 -1 1 120441600
3 4 0 0 1.5708 1.5708 0 0.785398 2 2 -nan -nan -nan -nan 0 0 0 -1 1 0
3 4 0 0 1.5708 1.5708 0 0.785398 1 1 1.88215e-06 1.65042e-06 0.00664964 1.65411e-06 1 1 1 -1 1 120441600
3 4 0 0 0.785398 0.785398 0 0.785398 2 2 -nan -nan -nan -nan 0 0 0 -1 1 0
3 4 0 0 0.785398 0.785398 0 0.785398 1 1 0.00171612 1.5994e-06 0.00556321 1.21947e-06 1 1 1 -1 1 120441600
3 4 0 0 0 0 0 0.785398 2 2 -nan -nan -nan -nan 0 0 1 -1 2 0
3 4 0 0 0 0 0 0.785398 1 1 -0.00194924 1.53943e-06 -0.00501706 1.07206e-06 1 1 0 -1 2 120441600
3 4 0 0 0.785398 0 0 0.785398 2 2 -nan -nan -nan -nan 0 0 1 -1 2 0
3 4 0 0 0.785398 0 0 0.785398 1 1 -0.00185988 1.57022e-06 -0.00528461 1.13929e-06 1 1 0 -1 2 120441600
3 4 0 0 1.5708 0 0 0.785398 2 2 -nan -nan -nan -nan 0 0 1 -1 2 0
3 4 0 0 1.5708 0 0 0.785398 1 1 -0.00147487 1.65215e-06 -0.00611834 1.36078e-06 1 1 0 -1 2 120441600
3 4 0 0 2.35619 0 0 0.785398 2 2 -nan -nan -nan -nan 0 0 1 -1 2 0
3 4 0 0 2.35619 0 0 0.785398 1 1 -0.000640806 1.70889e-06 -0.00741618 1.76783e-06 1 1 0 -1 2 120441600
3 4 0 0 3.14159 0 0 0.785398 2 2 -nan -nan -nan -nan 0 0 1 -1 2 0
3 4 0 0 3.14159 0 0 0.785398 1 1 6.49411e-07 1.66895e-06 -0.0082053 2.07842e-06 1 1 0 -1 2 120441600
3 4 0 0 3.14159 0.785398 0 0.785398 2 2 -nan -nan -nan -nan 0 0 1 -1 2 0
3 4 0 0 3.14159 0.785398 0 0.785398 1 1 0.000641361 1.70925e-06 -0.00741702 1.76771e-06 1 1 0 -1 2 120441600
3 4 0 0 3.14159 1.5708 0 0.785398 2 2 -nan -nan -nan -nan 0 0 1 -1 2 0
3 4 0 0 3.14159 1.5708 0 0.785398 1 1 0.0014744 1.65234e-06 -0.00611724 1.36014e-06 1 1 0 -1 2 120441600
3 4 0 0 3.14159 2.35619 0 0.785398 2 2 -nan -nan -nan -nan 0 0 1 -1 2 0
3 4 0 0 3.14159 2.35619 0 0.785398 1 1 0.0018575 1.57049e-06 -0.00528645 1.14019e-06 1 1 0 -1 2 120441600
3 4 0 0 3.14159 3.14159 0 0.785398 2 2 -nan -nan -nan -nan 0 0 1 -1 2 0
3 4 0 0 3.14159 3.14159 0 0.785398 1 1 0.00194904 1.53925e-06 -0.00501544 1.07127e-06 1 1 0 -1 2 120441600
3 4 0 0 2.35619 2.35619 0 0.785398 2 2 -nan -nan -nan -nan 0 0 1 -1 2 0
3 4 0 0 2.35619 2.35619 0 0.785398 1 1 0.00171495 1.59925e-06 -0.00556379 1.21987e-06 1 1 0 -1 2 120441600
3 4 0 0 1.5708 1.5708 0 0.785398 2 2 -nan -nan -nan -nan 0 0 1 -1 2 0
3 4 0 0 1.5708 1.5708 0 0.785398 1 1 5.17866e-06 1.65071e-06 -0.0066505 1.65382e-06 1 1 0 -1 2 120441600
3 4 0 0 0.785398 0.785398 0 0.785398 2 2 -nan -nan -nan -nan 0 0 1 -1 2 0
3 4 0 0 0.785398 0.785398 0 0.785398 1 1 -0.00171592 1.59949e-06 -0.00556352 1.21945e-06 1 1 0 -1 2 120441600
4 4 0 0 0 0 0 0.785398 2 2 -nan -nan -nan -nan 0 0 0 0 3 0
4 4 0 0 0 0 0 0.785398 1 1 0.000115189 2.92253e-07 0.000348071 1.86155e-07 1 1 1 1 3 120441600
4 4 0 0 0.785398 0 0 0.785398 2 2 -nan -nan -nan -nan 0 0 0 0 3 0
4 4 0 0 0.785398 0 0 0.785398 1 1 0.000114206 2.98979e-07 0.000372283 1.97227e-07 1 1 1 1 3 120441600
4 4 0 0 1.5708 0 0 0.785398 2 2 -nan -nan -nan -nan 0 0 0 0 3 0
4 4 0 0 1.5708 0 0 0.785398 1 1 0.000101366 3.16249e-07 0.000449127 2.32774e-07 1 1 1 1 3 120441600
4 4 0 0 2.35619 0 0 0.785398 2 2 -nan -nan -nan -nan 0 0 0 0 3 0
4 4 0 0 2.35619 0 0 0.785398 1 1 4.90905e-05 3.26833e-07 0.000570385 2.93899e-07 1 1 1 1 3 120441600
4 4 0 0 3.14159 0 0 0.785398 2 2 -nan -nan -nan -nan 0 0 0 0 3 0
4 4 0 0 3.14159 0 0 0.785398 1 1 4.86383e-08 3.17082e-07 0.000645685 3.39826e-07 1 1 1 1 3 120441600
4 4 0 0 3.14159 0.785398 0 0.785398 2 2 -nan -nan -nan -nan 0 0 0 0 3 0
4 4 0 0 3.14159 0.785398 0 0.785398 1 1 -4.96633e-05 3.27097e-07 0.00057069 2.93914e-07 1 1 1 1 3 120441600
4 4 0 0 3.14159 1.5708 0 0.785398 2 2 -nan -nan -nan -nan 0 0 0 0 3 0
4 4 0 0 3.14159 1.5708 0 0.785398 1 1 -0.000100778 3.16321e-07 0.000448867 2.3257e-07 1 1 1 1 3 120441600
4 4 0 0 3.14159 2.35619 0 0.785398 2 2 -nan -nan -nan -nan 0 0 0 0 3 0
4 4 0 0 3.14159 2.35619 0 0.785398 1 1 -0.000113864 2.99166e-07 0.00037226 1.97284e-07 1 1 1 1 3 120441600
4 4 0 0 3.14159 3.14159 0 0.785398 2 2 -nan -nan -nan -nan 0 0 0 0 3 0
4 4 0 0 3.14159 3.14159 0 0.785398 1 1 -0.000115938 2.91975e-07 0.000347655 1.85985e-07 1 1 1 1 3 120441600
4 4 0 0 2.35619 2.35619 0 0.785398 2 2 -nan -nan -nan -nan 0 0 0 0 3 0
4 4 0 0 2.35619 2.35619 0 0.785398 1 1 -0.000110131 3.05458e-07 0.000398176 2.10168e-07 1 1 1 1 3 120441600
4 4 0 0 1.5708 1.5708 0 0.785398 2 2 -nan -nan -nan -nan 0 0 0 0 3 0
4 4 0 0 1.5708 1.5708 0 0.785398 1 1 1.68773e-07 3.1134e-07 0.000502154 2.73748e-07 1 1 1 1 3 120441600
4 4 0 0 0.785398 0.785398 0 0.785398 2 2 -nan -nan -nan -nan 0 0 0 0 3 0
4 4 0 0 0.785398 0.785398 0 0.785398 1 1 0.000110137 3.05127e-07 0.000397905 2.09954e-07 1 1 1 1 3 120441600
4 4 0 0 0 0 0 0.785398 2 2 -nan -nan -nan -nan 0 0 0 0 4 0
4 4 0 0 0 0 0 0.785398 1 1 0.000115521 2.9239e-07 0.000347987 1.86135e-07 1 1 1 1 4 120441600
4 4 0 0 0.785398 0 0 0.785398 2 2 -nan -nan -nan -nan 0 0 0 0 4 0
4 4 0 0 0.785398 0 0 0.785398 1 1 0.000114696 2.98951e-07 0.000372094 1.97202e-07 1 1 1 1 4 120441600
4 4 0 0 1.5708 0 0 0.785398 2 2 -nan -nan -nan -nan 0 0 0 0 4 0
4 4 0 0 1.5708 0 0 0.785398 1 1 0.000100825 3.16465e-07 0.000448687 2.32585e-07 1 1 1 1 4 120441600
4 4 0 0 2.35619 0 0 0.785398 2 2 -nan -nan -nan -nan 0 0 0 0 4 0
4 4 0 0 2.35619 0 0 0.785398 1 1 4.94401e-05 3.27092e-07 0.000570744 2.93874e-07 1 1 1 1 4 120441600
4 4 0 0 3.14159 0 0 0.785398 2 2 -nan -nan -nan -nan 0 0 0 0 4 0
4 4 0 0 3.14159 0 0 0.785398 1 1 -3.19393e-07 3.16994e-07 0.000645724 3.39667e-07 1 1 1 1 4 120441600
4 4 0 0 3.14159 0.785398 0 0.785398 2 2 -nan -nan -nan -nan 0 0 0 0 4 0
4 4 0 0 3.14159 0.785398 0 0.785398 1 1 -4.93809e-05 3.27153e-07 0.000570732 2.94002e-07 1 1 1 1 4 120441600
4 4 0 0 3.14159 1.5708 0 0.785398 2 2 -nan -nan -nan -nan 0 0 0 0 4 0
4 4 0 0 3.14159 1.5708 0 0.785398 1 1 -0.000100439 3.16419e-07 0.000449202 2.32781e-07 1 1 1 1 4 120441600
4 4 0 0 3.14159 2.35619 0 0.785398 2 2 -nan -nan -nan -nan 0 0 0 0 4 0
4 4 0 0 3.14159 2.35619 0 0.785398 1 1 -0.000114572 2.99159e-07 0.000372553 1.97376e-07 1 1 1 1 4 120441600
4 4 0 0 3.14159 3.14159 0 0.785398 2 2 -nan -nan -nan -nan 0 0 0 0 4 0
4 4 0 0 3.14159 3.14159 0 0.785398 1 1 -0.000115695 2.92395e-07 0.000347887 1.85957e-07 1 1 1 1 4 120441600
4 4 0 0 2.35619 2.35619 0 0.785398 2 2 -nan -nan -nan -nan 0 0 0 0 4 0
4 4 0 0 2.35619 2.35619 0 0.785398 1 1 -0.000109943 3.05298e-07 0.000398335 2.10054e-07 1 1 1 1 4 120441600
4 4 0 0 1.5708 1.5708 0 0.785398 2 2 -nan -nan -nan -nan 0 0 0 0 4 0
4 4 0 0 1.5708 1.5708 0 0.785398 1 1 -3.80229e-08 3.11295e-07 0.000501545 2.73684e-07 1 1 1 1 4 120441600
4 4 0 0 0.785398 0.785398 0 0.785398 2 2 -nan -nan -nan -nan 0 0 0 0 4 0
4 4 0 0 0.785398 0.785398 0 0.785398 1 1 0.000110308 3.05069e-07 0.000398097 2.09991e-07 1 1 1 1 4 120441600
4 4 0 0 0 0 0 0.785398 2 2 -nan -nan -nan -nan 0 0 0 0 5 0
4 4 0 0 0 0 0 0.785398 1 1 0.000115438 2.9234e-07 0.000348031 1.86007e-07 1 1 1 1 5 120441600
4 4 0 0 0.785398 0 0 0.785398 2 2 -nan -nan -nan -nan 0 0 0 0 5 0
4 4 0 0 0.785398 0 0 0.785398 1 1 0.000114472 2.98964e-07 0.000371907 1.97205e-07 1 1 1 1 5 120441600
4 4 0 0 1.5708 0 0 0.785398 2 2 -nan -nan -nan -nan 0 0 0 0 5 0
4 4 0 0 1.5708 0 0 0.785398 1 1 0.000100665 3.16156e-07 0.000448774 2.32601e-07 1 1 1 1 5 120441600
4 4 0 0 2.35619 0 0 0.785398 2 2 -nan -nan -nan -nan 0 0 0 0 5 0
4 4 0 0 2.35619 0 0 0.785398 1 1 4.98993e-05 3.27012e-07 0.000570876 2.94107e-07 1 1 1 1 5 120441600
4 4 0 0 3.14159 0 0 0.785398 2 2 -nan -nan -nan -nan 0 0 0 0 5 0
4 4 0 0 3.14159 0 0 0.785398 1 1 -4.98451e-07 3.17128e-07 0.000646122 3.3986e-07 1 1 1 1 5 120441600
4 4 0 0 3.14159 0.785398 0 0.785398 2 2 -nan -nan -nan -nan 0 0 0 0 5 0
4 4 0 0 3.14159 0.785398 0 0.785398 1 1 -4.92675e-05 3.26997e-07 0.000570552 2.93902e-07 1 1 1 1 5 120441600
4 4 0 0 3.14159 1.5708 0 0.785398 2 2 -nan -nan -nan -nan 0 0 0 0 5 0
4 4 0 0 3.14159 1.5708 0 0.785398 1 1 -0.000100635 3.16075e-07 0.00044874 2.32509e-07 1 1 1 1 5 120441600
4 4 0 0 3.14159 2.35619 0 0.785398 2 2 -nan -nan -nan -nan 0 0 0 0 5 0
4 4 0 0 3.14159 2.35619 0 0.785398 1 1 -0.00011446 2.99135e-07 0.000372468 1.97404e-07 1 1 1 1 5 120441600
4 4 0 0 3.14159 3.14159 0 0.785398 2 2 -nan -nan -nan -nan 0 0 0 0 5 0
4 4 0 0 3.14159 3.14159 0 0.785398 1 1 -0.000115223 2.92392e-07 0.000348077 1.86208e-07 1 1 1 1 5 120441600
4 4 0 0 2.35619 2.35619 0 0.785398 2 2 -nan -nan -nan -nan 0 0 0 0 5 0
4 4 0 0 2.35619 2.35619 0 0.785398 1 1 -0.00010978 3.05365e-07 0.00039837 2.10181e-07 1 1 1 1 5 120441600
4 4 0 0 1.5708 1.5708 0 0.785398 2 2 -nan -nan -nan -nan 0 0 0 0 5 0
4 4 0 0 1.5708 1.5708 0 0.785398 1 1 1.78621e-07 3.11595e-07 0.000502015 2.73904e-07 1 1 1 1 5 120441600
4 4 0 0 0.785398 0.785398 0 0.785398 2 2 -nan -nan -nan -nan 0 0 0 0 5 0
4 4 0 0 0.785398 0.785398 0 0.785398 1 1 0.00011027 3.05114e-07 0.000398051 2.09949e-07 1 1 1 1 5 120441600
4 4 0 0 0 0 0 0.785398 2 2 -nan -nan -nan -nan 0 0 1 1 6 0
4 4 0 0 0 0 0 0.785398 1 1 0.000256333 2.833e-07 0.000716434 2.52473e-07 1 1 0 0 6 120441600
4 4 0 0 0.785398 0 0 0.785398 2 2 -nan -nan -nan -nan 0 0 1 1 6 0
4 4 0 0 0.785398 0 0 0.785398 1 1 0.000252715 2.94038e-07 0.000768026 2.71417e-07 1 1 0 0 6 120441600
4 4 0 0 1.5708 0 0 0.785398 2 2 -nan -nan -nan -nan 0 0 1 1 6 0
4 4 0 0 1.5708 0 0 0.785398 1 1 0.000219008 3.25379e-07 0.000933295 3.34069e-07 1 1 0 0 6 120441600
4 4 0 0 2.35619 0 0 0.785398 2 2 -nan -nan -nan -nan 0 0 1 1 6 0
4 4 0 0 2.35619 0 0 0.785398 1 1 0.000105134 3.59096e-07 0.00119723 4.48258e-07 1 1 0 0 6 120441600
4 4 0 0 3.14159 0 0 0.785398 2 2 -nan -nan -nan -nan 0 0 1 1 6 0
4 4 0 0 3.14159 0 0 0.785398 1 1 -7.48274e-08 3.60797e-07 0.00135892 5.34239e-07 1 1 0 0 6 120441600
4 4 0 0 3.14159 0.785398 0 0.785398 2 2 -nan -nan -nan -nan 0 0 1 1 6 0
4 4 0 0 3.14159 0.785398 0 0.785398 1 1 -0.000104735 3.5912e-07 0.00119676 4.48011e-07 1 1 0 0 6 120441600
4 4 0 0 3.14159 1.5708 0 0.785398 2 2 -nan -nan -nan -nan 0 0 1 1 6 0
4 4 0 0 3.14159 1.5708 0 0.785398 1 1 -0.000218823 3.25562e-07 0.000933452 3.34015e-07 1 1 0 0 6 120441600
4 4 0 0 3.14159 2.35619 0 0.785398 2 2 -nan -nan -nan -nan 0 0 1 1 6 0
4 4 0 0 3.14159 2.35619 0 0.785398 1 1 -0.000252401 2.9397e-07 0.000767926 2.71414e-07 1 1 0 0 6 120441600
4 4 0 0 3.14159 3.14159 0 0.785398 2 2 -nan -nan -nan -nan 0 0 1 1 6 0
4 4 0 0 3.14159 3.14159 0 0.785398 1 1 -0.000256983 2.83032e-07 0.000715622 2.52e-07 1 1 0 0 6 120441600
4 4 0 0 2.35619 2.35619 0 0.785398 2 2 -nan -nan -nan -nan 0 0 1 1 6 0
4 4 0 0 2.35619 2.35619 0 0.785398 1 1 -0.000241101 3.05055e-07 0.000822833 2.93336e-07 1 1 0 0 6 120441600
4 4 0 0 1.5708 1.5708 0 0.785398 2 2 -nan -nan -nan -nan 0 0 1 1 6 0
4 4 0 0 1.5708 1.5708 0 0.785398 1 1 -2.5413e-07 3.31703e-07 0.00104361 4.13434e-07 1 1 0 0 6 120441600
4 4 0 0 0.785398 0.785398 0 0.785398 2 2 -nan -nan -nan -nan 0 0 1 1 6 0
4 4 0 0 0.785398 0.785398 0 0.785398 1 1 0.00024184 3.05085e-07 0.000822751 2.93516e-07 1 1 0 0 6 120441600
4 4 0 0 0 0 0 0.785398 2 2 -nan -nan -nan -nan 0 0 0 0 7 0
4 4 0 0 0 0 0 0.785398 1 1 0.000257173 2.83075e-07 0.000715346 2.52155e-07 1 1 1 1 7 120441600
4 4 0 0 0.785398 0 0 0.785398 2 2 -nan -nan -nan -nan 0 0 0 0 7 0
4 4 0 0 0.785398 0 0 0.785398 1 1 0.000252735 2.94008e-07 0.000767897 2.71281e-07 1 1 1 1 7 120441600
4 4 0 0 1.5708 0 0 0.785398 2 2 -nan -nan -nan -nan 0 0 0 0 7 0
4 4 0 0 1.5708 0 0 0.785398 1 1 0.000218842 3.25633e-07 0.00093309 3.33966e-07 1 1 1 1 7 120441600
4 4 0 0 2.35619 0 0 0.785398 2 2 -nan -nan -nan -nan 0 0 0 0 7 0
4 4 0 0 2.35619 0 0 0.785398 1 1 0.000104837 3.59099e-07 0.00119634 4.47746e-07 1 1 1 1 7 120441600
4 4 0 0 3.14159 0 0 0.785398 2 2 -nan -nan -nan -nan 0 0 0 0 7 0
4 4 0 0 3.14159 0 0 0.785398 1 1 -4.92297e-07 3.60783e-07 0.00135828 5.33816e-07 1 1 1 1 7 120441600
4 4 0 0 3.14159 0.785398 0 0.785398 2 2 -nan -nan -nan -nan 0 0 0 0 7 0
4 4 0 0 3.14159 0.785398 0 0.785398 1 1 -0.00010562 3.59099e-07 0.00119732 4.47906e-07 1 1 1 1 7 120441600
4 4 0 0 3.14159 1.5708 0 0.785398 2 2 -nan -nan -nan -nan 0 0 0 0 7 0
4 4 0 0 3.14159 1.5708 0 0.785398 1 1 -0.000219414 3.25656e-07 0.000933902 3.34365e-07 1 1 1 1 7 120441600
4 4 0 0 3.14159 2.35619 0 0.785398 2 2 -nan -nan -nan -nan 0 0 0 0 7 0
4 4 0 0 3.14159 2.35619 0 0.785398 1 1 -0.000252694 2.9406e-07 0.000768236 2.71577e-07 1 1 1 1 7 120441600
4 4 0 0 3.14159 3.14159 0 0.785398 2 2 -nan -nan -nan -nan 0 0 0 0 7 0
4 4 0 0 3.14159 3.14159 0 0.785398 1 1 -0.000256381 2.83109e-07 0.00071562 2.52187e-07 1 1 1 1 7 120441600
4 4 0 0 2.35619 2.35619 0 0.785398 2 2 -nan -nan -nan -nan 0 0 0 0 7 0
4 4 0 0 2.35619 2.35619 0 0.785398 1 1 -0.000241191 3.05113e-07 0.000823434 2.94042e-07 1 1 1 1 7 120441600
4 4 0 0 1.5708 1.5708 0 0.785398 2 2 -nan -nan -nan -nan 0 0 0 0 7 0
4 4 0 0 1.5708 1.5708 0 0.785398 1 1 6.7593e-07 3.31737e-07 0.00104341 4.13089e-07 1 1 1 1 7 120441600
4 4 0 0 0.785398 0.785398 0 0.785398 2 2 -nan -nan -nan -nan 0 0 0 0 7 0
4 4 0 0 0.785398 0.785398 0 0.785398 1 1 0.000241679 3.05126e-07 0.000823114 2.93702e-07 1 1 1 1 7 120441600
4 4 0 0 0 0 0 0.785398 2 2 -nan -nan -nan -nan 0 0 1 0 8 0
4 4 0 0 0 0 0 0.785398 1 1 0.000256371 2.83051e-07 0.000715427 2.51915e-07 1 1 0 1 8 120441600
4 4 0 0 0.785398 0 0 0.785398 2 2 -nan -nan -nan -nan 0 0 1 0 8 0
4 4 0 0 0.785398 0 0 0.785398 1 1 0.000252761 2.94079e-07 0.000768459 2.71456e-07 1 1 0 1 8 120441600
4 4 0 0 1.5708 0 0 0.785398 2 2 -nan -nan -nan -nan 0 0 1 0 8 0
4 4 0 0 1.5708 0 0 0.785398 1 1 0.000218967 3.2563e-07 0.000933422 3.34184e-07 1 1 0 1 8 120441600
4 4 0 0 2.35619 0 0 0.785398 2 2 -nan -nan -nan -nan 0 0 1 0 8 0
4 4 0 0 2.35619 0 0 0.785398 1 1 0.000104557 3.58942e-07 0.00119699 4.47942e-07 1 1 0 1 8 120441600
4 4 0 0 3.14159 0 0 0.785398 2 2 -nan -nan -nan -nan 0 0 1 0 8 0
4 4 0 0 3.14159 0 0 0.785398 1 1 2.259e-07 3.60897e-07 0.0013583 5.33964e-07 1 1 0 1 8 120441600
4 4 0 0 3.14159 0.785398 0 0.785398 2 2 -nan -nan -nan -nan 0 0 1 0 8 0
4 4 0 0 3.14159 0.785398 0 0.785398 1 1 -0.000104415 3.59006e-07 0.00119673 4.48133e-07 1 1 0 1 8 120441600
4 4 0 0 3.14159 1.5708 0 0.785398 2 2 -nan -nan -nan -nan 0 0 1 0 8 0
4 4 0 0 3.14159 1.5708 0 0.785398 1 1 -0.000219001 3.25478e-07 0.000933512 3.33958e-07 1 1 0 1 8 120441600
4 4 0 0 3.14159 2.35619 0 0.785398 2 2 -nan -nan -nan -nan 0 0 1 0 8 0
4 4 0 0 3.14159 2.35619 0 0.785398 1 1 -0.000253204 2.94032e-07 0.000767792 2.71395e-07 1 1 0 1 8 120441600
4 4 0 0 3.14159 3.14159 0 0.785398 2 2 -nan -nan -nan -nan 0 0 1 0 8 0
4 4 0 0 3.14159 3.14159 0 0.785398 1 1 -0.000257163 2.82979e-07 0.000715384 2.5204e-07 1 1 0 1 8 120441600
4 4 0 0 2.35619 2.35619 0 0.785398 2 2 -nan -nan -nan -nan 0 0 1 0 8 0
4 4 0 0 2.35619 2.35619 0 0.785398 1 1 -0.000241535 3.04952e-07 0.00082288 2.93674e-07 1 1 0 1 8 120441600
4 4 0 0 1.5708 1.5708 0 0.785398 2 2 -nan -nan -nan -nan 0 0 1 0 8 0
4 4 0 0 1.5708 1.5708 0 0.785398 1 1 2.493e-07 3.31726e-07 0.00104325 4.13114e-07 1 1 0 1 8 120441600
4 4 0 0 0.785398 0.785398 0 0.785398 2 2 -nan -nan -nan -nan 0 0 1 0 8 0
4 4 0 0 0.785398 0.785398 0 0.785398 1 1 0.000242188 3.04985e-07 0.00082303 2.93537e-07 1 1 0 1 8 120441600
4 4 0 0 0 0 0 0.785398 1 1 -0.000580285 4.19078e-07 -0.00123724 3.63274e-07 0 1 0 1 9 120441600
4 4 0 0 0 0 0 0.785398 2 2 -nan -nan -nan -nan 1 0 1 0 9 0
4 4 0 0 0.785398 0 0 0.785398 1 1 -0.000576776 4.38055e-07 -0.00133781 3.94495e-07 0 1 0 1 9 120441600
4 4 0 0 0.785398 0 0 0.785398 2 2 -nan -nan -nan -nan 1 0 1 0 9 0
4 4 0 0 1.5708 0 0 0.785398 1 1 -0.00051549 4.91736e-07 -0.00167132 5.07896e-07 0 1 0 1 9 120441600
4 4 0 0 1.5708 0 0 0.785398 2 2 -nan -nan -nan -nan 1 0 1 0 9 0
4 4 0 0 2.35619 0 0 0.785398 1 1 -0.000257232 5.21279e-07 -0.00222544 7.35728e-07 0 1 0 1 9 120441600
4 4 0 0 2.35619 0 0 0.785398 2 2 -nan -nan -nan -nan 1 0 1 0 9 0
4 4 0 0 3.14159 0 0 0.785398 1 1 9.19342e-07 4.74063e-07 -0.00256515 9.06268e-07 0 1 0 1 9 120441600
4 4 0 0 3.14159 0 0 0.785398 2 2 -nan -nan -nan -nan 1 0 1 0 9 0
4 4 0 0 3.14159 0.785398 0 0.785398 1 1 0.000257765 5.21397e-07 -0.00222455 7.35604e-07 0 1 0 1 9 120441600
4 4 0 0 3.14159 0.785398 0 0.785398 2 2 -nan -nan -nan -nan 1 0 1 0 9 0
4 4 0 0 3.14159 1.5708 0 0.785398 1 1 0.000514495 4.91817e-07 -0.00167186 5.08047e-07 0 1 0 1 9 120441600
4 4 0 0 3.14159 1.5708 0 0.785398 2 2 -nan -nan -nan -nan 1 0 1 0 9 0
4 4 0 0 3.14159 2.35619 0 0.785398 1 1 0.000576817 4.38556e-07 -0.00133917 3.95237e-07 0 1 0 1 9 120441600
4 4 0 0 3.14159 2.35619 0 0.785398 2 2 -nan -nan -nan -nan 1 0 1 0 9 0
4 4 0 0 3.14159 3.14159 0 0.785398 1 1 0.000581956 4.19286e-07 -0.00123775 3.63372e-07 0 1 0 1 9 120441600
4 4 0 0 3.14159 3.14159 0 0.785398 2 2 -nan -nan -nan -nan 1 0 1 0 9 0
4 4 0 0 2.35619 2.35619 0 0.785398 1 1 0.000556929 4.58382e-07 -0.00144867 4.34875e-07 0 1 0 1 9 120441600
4 4 0 0 2.35619 2.35619 0 0.785398 2 2 -nan -nan -nan -nan 1 0 1 0 9 0
4 4 0 0 1.5708 1.5708 0 0.785398 1 1 -3.84346e-07 4.91347e-07 -0.00193318 6.90466e-07 0 1 0 1 9 120441600
4 4 0 0 1.5708 1.5708 0 0.785398 2 2 -nan -nan -nan -nan 1 0 1 0 9 0
4 4 0 0 0.785398 0.785398 0 0.785398 1 1 -0.000555652 4.58281e-07 -0.00144904 4.34554e-07 0 1 0 1 9 120441600
4 4 0 0 0.785398 0.785398 0 0.785398 2 2 -nan -nan -nan -nan 1 0 1 0 9 0
4 4 0 0 0 0 0 0.785398 2 2 -nan -nan -nan -nan 0 0 0 0 10 0
4 4 0 0 0 0 0 0.785398 1 1 -0.000581226 4.18957e-07 -0.00123681 3.6269e-07 1 1 1 1 10 120441600
4 4 0 0 0.785398 0 0 0.785398 2 2 -nan -nan -nan -nan 0 0 0 0 10 0
4 4 0 0 0.785398 0 0 0.785398 1 1 -0.000576775 4.38249e-07 -0.00133816 3.95278e-07 1 1 1 1 10 120441600
4 4 0 0 1.5708 0 0 0.785398 2 2 -nan -nan -nan -nan 0 0 0 0 10 0
4 4 0 0 1.5708 0 0 0.785398 1 1 -0.000514083 4.91553e-07 -0.0016704 5.07131e-07 1 1 1 1 10 120441600
4 4 0 0 2.35619 0 0 0.785398 2 2 -nan -nan -nan -nan 0 0 0 0 10 0
4 4 0 0 2.35619 0 0 0.785398 1 1 -0.000257197 5.21271e-07 -0.00222521 7.35549e-07 1 1 1 1 10 120441600
4 4 0 0 3.14159 0 0 0.785398 2 2 -nan -nan -nan -nan 0 0 0 0 10 0
4 4 0 0 3.14159 0 0 0.785398 1 1 3.077e-07 4.74214e-07 -0.00256554 9.06373e-07 1 1 1 1 10 120441600
4 4 0 0 3.14159 0.785398 0 0.785398 2 2 -nan -nan -nan -nan 0 0 0 0 10 0
4 4 0 0 3.14159 0.785398 0 0.785398 1 1 0.00025776 5.21258e-07 -0.00222449 7.34922e-07 1 1 1 1 10 120441600
4 4 0 0 3.14159 1.5708 0 0.785398 2 2 -nan -nan -nan -nan 0 0 0 0 10 0
4 4 0 0 3.14159 1.5708 0 0.785398 1 1 0.00051488 4.91582e-07 -0.0016706 5.0724e-07 1 1 1 1 10 120441600
4 4 0 0 3.14159 2.35619 0 0.785398 2 2 -nan -nan -nan -nan 0 0 0 0 10 0
4 4 0 0 3.14159 2.35619 0 0.785398 1 1 0.000576819 4.3871e-07 -0.00133937 3.95649e-07 1 1 1 1 10 120441600
4 4 0 0 3.14159 3.14159 0 0.785398 2 2 -nan -nan -nan -nan 0 0 0 0 10 0
4 4 0 0 3.14159 3.14159 0 0.785398 1 1 0.000581821 4.19113e-07 -0.00123675 3.6286e-07 1 1 1 1 10 120441600
4 4 0 0 2.35619 2.35619 0 0.785398 2 2 -nan -nan -nan -nan 0 0 0 0 10 0
4 4 0 0 2.35619 2.35619 0 0.785398 1 1 0.000557006 4.58147e-07 -0.00144853 4.34946e-07 1 1 1 1 10 120441600
4 4 0 0 1.5708 1.5708 0 0.785398 2 2 -nan -nan -nan -nan 0 0 0 0 10 0
4 4 0 0 1.5708 1.5708 0 0.785398 1 1 1.08576e-06 4.91142e-07 -0.00193145 6.89807e-07 1 1 1 1 10 120441600
4 4 0 0 0.785398 0.785398 0 0.785398 2 2 -nan -nan -nan -nan 0 0 0 0 10 0
4 4 0 0 0.785398 0.785398 0 0.785398 1 1 -0.000556191 4.58138e-07 -0.00144829 4.34968e-07 1 1 1 1 10 120441600
4 4 0 0 0 0 0 0.785398 1 1 -0.000580521 4.19427e-07 -0.00123788 3.63557e-07 0 0 0 0 11 120441600
4 4 0 0 0 0 0 0.785398 2 2 -nan -nan -nan -nan 1 1 1 1 11 0
4 4 0 0 0.785398 0 0 0.785398 1 1 -0.00057678 4.38172e-07 -0.001338 3.94863e-07 0 0 0 0 11 120441600
4 4 0 0 0.785398 0 0 0.785398 2 2 -nan -nan -nan -nan 1 1 1 1 11 0
4 4 0 0 1.5708 0 0 0.785398 1 1 -0.000515033 4.91925e-07 -0.00167141 5.08204e-07 0 0 0 0 11 120441600
4 4 0 0 1.5708 0 0 0.785398 2 2 -nan -nan -nan -nan 1 1 1 1 11 0
4 4 0 0 2.35619 0 0 0.785398 1 1 -0.000258417 5.2134e-07 -0.00222608 7.35789e-07 0 0 0 0 11 120441600
4 4 0 0 2.35619 0 0 0.785398 2 2 -nan -nan -nan -nan 1 1 1 1 11 0
4 4 0 0 3.14159 0 0 0.785398 1 1 -4.42508e-08 4.7403e-07 -0.00256584 9.06301e-07 0 0 0 0 11 120441600
4 4 0 0 3.14159 0 0 0.785398 2 2 -nan -nan -nan -nan 1 1 1 1 11 0
4 4 0 0 3.14159 0.785398 0 0.785398 1 1 0.000257578 5.21697e-07 -0.0022253 7.35412e-07 0 0 0 0 11 120441600
4 4 0 0 3.14159 0.785398 0 0.785398 2 2 -nan -nan -nan -nan 1 1 1 1 11 0
4 4 0 0 3.14159 1.5708 0 0.785398 1 1 0.000513914 4.91275e-07 -0.00167048 5.07644e-07 0 0 0 0 11 120441600
4 4 0 0 3.14159 1.5708 0 0.785398 2 2 -nan -nan -nan -nan 1 1 1 1 11 0
4 4 0 0 3.14159 2.35619 0 0.785398 1 1 0.00057647 4.38534e-07 -0.00133803 3.94776e-07 0 0 0 0 11 120441600
4 4 0 0 3.14159 2.35619 0 0.785398 2 2 -nan -nan -nan -nan 1 1 1 1 11 0
4 4 0 0 3.14159 3.14159 0 0.785398 1 1 0.000580775 4.19003e-07 -0.00123737 3.632e-07 0 0 0 0 11 120441600
4 4 0 0 3.14159 3.14159 0 0.785398 2 2 -nan -nan -nan -nan 1 1 1 1 11 0
4 4 0 0 2.35619 2.35619 0 0.785398 1 1 0.000556098 4.5817e-07 -0.00144878 4.34861e-07 0 0 0 0 11 120441600
4 4 0 0 2.35619 2.35619 0 0.785398 2 2 -nan -nan -nan -nan 1 1 1 1 11 0
4 4 0 0 1.5708 1.5708 0 0.785398 1 1 -3.75994e-08 4.91059e-07 -0.00193154 6.89298e-07 0 0 0 0 11 120441600
4 4 0 0 1.5708 1.5708 0 0.785398 2 2 -nan -nan -nan -nan 1 1 1 1 11 0
4 4 0 0 0.785398 0.785398 0 0.785398 1 1 -0.000556063 4.58214e-07 -0.00144914 4.35364e-07 0 0 0 0 11 120441600
4 4 0 0 0.785398 0.785398 0 0.785398 2 2 -nan -nan -nan -nan 1 1 1 1 11 0
4 4 0 0 0 0 0 0.785398 1 1 6.91836e-05 6.90341e-07 0.000155582 3.15605e-07 0 1 1 1 12 120441600
4 4 0 0 0 0 0 0.785398 2 2 -nan -nan -nan -nan 1 0 0 0 12 0
4 4 0 0 0.785398 0 0 0.785398 1 1 6.8399e-05 7.01591e-07 0.000167496 3.28447e-07 0 1 1 1 12 120441600
4 4 0 0 0.785398 0 0 0.785398 2 2 -nan -nan -nan -nan 1 0 0 0 12 0
4 4 0 0 1.5708 0 0 0.785398 1 1 5.77896e-05 7.33775e-07 0.000206777 3.66961e-07 0 1 1 1 12 120441600
4 4 0 0 1.5708 0 0 0.785398 2 2 -nan -nan -nan -nan 1 0 0 0 12 0
4 4 0 0 2.35619 0 0 0.785398 1 1 3.02373e-05 7.838e-07 0.000275353 4.27341e-07 0 1 1 1 12 120441600
4 4 0 0 2.35619 0 0 0.785398 2 2 -nan -nan -nan -nan 1 0 0 0 12 0
4 4 0 0 3.14159 0 0 0.785398 1 1 -1.35431e-06 8.21535e-07 0.000327604 4.61324e-07 0 1 1 1 12 120441600
4 4 0 0 3.14159 0 0 0.785398 2 2 -nan -nan -nan -nan 1 0 0 0 12 0
4 4 0 0 3.14159 0.785398 0 0.785398 1 1 -2.8775e-05 7.84108e-07 0.000275282 4.27694e-07 0 1 1 1 12 120441600
4 4 0 0 3.14159 0.785398 0 0.785398 2 2 -nan -nan -nan -nan 1 0 0 0 12 0
4 4 0 0 3.14159 1.5708 0 0.785398 1 1 -5.89804e-05 7.33968e-07 0.000205818 3.66837e-07 0 1 1 1 12 120441600
4 4 0 0 3.14159 1.5708 0 0.785398 2 2 -nan -nan -nan -nan 1 0 0 0 12 0
4 4 0 0 3.14159 2.35619 0 0.785398 1 1 -6.75498e-05 7.01076e-07 0.00016754 3.28407e-07 0 1 1 1 12 120441600
4 4 0 0 3.14159 2.35619 0 0.785398 2 2 -nan -nan -nan -nan 1 0 0 0 12 0
4 4 0 0 3.14159 3.14159 0 0.785398 1 1 -6.74623e-05 6.90443e-07 0.000155278 3.15391e-07 0 1 1 1 12 120441600
4 4 0 0 3.14159 3.14159 0 0.785398 2 2 -nan -nan -nan -nan 1 0 0 0 12 0
4 4 0 0 2.35619 2.35619 0 0.785398 1 1 -6.55024e-05 7.12432e-07 0.000181089 3.42551e-07 0 1 1 1 12 120441600
4 4 0 0 2.35619 2.35619 0 0.785398 2 2 -nan -nan -nan -nan 1 0 0 0 12 0
4 4 0 0 1.5708 1.5708 0 0.785398 1 1 1.17892e-06 7.56877e-07 0.000241095 3.94846e-07 0 1 1 1 12 120441600
4 4 0 0 1.5708 1.5708 0 0.785398 2 2 -nan -nan -nan -nan 1 0 0 0 12 0
4 4 0 0 0.785398 0.785398 0 0.785398 1 1 6.54593e-05 7.12503e-07 0.000180945 3.42644e-07 0 1 1 1 12 120441600
4 4 0 0 0.785398 0.785398 0 0.785398 2 2 -nan -nan -nan -nan 1 0 0 0 12 0
4 4 0 0 0 0 0 0.785398 1 1 6.79098e-05 6.90187e-07 0.000154846 3.15258e-07 0 1 1 0 13 120441600
4 4 0 0 0 0 0 0.785398 2 2 -nan -nan -nan -nan 1 0 0 1 13 0
4 4 0 0 0.785398 0 0 0.785398 1 1 6.85999e-05 7.01734e-07 0.000168033 3.28726e-07 0 1 1 0 13 120441600
4 4 0 0 0.785398 0 0 0.785398 2 2 -nan -nan -nan -nan 1 0 0 1 13 0
4 4 0 0 1.5708 0 0 0.785398 1 1 5.83062e-05 7.33911e-07 0.000205923 3.66793e-07 0 1 1 0 13 120441600
4 4 0 0 1.5708 0 0 0.785398 2 2 -nan -nan -nan -nan 1 0 0 1 13 0
4 4 0 0 2.35619 0 0 0.785398 1 1 2.9035e-05 7.83478e-07 0.000276069 4.27396e-07 0 1 1 0 13 120441600
4 4 0 0 2.35619 0 0 0.785398 2 2 -nan -nan -nan -nan 1 0 0 1 13 0
4 4 0 0 3.14159 0 0 0.785398 1 1 -1.12572e-06 8.21277e-07 0.000327341 4.60367e-07 0 1 1 0 13 120441600
4 4 0 0 3.14159 0 0 0.785398 2 2 -nan -nan -nan -nan 1 0 0 1 13 0
4 4 0 0 3.14159 0.785398 0 0.785398 1 1 -2.96158e-05 7.84278e-07 0.000275904 4.27392e-07 0 1 1 0 13 120441600
4 4 0 0 3.14159 0.785398 0 0.785398 2 2 -nan -nan -nan -nan 1 0 0 1 13 0
4 4 0 0 3.14159 1.5708 0 0.785398 1 1 -5.94647e-05 7.33951e-07 0.000206228 3.67056e-07 0 1 1 0 13 120441600
4 4 0 0 3.14159 1.5708 0 0.785398 2 2 -nan -nan -nan -nan 1 0 0 1 13 0
4 4 0 0 3.14159 2.35619 0 0.785398 1 1 -6.63134e-05 7.0136e-07 0.000167869 3.28714e-07 0 1 1 0 13 120441600
4 4 0 0 3.14159 2.35619 0 0.785398 2 2 -nan -nan -nan -nan 1 0 0 1 13 0
4 4 0 0 3.14159 3.14159 0 0.785398 1 1 -6.77836e-05 6.90178e-07 0.000155289 3.15285e-07 0 1 1 0 13 120441600
4 4 0 0 3.14159 3.14159 0 0.785398 2 2 -nan -nan -nan -nan 1 0 0 1 13 0
4 4 0 0 2.35619 2.35619 0 0.785398 1 1 -6.47127e-05 7.12119e-07 0.000180947 3.4259e-07 0 1 1 0 13 120441600
4 4 0 0 2.35619 2.35619 0 0.785398 2 2 -nan -nan -nan -nan 1 0 0 1 13 0
4 4 0 0 1.5708 1.5708 0 0.785398 1 1 7.96611e-07 7.56995e-07 0.000241116 3.95088e-07 0 1 1 0 13 120441600
4 4 0 0 1.5708 1.5708 0 0.785398 2 2 -nan -nan -nan -nan 1 0 0 1 13 0
4 4 0 0 0.785398 0.785398 0 0.785398 1 1 6.51024e-05 7.11893e-07 0.000180811 3.42314e-07 0 1 1 0 13 120441600
4 4 0 0 0.785398 0.785398 0 0.785398 2 2 -nan -nan -nan -nan 1 0 0 1 13 0
4 4 0 0 0 0 0 0.785398 1 1 6.84663e-05 6.90268e-07 0.000154914 3.15156e-07 0 1 0 1 14 120441600
4 4 0 0 0 0 0 0.785398 2 2 -nan -nan -nan -nan 1 0 1 0 14 0
4 4 0 0 0.785398 0 0 0.785398 1 1 6.7055e-05 7.00964e-07 0.000167027 3.28202e-07 0 1 0 1 14 120441600
4 4 0 0 0.785398 0 0 0.785398 2 2 -nan -nan -nan -nan 1 0 1 0 14 0
4 4 0 0 1.5708 0 0 0.785398 1 1 5.7114e-05 7.3397e-07 0.000206225 3.66994e-07 0 1 0 1 14 120441600
4 4 0 0 1.5708 0 0 0.785398 2 2 -nan -nan -nan -nan 1 0 1 0 14 0
4 4 0 0 2.35619 0 0 0.785398 1 1 2.84021e-05 7.84144e-07 0.000275805 4.27469e-07 0 1 0 1 14 120441600
4 4 0 0 2.35619 0 0 0.785398 2 2 -nan -nan -nan -nan 1 0 1 0 14 0
4 4 0 0 3.14159 0 0 0.785398 1 1 -8.11458e-08 8.21159e-07 0.000326451 4.60422e-07 0 1 0 1 14 120441600
4 4 0 0 3.14159 0 0 0.785398 2 2 -nan -nan -nan -nan 1 0 1 0 14 0
4 4 0 0 3.14159 0.785398 0 0.785398 1 1 -2.92225e-05 7.84158e-07 0.000275314 4.27421e-07 0 1 0 1 14 120441600
4 4 0 0 3.14159 0.785398 0 0.785398 2 2 -nan -nan -nan -nan 1 0 1 0 14 0
4 4 0 0 3.14159 1.5708 0 0.785398 1 1 -5.87249e-05 7.34115e-07 0.000206385 3.67414e-07 0 1 0 1 14 120441600
4 4 0 0 3.14159 1.5708 0 0.785398 2 2 -nan -nan -nan -nan 1 0 1 0 14 0
4 4 0 0 3.14159 2.35619 0 0.785398 1 1 -6.75237e-05 7.01541e-07 0.000167406 3.28626e-07 0 1 0 1 14 120441600
4 4 0 0 3.14159 2.35619 0 0.785398 2 2 -nan -nan -nan -nan 1 0 1 0 14 0
4 4 0 0 3.14159 3.14159 0 0.785398 1 1 -6.73572e-05 6.9007e-07 0.000155434 3.15108e-07 0 1 0 1 14 120441600
4 4 0 0 3.14159 3.14159 0 0.785398 2 2 -nan -nan -nan -nan 1 0 1 0 14 0
4 4 0 0 2.35619 2.35619 0 0.785398 1 1 -6.58269e-05 7.12163e-07 0.000181335 3.42563e-07 0 1 0 1 14 120441600
4 4 0 0 2.35619 2.35619 0 0.785398 2 2 -nan -nan -nan -nan 1 0 1 0 14 0
4 4 0 0 1.5708 1.5708 0 0.785398 1 1 1.95699e-06 7.56804e-07 0.000241214 3.94892e-07 0 1 0 1 14 120441600
4 4 0 0 1.5708 1.5708 0 0.785398 2 2 -nan -nan -nan -nan 1 0 1 0 14 0
4 4 0 0 0.785398 0.785398 0 0.785398 1 1 6.39809e-05 7.11771e-07 0.00018105 3.42407e-07 0 1 0 1 14 120441600
4 4 0 0 0.785398 0.785398 0 0.785398 2 2 -nan -nan -nan -nan 1 0 1 0 14 0
