#Ord Beta Mu H Kx Ky Rfq Imfq in out Re Re_err Imag Imag_err U1 U2 U3 U4 
4 4 0 0 0 0 0 0.785398 2 2 -nan -nan -nan -nan 0 0 0 0 
4 4 0 0 0 0 0 0.785398 1 1 0.000110468 3.77431e-06 0.000348279 2.40483e-06 1 1 1 1 
4 4 0 0 0.785398 0 0 0.785398 2 2 -nan -nan -nan -nan 0 0 0 0 
4 4 0 0 0.785398 0 0 0.785398 1 1 0.000111035 3.8563e-06 0.00037271 2.53348e-06 1 1 1 1 
4 4 0 0 1.5708 0 0 0.785398 2 2 -nan -nan -nan -nan 0 0 0 0 
4 4 0 0 1.5708 0 0 0.785398 1 1 9.36233e-05 4.09941e-06 0.000448949 3.00518e-06 1 1 1 1 
4 4 0 0 2.35619 0 0 0.785398 2 2 -nan -nan -nan -nan 0 0 0 0 
4 4 0 0 2.35619 0 0 0.785398 1 1 5.06334e-05 4.17609e-06 0.000569492 3.76864e-06 1 1 1 1 
4 4 0 0 3.14159 0 0 0.785398 2 2 -nan -nan -nan -nan 0 0 0 0 
4 4 0 0 3.14159 0 0 0.785398 1 1 -2.01039e-06 4.06494e-06 0.000642073 4.35168e-06 1 1 1 1 
4 4 0 0 3.14159 0.785398 0 0.785398 2 2 -nan -nan -nan -nan 0 0 0 0 
4 4 0 0 3.14159 0.785398 0 0.785398 1 1 -4.69559e-05 4.1598e-06 0.000561394 3.74203e-06 1 1 1 1 
4 4 0 0 3.14159 1.5708 0 0.785398 2 2 -nan -nan -nan -nan 0 0 0 0 
4 4 0 0 3.14159 1.5708 0 0.785398 1 1 -0.000108219 4.06527e-06 0.000449127 3.00379e-06 1 1 1 1 
4 4 0 0 3.14159 2.35619 0 0.785398 2 2 -nan -nan -nan -nan 0 0 0 0 
4 4 0 0 3.14159 2.35619 0 0.785398 1 1 -0.000112876 3.85667e-06 0.000373302 2.53672e-06 1 1 1 1 
4 4 0 0 3.14159 3.14159 0 0.785398 2 2 -nan -nan -nan -nan 0 0 0 0 
4 4 0 0 3.14159 3.14159 0 0.785398 1 1 -0.000116255 3.75922e-06 0.000346885 2.4063e-06 1 1 1 1 
4 4 0 0 2.35619 2.35619 0 0.785398 2 2 -nan -nan -nan -nan 0 0 0 0 
4 4 0 0 2.35619 2.35619 0 0.785398 1 1 -0.000112758 3.92034e-06 0.000391088 2.69058e-06 1 1 1 1 
4 4 0 0 1.5708 1.5708 0 0.785398 2 2 -nan -nan -nan -nan 0 0 0 0 
4 4 0 0 1.5708 1.5708 0 0.785398 1 1 4.7821e-06 4.00043e-06 0.000504029 3.54724e-06 1 1 1 1 
4 4 0 0 0.785398 0.785398 0 0.785398 2 2 -nan -nan -nan -nan 0 0 0 0 
4 4 0 0 0.785398 0.785398 0 0.785398 1 1 0.000110364 3.91128e-06 0.000396357 2.71509e-06 1 1 1 1 
4 4 0 0 0 0 0 0.785398 2 2 -nan -nan -nan -nan 0 0 0 0 
4 4 0 0 0 0 0 0.785398 1 1 0.00011357 3.78381e-06 0.000346653 2.38905e-06 1 1 1 1 
4 4 0 0 0.785398 0 0 0.785398 2 2 -nan -nan -nan -nan 0 0 0 0 
4 4 0 0 0.785398 0 0 0.785398 1 1 0.000111304 3.85003e-06 0.000372434 2.55869e-06 1 1 1 1 
4 4 0 0 1.5708 0 0 0.785398 2 2 -nan -nan -nan -nan 0 0 0 0 
4 4 0 0 1.5708 0 0 0.785398 1 1 0.000103792 4.05919e-06 0.00044645 2.97188e-06 1 1 1 1 
4 4 0 0 2.35619 0 0 0.785398 2 2 -nan -nan -nan -nan 0 0 0 0 
4 4 0 0 2.35619 0 0 0.785398 1 1 4.83436e-05 4.18751e-06 0.00057111 3.76693e-06 1 1 1 1 
4 4 0 0 3.14159 0 0 0.785398 2 2 -nan -nan -nan -nan 0 0 0 0 
4 4 0 0 3.14159 0 0 0.785398 1 1 3.48575e-07 4.04442e-06 0.000640463 4.37354e-06 1 1 1 1 
4 4 0 0 3.14159 0.785398 0 0.785398 2 2 -nan -nan -nan -nan 0 0 0 0 
4 4 0 0 3.14159 0.785398 0 0.785398 1 1 -4.72579e-05 4.17029e-06 0.000570758 3.76922e-06 1 1 1 1 
4 4 0 0 3.14159 1.5708 0 0.785398 2 2 -nan -nan -nan -nan 0 0 0 0 
4 4 0 0 3.14159 1.5708 0 0.785398 1 1 -0.000101991 4.05616e-06 0.000451801 2.98413e-06 1 1 1 1 
4 4 0 0 3.14159 2.35619 0 0.785398 2 2 -nan -nan -nan -nan 0 0 0 0 
4 4 0 0 3.14159 2.35619 0 0.785398 1 1 -0.000121015 3.84864e-06 0.000367262 2.5468e-06 1 1 1 1 
4 4 0 0 3.14159 3.14159 0 0.785398 2 2 -nan -nan -nan -nan 0 0 0 0 
4 4 0 0 3.14159 3.14159 0 0.785398 1 1 -0.000115452 3.76818e-06 0.000345833 2.38212e-06 1 1 1 1 
4 4 0 0 2.35619 2.35619 0 0.785398 2 2 -nan -nan -nan -nan 0 0 0 0 
4 4 0 0 2.35619 2.35619 0 0.785398 1 1 -0.000111505 3.91596e-06 0.000394909 2.68069e-06 1 1 1 1 
4 4 0 0 1.5708 1.5708 0 0.785398 2 2 -nan -nan -nan -nan 0 0 0 0 
4 4 0 0 1.5708 1.5708 0 0.785398 1 1 -8.16221e-07 3.99422e-06 0.000507359 3.56003e-06 1 1 1 1 
4 4 0 0 0.785398 0.785398 0 0.785398 2 2 -nan -nan -nan -nan 0 0 0 0 
4 4 0 0 0.785398 0.785398 0 0.785398 1 1 0.000109229 3.94806e-06 0.000400899 2.72007e-06 1 1 1 1 
4 4 0 0 0 0 0 0.785398 2 2 -nan -nan -nan -nan 0 0 0 0 
4 4 0 0 0 0 0 0.785398 1 1 0.000119303 3.75391e-06 0.000344215 2.3775e-06 1 1 1 1 
4 4 0 0 0.785398 0 0 0.785398 2 2 -nan -nan -nan -nan 0 0 0 0 
4 4 0 0 0.785398 0 0 0.785398 1 1 0.000116048 3.84019e-06 0.000373114 2.53765e-06 1 1 1 1 
4 4 0 0 1.5708 0 0 0.785398 2 2 -nan -nan -nan -nan 0 0 0 0 
4 4 0 0 1.5708 0 0 0.785398 1 1 0.000100255 4.09011e-06 0.000445842 2.99406e-06 1 1 1 1 
4 4 0 0 2.35619 0 0 0.785398 2 2 -nan -nan -nan -nan 0 0 0 0 
4 4 0 0 2.35619 0 0 0.785398 1 1 5.29883e-05 4.20717e-06 0.000566747 3.77648e-06 1 1 1 1 
4 4 0 0 3.14159 0 0 0.785398 2 2 -nan -nan -nan -nan 0 0 0 0 
4 4 0 0 3.14159 0 0 0.785398 1 1 2.43107e-06 4.06308e-06 0.000647628 4.40928e-06 1 1 1 1 
4 4 0 0 3.14159 0.785398 0 0.785398 2 2 -nan -nan -nan -nan 0 0 0 0 
4 4 0 0 3.14159 0.785398 0 0.785398 1 1 -4.86358e-05 4.21517e-06 0.000570997 3.78525e-06 1 1 1 1 
4 4 0 0 3.14159 1.5708 0 0.785398 2 2 -nan -nan -nan -nan 0 0 0 0 
4 4 0 0 3.14159 1.5708 0 0.785398 1 1 -0.000104148 4.02477e-06 0.000446192 2.97119e-06 1 1 1 1 
4 4 0 0 3.14159 2.35619 0 0.785398 2 2 -nan -nan -nan -nan 0 0 0 0 
4 4 0 0 3.14159 2.35619 0 0.785398 1 1 -0.00011623 3.85277e-06 0.00036717 2.50516e-06 1 1 1 1 
4 4 0 0 3.14159 3.14159 0 0.785398 2 2 -nan -nan -nan -nan 0 0 0 0 
4 4 0 0 3.14159 3.14159 0 0.785398 1 1 -0.000116597 3.77258e-06 0.000350646 2.40598e-06 1 1 1 1 
4 4 0 0 2.35619 2.35619 0 0.785398 2 2 -nan -nan -nan -nan 0 0 0 0 
4 4 0 0 2.35619 2.35619 0 0.785398 1 1 -0.000120202 3.93108e-06 0.00039656 2.67959e-06 1 1 1 1 
4 4 0 0 1.5708 1.5708 0 0.785398 2 2 -nan -nan -nan -nan 0 0 0 0 
4 4 0 0 1.5708 1.5708 0 0.785398 1 1 -5.09718e-06 4.0525e-06 0.000504402 3.52436e-06 1 1 1 1 
4 4 0 0 0.785398 0.785398 0 0.785398 2 2 -nan -nan -nan -nan 0 0 0 0 
4 4 0 0 0.785398 0.785398 0 0.785398 1 1 0.000107024 3.9259e-06 0.000399639 2.71629e-06 1 1 1 1 
4 4 0 0 0 0 0 0.785398 2 2 -nan -nan -nan -nan 0 0 1 1 
4 4 0 0 0 0 0 0.785398 1 1 0.000259138 3.64776e-06 0.000717874 3.25998e-06 1 1 0 0 
4 4 0 0 0.785398 0 0 0.785398 2 2 -nan -nan -nan -nan 0 0 1 1 
4 4 0 0 0.785398 0 0 0.785398 1 1 0.000255444 3.81536e-06 0.00077051 3.49272e-06 1 1 0 0 
4 4 0 0 1.5708 0 0 0.785398 2 2 -nan -nan -nan -nan 0 0 1 1 
4 4 0 0 1.5708 0 0 0.785398 1 1 0.000223566 4.15367e-06 0.000923395 4.20196e-06 1 1 0 0 
4 4 0 0 2.35619 0 0 0.785398 2 2 -nan -nan -nan -nan 0 0 1 1 
4 4 0 0 2.35619 0 0 0.785398 1 1 0.000101345 4.56859e-06 0.00118761 5.61903e-06 1 1 0 0 
4 4 0 0 3.14159 0 0 0.785398 2 2 -nan -nan -nan -nan 0 0 1 1 
4 4 0 0 3.14159 0 0 0.785398 1 1 -2.0739e-06 4.52184e-06 0.00131127 6.43165e-06 1 1 0 0 
4 4 0 0 3.14159 0.785398 0 0.785398 2 2 -nan -nan -nan -nan 0 0 1 1 
4 4 0 0 3.14159 0.785398 0 0.785398 1 1 -0.000103375 4.58912e-06 0.00119032 5.66333e-06 1 1 0 0 
4 4 0 0 3.14159 1.5708 0 0.785398 2 2 -nan -nan -nan -nan 0 0 1 1 
4 4 0 0 3.14159 1.5708 0 0.785398 1 1 -0.000219739 4.18683e-06 0.000931781 4.24257e-06 1 1 0 0 
4 4 0 0 3.14159 2.35619 0 0.785398 2 2 -nan -nan -nan -nan 0 0 1 1 
4 4 0 0 3.14159 2.35619 0 0.785398 1 1 -0.000249694 3.76442e-06 0.000761244 3.42943e-06 1 1 0 0 
4 4 0 0 3.14159 3.14159 0 0.785398 2 2 -nan -nan -nan -nan 0 0 1 1 
4 4 0 0 3.14159 3.14159 0 0.785398 1 1 -0.000256657 3.63448e-06 0.000710276 3.21422e-06 1 1 0 0 
4 4 0 0 2.35619 2.35619 0 0.785398 2 2 -nan -nan -nan -nan 0 0 1 1 
4 4 0 0 2.35619 2.35619 0 0.785398 1 1 -0.000242528 3.91607e-06 0.000817145 3.71666e-06 1 1 0 0 
4 4 0 0 1.5708 1.5708 0 0.785398 2 2 -nan -nan -nan -nan 0 0 1 1 
4 4 0 0 1.5708 1.5708 0 0.785398 1 1 3.62707e-06 4.212e-06 0.00102594 5.09721e-06 1 1 0 0 
4 4 0 0 0.785398 0.785398 0 0.785398 2 2 -nan -nan -nan -nan 0 0 1 1 
4 4 0 0 0.785398 0.785398 0 0.785398 1 1 0.000240149 3.92095e-06 0.000822294 3.73815e-06 1 1 0 0 
4 4 0 0 0 0 0 0.785398 2 2 -nan -nan -nan -nan 0 0 0 0 
4 4 0 0 0 0 0 0.785398 1 1 0.000260717 3.63603e-06 0.000713674 3.23792e-06 1 1 1 1 
4 4 0 0 0.785398 0 0 0.785398 2 2 -nan -nan -nan -nan 0 0 0 0 
4 4 0 0 0.785398 0 0 0.785398 1 1 0.00025459 3.77735e-06 0.000764123 3.45797e-06 1 1 1 1 
4 4 0 0 1.5708 0 0 0.785398 2 2 -nan -nan -nan -nan 0 0 0 0 
4 4 0 0 1.5708 0 0 0.785398 1 1 0.000224899 4.18658e-06 0.00092804 4.23437e-06 1 1 1 1 
4 4 0 0 2.35619 0 0 0.785398 2 2 -nan -nan -nan -nan 0 0 0 0 
4 4 0 0 2.35619 0 0 0.785398 1 1 0.000102829 4.54469e-06 0.00117772 5.58539e-06 1 1 1 1 
4 4 0 0 3.14159 0 0 0.785398 2 2 -nan -nan -nan -nan 0 0 0 0 
4 4 0 0 3.14159 0 0 0.785398 1 1 1.19609e-05 4.50906e-06 0.00131353 6.4254e-06 1 1 1 1 
4 4 0 0 3.14159 0.785398 0 0.785398 2 2 -nan -nan -nan -nan 0 0 0 0 
4 4 0 0 3.14159 0.785398 0 0.785398 1 1 -9.86259e-05 4.54136e-06 0.00116641 5.51863e-06 1 1 1 1 
4 4 0 0 3.14159 1.5708 0 0.785398 2 2 -nan -nan -nan -nan 0 0 0 0 
4 4 0 0 3.14159 1.5708 0 0.785398 1 1 -0.000214759 4.16876e-06 0.00092525 4.22022e-06 1 1 1 1 
4 4 0 0 3.14159 2.35619 0 0.785398 2 2 -nan -nan -nan -nan 0 0 0 0 
4 4 0 0 3.14159 2.35619 0 0.785398 1 1 -0.000247424 3.79395e-06 0.000767763 3.48946e-06 1 1 1 1 
4 4 0 0 3.14159 3.14159 0 0.785398 2 2 -nan -nan -nan -nan 0 0 0 0 
4 4 0 0 3.14159 3.14159 0 0.785398 1 1 -0.000258317 3.64945e-06 0.000713562 3.23807e-06 1 1 1 1 
4 4 0 0 2.35619 2.35619 0 0.785398 2 2 -nan -nan -nan -nan 0 0 0 0 
4 4 0 0 2.35619 2.35619 0 0.785398 1 1 -0.000242883 3.92395e-06 0.000820627 3.74469e-06 1 1 1 1 
4 4 0 0 1.5708 1.5708 0 0.785398 2 2 -nan -nan -nan -nan 0 0 0 0 
4 4 0 0 1.5708 1.5708 0 0.785398 1 1 1.16848e-06 4.1973e-06 0.00102812 5.10431e-06 1 1 1 1 
4 4 0 0 0.785398 0.785398 0 0.785398 2 2 -nan -nan -nan -nan 0 0 0 0 
4 4 0 0 0.785398 0.785398 0 0.785398 1 1 0.000241876 3.90993e-06 0.000822332 3.72875e-06 1 1 1 1 
4 4 0 0 0 0 0 0.785398 2 2 -nan -nan -nan -nan 0 0 1 0 
4 4 0 0 0 0 0 0.785398 1 1 0.000260668 3.63717e-06 0.000711419 3.18514e-06 1 1 0 1 
4 4 0 0 0.785398 0 0 0.785398 2 2 -nan -nan -nan -nan 0 0 1 0 
4 4 0 0 0.785398 0 0 0.785398 1 1 0.000247719 3.79367e-06 0.000770033 3.48963e-06 1 1 0 1 
4 4 0 0 1.5708 0 0 0.785398 2 2 -nan -nan -nan -nan 0 0 1 0 
4 4 0 0 1.5708 0 0 0.785398 1 1 0.000220841 4.17516e-06 0.000927102 4.22642e-06 1 1 0 1 
4 4 0 0 2.35619 0 0 0.785398 2 2 -nan -nan -nan -nan 0 0 1 0 
4 4 0 0 2.35619 0 0 0.785398 1 1 0.000104138 4.60085e-06 0.00118684 5.61631e-06 1 1 0 1 
4 4 0 0 3.14159 0 0 0.785398 2 2 -nan -nan -nan -nan 0 0 1 0 
4 4 0 0 3.14159 0 0 0.785398 1 1 -8.44242e-06 4.52951e-06 0.00130825 6.4262e-06 1 1 0 1 
4 4 0 0 3.14159 0.785398 0 0.785398 2 2 -nan -nan -nan -nan 0 0 1 0 
4 4 0 0 3.14159 0.785398 0 0.785398 1 1 -0.000104723 4.5793e-06 0.00119084 5.65378e-06 1 1 0 1 
4 4 0 0 3.14159 1.5708 0 0.785398 2 2 -nan -nan -nan -nan 0 0 1 0 
4 4 0 0 3.14159 1.5708 0 0.785398 1 1 -0.000214157 4.18772e-06 0.000933762 4.26741e-06 1 1 0 1 
4 4 0 0 3.14159 2.35619 0 0.785398 2 2 -nan -nan -nan -nan 0 0 1 0 
4 4 0 0 3.14159 2.35619 0 0.785398 1 1 -0.000247406 3.78366e-06 0.000760985 3.43694e-06 1 1 0 1 
4 4 0 0 3.14159 3.14159 0 0.785398 2 2 -nan -nan -nan -nan 0 0 1 0 
4 4 0 0 3.14159 3.14159 0 0.785398 1 1 -0.000258929 3.6504e-06 0.000714779 3.22688e-06 1 1 0 1 
4 4 0 0 2.35619 2.35619 0 0.785398 2 2 -nan -nan -nan -nan 0 0 1 0 
4 4 0 0 2.35619 2.35619 0 0.785398 1 1 -0.000240305 3.95814e-06 0.000824722 3.76988e-06 1 1 0 1 
4 4 0 0 1.5708 1.5708 0 0.785398 2 2 -nan -nan -nan -nan 0 0 1 0 
4 4 0 0 1.5708 1.5708 0 0.785398 1 1 -1.659e-06 4.22021e-06 0.00103011 5.12711e-06 1 1 0 1 
4 4 0 0 0.785398 0.785398 0 0.785398 2 2 -nan -nan -nan -nan 0 0 1 0 
4 4 0 0 0.785398 0.785398 0 0.785398 1 1 0.00024042 3.95707e-06 0.000820687 3.73137e-06 1 1 0 1 
4 4 0 0 0 0 0 0.785398 1 1 -0.000575993 5.28945e-06 -0.00122208 4.27563e-06 0 1 0 1 
4 4 0 0 0 0 0 0.785398 2 2 -nan -nan -nan -nan 1 0 1 0 
4 4 0 0 0.785398 0 0 0.785398 1 1 -0.00057203 5.47685e-06 -0.00130943 4.52562e-06 0 1 0 1 
4 4 0 0 0.785398 0 0 0.785398 2 2 -nan -nan -nan -nan 1 0 1 0 
4 4 0 0 1.5708 0 0 0.785398 1 1 -0.000506156 6.03059e-06 -0.00161047 5.69888e-06 0 1 0 1 
4 4 0 0 1.5708 0 0 0.785398 2 2 -nan -nan -nan -nan 1 0 1 0 
4 4 0 0 2.35619 0 0 0.785398 1 1 -0.000235483 6.06008e-06 -0.00203799 7.49825e-06 0 1 0 1 
4 4 0 0 2.35619 0 0 0.785398 2 2 -nan -nan -nan -nan 1 0 1 0 
4 4 0 0 3.14159 0 0 0.785398 1 1 7.20109e-06 5.64141e-06 -0.00225041 8.52468e-06 0 1 0 1 
4 4 0 0 3.14159 0 0 0.785398 2 2 -nan -nan -nan -nan 1 0 1 0 
4 4 0 0 3.14159 0.785398 0 0.785398 1 1 0.000240405 6.03235e-06 -0.0020377 7.50551e-06 0 1 0 1 
4 4 0 0 3.14159 0.785398 0 0.785398 2 2 -nan -nan -nan -nan 1 0 1 0 
4 4 0 0 3.14159 1.5708 0 0.785398 1 1 0.000512483 6.0026e-06 -0.0016031 5.67452e-06 0 1 0 1 
4 4 0 0 3.14159 1.5708 0 0.785398 2 2 -nan -nan -nan -nan 1 0 1 0 
4 4 0 0 3.14159 2.35619 0 0.785398 1 1 0.000575202 5.52188e-06 -0.00130901 4.55228e-06 0 1 0 1 
4 4 0 0 3.14159 2.35619 0 0.785398 2 2 -nan -nan -nan -nan 1 0 1 0 
4 4 0 0 3.14159 3.14159 0 0.785398 1 1 0.000592255 5.28661e-06 -0.00121475 4.22347e-06 0 1 0 1 
4 4 0 0 3.14159 3.14159 0 0.785398 2 2 -nan -nan -nan -nan 1 0 1 0 
4 4 0 0 2.35619 2.35619 0 0.785398 1 1 0.000560567 5.70222e-06 -0.00141426 5.00664e-06 0 1 0 1 
4 4 0 0 2.35619 2.35619 0 0.785398 2 2 -nan -nan -nan -nan 1 0 1 0 
4 4 0 0 1.5708 1.5708 0 0.785398 1 1 6.72094e-07 5.83437e-06 -0.00176284 6.76216e-06 0 1 0 1 
4 4 0 0 1.5708 1.5708 0 0.785398 2 2 -nan -nan -nan -nan 1 0 1 0 
4 4 0 0 0.785398 0.785398 0 0.785398 1 1 -0.000545703 5.6728e-06 -0.00140202 4.93866e-06 0 1 0 1 
4 4 0 0 0.785398 0.785398 0 0.785398 2 2 -nan -nan -nan -nan 1 0 1 0 
4 4 0 0 0 0 0 0.785398 2 2 -nan -nan -nan -nan 0 0 0 0 
4 4 0 0 0 0 0 0.785398 1 1 -0.000588193 5.28736e-06 -0.00121172 4.21268e-06 1 1 1 1 
4 4 0 0 0.785398 0 0 0.785398 2 2 -nan -nan -nan -nan 0 0 0 0 
4 4 0 0 0.785398 0 0 0.785398 1 1 -0.00057959 5.52414e-06 -0.00130774 4.55031e-06 1 1 1 1 
4 4 0 0 1.5708 0 0 0.785398 2 2 -nan -nan -nan -nan 0 0 0 0 
4 4 0 0 1.5708 0 0 0.785398 1 1 -0.000521084 6.04459e-06 -0.00161596 5.74348e-06 1 1 1 1 
4 4 0 0 2.35619 0 0 0.785398 2 2 -nan -nan -nan -nan 0 0 0 0 
4 4 0 0 2.35619 0 0 0.785398 1 1 -0.000243583 6.05387e-06 -0.00204422 7.5787e-06 1 1 1 1 
4 4 0 0 3.14159 0 0 0.785398 2 2 -nan -nan -nan -nan 0 0 0 0 
4 4 0 0 3.14159 0 0 0.785398 1 1 3.75191e-06 5.66053e-06 -0.0022576 8.55687e-06 1 1 1 1 
4 4 0 0 3.14159 0.785398 0 0.785398 2 2 -nan -nan -nan -nan 0 0 0 0 
4 4 0 0 3.14159 0.785398 0 0.785398 1 1 0.000241017 6.05593e-06 -0.00204683 7.56926e-06 1 1 1 1 
4 4 0 0 3.14159 1.5708 0 0.785398 2 2 -nan -nan -nan -nan 0 0 0 0 
4 4 0 0 3.14159 1.5708 0 0.785398 1 1 0.000506767 6.00393e-06 -0.00160582 5.6989e-06 1 1 1 1 
4 4 0 0 3.14159 2.35619 0 0.785398 2 2 -nan -nan -nan -nan 0 0 0 0 
4 4 0 0 3.14159 2.35619 0 0.785398 1 1 0.000583864 5.47943e-06 -0.00130565 4.55533e-06 1 1 1 1 
4 4 0 0 3.14159 3.14159 0 0.785398 2 2 -nan -nan -nan -nan 0 0 0 0 
4 4 0 0 3.14159 3.14159 0 0.785398 1 1 0.000583397 5.25837e-06 -0.00120881 4.16166e-06 1 1 1 1 
4 4 0 0 2.35619 2.35619 0 0.785398 2 2 -nan -nan -nan -nan 0 0 0 0 
4 4 0 0 2.35619 2.35619 0 0.785398 1 1 0.000556228 5.71973e-06 -0.0014069 4.96417e-06 1 1 1 1 
4 4 0 0 1.5708 1.5708 0 0.785398 2 2 -nan -nan -nan -nan 0 0 0 0 
4 4 0 0 1.5708 1.5708 0 0.785398 1 1 3.67887e-06 5.84407e-06 -0.00176146 6.7709e-06 1 1 1 1 
4 4 0 0 0.785398 0.785398 0 0.785398 2 2 -nan -nan -nan -nan 0 0 0 0 
4 4 0 0 0.785398 0.785398 0 0.785398 1 1 -0.000555199 5.76862e-06 -0.00141318 4.97543e-06 1 1 1 1 
4 4 0 0 0 0 0 0.785398 1 1 -0.000573225 5.26296e-06 -0.00121055 4.19632e-06 0 0 0 0 
4 4 0 0 0 0 0 0.785398 2 2 -nan -nan -nan -nan 1 1 1 1 
4 4 0 0 0.785398 0 0 0.785398 1 1 -0.000582626 5.4863e-06 -0.00131492 4.58097e-06 0 0 0 0 
4 4 0 0 0.785398 0 0 0.785398 2 2 -nan -nan -nan -nan 1 1 1 1 
4 4 0 0 1.5708 0 0 0.785398 1 1 -0.000515189 6.06989e-06 -0.0016036 5.70249e-06 0 0 0 0 
4 4 0 0 1.5708 0 0 0.785398 2 2 -nan -nan -nan -nan 1 1 1 1 
4 4 0 0 2.35619 0 0 0.785398 1 1 -0.000241111 6.03976e-06 -0.00203982 7.54535e-06 0 0 0 0 
4 4 0 0 2.35619 0 0 0.785398 2 2 -nan -nan -nan -nan 1 1 1 1 
4 4 0 0 3.14159 0 0 0.785398 1 1 4.78776e-06 5.63449e-06 -0.00224285 8.49405e-06 0 0 0 0 
4 4 0 0 3.14159 0 0 0.785398 2 2 -nan -nan -nan -nan 1 1 1 1 
4 4 0 0 3.14159 0.785398 0 0.785398 1 1 0.000239472 6.04029e-06 -0.00204661 7.55785e-06 0 0 0 0 
4 4 0 0 3.14159 0.785398 0 0.785398 2 2 -nan -nan -nan -nan 1 1 1 1 
4 4 0 0 3.14159 1.5708 0 0.785398 1 1 0.000518101 6.03184e-06 -0.00161077 5.7063e-06 0 0 0 0 
4 4 0 0 3.14159 1.5708 0 0.785398 2 2 -nan -nan -nan -nan 1 1 1 1 
4 4 0 0 3.14159 2.35619 0 0.785398 1 1 0.00058022 5.47221e-06 -0.00130742 4.57341e-06 0 0 0 0 
4 4 0 0 3.14159 2.35619 0 0.785398 2 2 -nan -nan -nan -nan 1 1 1 1 
4 4 0 0 3.14159 3.14159 0 0.785398 1 1 0.000582005 5.27596e-06 -0.0012095 4.19256e-06 0 0 0 0 
4 4 0 0 3.14159 3.14159 0 0.785398 2 2 -nan -nan -nan -nan 1 1 1 1 
4 4 0 0 2.35619 2.35619 0 0.785398 1 1 0.000563567 5.72195e-06 -0.00141271 4.98018e-06 0 0 0 0 
4 4 0 0 2.35619 2.35619 0 0.785398 2 2 -nan -nan -nan -nan 1 1 1 1 
4 4 0 0 1.5708 1.5708 0 0.785398 1 1 -1.30079e-05 5.8166e-06 -0.00176463 6.78787e-06 0 0 0 0 
4 4 0 0 1.5708 1.5708 0 0.785398 2 2 -nan -nan -nan -nan 1 1 1 1 
4 4 0 0 0.785398 0.785398 0 0.785398 1 1 -0.00056005 5.73113e-06 -0.00141474 4.99851e-06 0 0 0 0 
4 4 0 0 0.785398 0.785398 0 0.785398 2 2 -nan -nan -nan -nan 1 1 1 1 
4 4 0 0 0 0 0 0.785398 1 1 6.81815e-05 8.56632e-06 0.000144079 3.87052e-06 0 1 1 1 
4 4 0 0 0 0 0 0.785398 2 2 -nan -nan -nan -nan 1 0 0 0 
4 4 0 0 0.785398 0 0 0.785398 1 1 7.35079e-05 8.76193e-06 0.000157386 3.99714e-06 0 1 1 1 
4 4 0 0 0.785398 0 0 0.785398 2 2 -nan -nan -nan -nan 1 0 0 0 
4 4 0 0 1.5708 0 0 0.785398 1 1 6.13838e-05 9.13023e-06 0.000188513 4.48495e-06 0 1 1 1 
4 4 0 0 1.5708 0 0 0.785398 2 2 -nan -nan -nan -nan 1 0 0 0 
4 4 0 0 2.35619 0 0 0.785398 1 1 3.35026e-05 9.6089e-06 0.000241601 5.18285e-06 0 1 1 1 
4 4 0 0 2.35619 0 0 0.785398 2 2 -nan -nan -nan -nan 1 0 0 0 
4 4 0 0 3.14159 0 0 0.785398 1 1 -4.32375e-06 9.90257e-06 0.000271922 5.43545e-06 0 1 1 1 
4 4 0 0 3.14159 0 0 0.785398 2 2 -nan -nan -nan -nan 1 0 0 0 
4 4 0 0 3.14159 0.785398 0 0.785398 1 1 -4.66944e-05 9.6331e-06 0.000243245 5.13441e-06 0 1 1 1 
4 4 0 0 3.14159 0.785398 0 0.785398 2 2 -nan -nan -nan -nan 1 0 0 0 
4 4 0 0 3.14159 1.5708 0 0.785398 1 1 -5.69564e-05 9.05649e-06 0.000186928 4.47801e-06 0 1 1 1 
4 4 0 0 3.14159 1.5708 0 0.785398 2 2 -nan -nan -nan -nan 1 0 0 0 
4 4 0 0 3.14159 2.35619 0 0.785398 1 1 -7.51188e-05 8.79794e-06 0.000157658 4.03527e-06 0 1 1 1 
4 4 0 0 3.14159 2.35619 0 0.785398 2 2 -nan -nan -nan -nan 1 0 0 0 
4 4 0 0 3.14159 3.14159 0 0.785398 1 1 -6.87866e-05 8.59542e-06 0.00014748 3.88203e-06 0 1 1 1 
4 4 0 0 3.14159 3.14159 0 0.785398 2 2 -nan -nan -nan -nan 1 0 0 0 
4 4 0 0 2.35619 2.35619 0 0.785398 1 1 -6.88339e-05 8.88664e-06 0.000164463 4.20465e-06 0 1 1 1 
4 4 0 0 2.35619 2.35619 0 0.785398 2 2 -nan -nan -nan -nan 1 0 0 0 
4 4 0 0 1.5708 1.5708 0 0.785398 1 1 5.6651e-06 9.22999e-06 0.000217097 4.73767e-06 0 1 1 1 
4 4 0 0 1.5708 1.5708 0 0.785398 2 2 -nan -nan -nan -nan 1 0 0 0 
4 4 0 0 0.785398 0.785398 0 0.785398 1 1 8.26304e-05 8.8114e-06 0.000159542 4.1907e-06 0 1 1 1 
4 4 0 0 0.785398 0.785398 0 0.785398 2 2 -nan -nan -nan -nan 1 0 0 0 
4 4 0 0 0 0 0 0.785398 1 1 5.82087e-05 8.62092e-06 0.000142977 3.90992e-06 0 1 1 0 
4 4 0 0 0 0 0 0.785398 2 2 -nan -nan -nan -nan 1 0 0 1 
4 4 0 0 0.785398 0 0 0.785398 1 1 7.72734e-05 8.74278e-06 0.000156573 4.05138e-06 0 1 1 0 
4 4 0 0 0.785398 0 0 0.785398 2 2 -nan -nan -nan -nan 1 0 0 1 
4 4 0 0 1.5708 0 0 0.785398 1 1 4.90658e-05 9.06163e-06 0.000193225 4.48195e-06 0 1 1 0 
4 4 0 0 1.5708 0 0 0.785398 2 2 -nan -nan -nan -nan 1 0 0 1 
4 4 0 0 2.35619 0 0 0.785398 1 1 3.09402e-05 9.60323e-06 0.000244533 5.15924e-06 0 1 1 0 
4 4 0 0 2.35619 0 0 0.785398 2 2 -nan -nan -nan -nan 1 0 0 1 
4 4 0 0 3.14159 0 0 0.785398 1 1 8.42529e-07 9.86463e-06 0.000275544 5.44203e-06 0 1 1 0 
4 4 0 0 3.14159 0 0 0.785398 2 2 -nan -nan -nan -nan 1 0 0 1 
4 4 0 0 3.14159 0.785398 0 0.785398 1 1 -3.1592e-05 9.56547e-06 0.000245387 5.17464e-06 0 1 1 0 
4 4 0 0 3.14159 0.785398 0 0.785398 2 2 -nan -nan -nan -nan 1 0 0 1 
4 4 0 0 3.14159 1.5708 0 0.785398 1 1 -6.91939e-05 9.08455e-06 0.000192592 4.48447e-06 0 1 1 0 
4 4 0 0 3.14159 1.5708 0 0.785398 2 2 -nan -nan -nan -nan 1 0 0 1 
4 4 0 0 3.14159 2.35619 0 0.785398 1 1 -7.03514e-05 8.79736e-06 0.000150657 4.0556e-06 0 1 1 0 
4 4 0 0 3.14159 2.35619 0 0.785398 2 2 -nan -nan -nan -nan 1 0 0 1 
4 4 0 0 3.14159 3.14159 0 0.785398 1 1 -6.81934e-05 8.61447e-06 0.000144075 3.8834e-06 0 1 1 0 
4 4 0 0 3.14159 3.14159 0 0.785398 2 2 -nan -nan -nan -nan 1 0 0 1 
4 4 0 0 2.35619 2.35619 0 0.785398 1 1 -5.89145e-05 8.89208e-06 0.000164132 4.22757e-06 0 1 1 0 
4 4 0 0 2.35619 2.35619 0 0.785398 2 2 -nan -nan -nan -nan 1 0 0 1 
4 4 0 0 1.5708 1.5708 0 0.785398 1 1 -2.34846e-06 9.22865e-06 0.000212426 4.69103e-06 0 1 1 0 
4 4 0 0 1.5708 1.5708 0 0.785398 2 2 -nan -nan -nan -nan 1 0 0 1 
4 4 0 0 0.785398 0.785398 0 0.785398 1 1 8.3779e-05 8.80467e-06 0.000161005 4.19276e-06 0 1 1 0 
4 4 0 0 0.785398 0.785398 0 0.785398 2 2 -nan -nan -nan -nan 1 0 0 1 
4 4 0 0 0 0 0 0.785398 1 1 5.40865e-05 8.65498e-06 0.000138876 3.87867e-06 0 1 0 1 
4 4 0 0 0 0 0 0.785398 2 2 -nan -nan -nan -nan 1 0 1 0 
4 4 0 0 0.785398 0 0 0.785398 1 1 6.12643e-05 8.71494e-06 0.000148208 3.99473e-06 0 1 0 1 
4 4 0 0 0.785398 0 0 0.785398 2 2 -nan -nan -nan -nan 1 0 1 0 
4 4 0 0 1.5708 0 0 0.785398 1 1 5.7254e-05 9.10955e-06 0.000183665 4.48759e-06 0 1 0 1 
4 4 0 0 1.5708 0 0 0.785398 2 2 -nan -nan -nan -nan 1 0 1 0 
4 4 0 0 2.35619 0 0 0.785398 1 1 3.65907e-05 9.53367e-06 0.000241474 5.1281e-06 0 1 0 1 
4 4 0 0 2.35619 0 0 0.785398 2 2 -nan -nan -nan -nan 1 0 1 0 
4 4 0 0 3.14159 0 0 0.785398 1 1 1.57702e-06 9.88452e-06 0.000286507 5.44799e-06 0 1 0 1 
4 4 0 0 3.14159 0 0 0.785398 2 2 -nan -nan -nan -nan 1 0 1 0 
4 4 0 0 3.14159 0.785398 0 0.785398 1 1 -3.10465e-05 9.55809e-06 0.000251493 5.18614e-06 0 1 0 1 
4 4 0 0 3.14159 0.785398 0 0.785398 2 2 -nan -nan -nan -nan 1 0 1 0 
4 4 0 0 3.14159 1.5708 0 0.785398 1 1 -6.25006e-05 9.07752e-06 0.000184879 4.49356e-06 0 1 0 1 
4 4 0 0 3.14159 1.5708 0 0.785398 2 2 -nan -nan -nan -nan 1 0 1 0 
4 4 0 0 3.14159 2.35619 0 0.785398 1 1 -7.55063e-05 8.7415e-06 0.000153229 4.00859e-06 0 1 0 1 
4 4 0 0 3.14159 2.35619 0 0.785398 2 2 -nan -nan -nan -nan 1 0 1 0 
4 4 0 0 3.14159 3.14159 0 0.785398 1 1 -8.19755e-05 8.69132e-06 0.000147155 3.88924e-06 0 1 0 1 
4 4 0 0 3.14159 3.14159 0 0.785398 2 2 -nan -nan -nan -nan 1 0 1 0 
4 4 0 0 2.35619 2.35619 0 0.785398 1 1 -5.51607e-05 8.86233e-06 0.000167971 4.16327e-06 0 1 0 1 
4 4 0 0 2.35619 2.35619 0 0.785398 2 2 -nan -nan -nan -nan 1 0 1 0 
4 4 0 0 1.5708 1.5708 0 0.785398 1 1 -9.74179e-08 9.3097e-06 0.000207903 4.75544e-06 0 1 0 1 
4 4 0 0 1.5708 1.5708 0 0.785398 2 2 -nan -nan -nan -nan 1 0 1 0 
4 4 0 0 0.785398 0.785398 0 0.785398 1 1 6.66618e-05 8.90724e-06 0.000162972 4.20585e-06 0 1 0 1 
4 4 0 0 0.785398 0.785398 0 0.785398 2 2 -nan -nan -nan -nan 1 0 1 0 
