#Ord Beta Mu H Kx Ky Rfq Imfq in out Re Re_err Imag Imag_err U1 U2 U3 U4 
2 4 0 0 0 0 0 0.785398 1 1 -0.00721885 6.72288e-05 -0.0180878 2.21048e-05 0 1 -1 -1 
2 4 0 0 0 0 0 0.785398 2 2 0 0 0 0 1 0 -1 -1 
2 4 0 0 0.785398 0 0 0.785398 1 1 -0.00666103 6.7591e-05 -0.01868 2.29715e-05 0 1 -1 -1 
2 4 0 0 0.785398 0 0 0.785398 2 2 0 0 0 0 1 0 -1 -1 
2 4 0 0 1.5708 0 0 0.785398 1 1 -0.00468237 6.85622e-05 -0.0204782 2.56516e-05 0 1 -1 -1 
2 4 0 0 1.5708 0 0 0.785398 2 2 0 0 0 0 1 0 -1 -1 
2 4 0 0 2.35619 0 0 0.785398 1 1 -0.00193265 6.94758e-05 -0.0232044 3.03224e-05 0 1 -1 -1 
2 4 0 0 2.35619 0 0 0.785398 2 2 0 0 0 0 1 0 -1 -1 
2 4 0 0 3.14159 0 0 0.785398 1 1 1.28599e-05 6.94215e-05 -0.0248317 3.40728e-05 0 1 -1 -1 
2 4 0 0 3.14159 0 0 0.785398 2 2 0 0 0 0 1 0 -1 -1 
2 4 0 0 3.14159 0.785398 0 0.785398 1 1 0.00185513 6.93945e-05 -0.0232072 3.03528e-05 0 1 -1 -1 
2 4 0 0 3.14159 0.785398 0 0.785398 2 2 0 0 0 0 1 0 -1 -1 
2 4 0 0 3.14159 1.5708 0 0.785398 1 1 0.00480549 6.86273e-05 -0.0205365 2.57407e-05 0 1 -1 -1 
2 4 0 0 3.14159 1.5708 0 0.785398 2 2 0 0 0 0 1 0 -1 -1 
2 4 0 0 3.14159 2.35619 0 0.785398 1 1 0.0067446 6.76476e-05 -0.0187108 2.29977e-05 0 1 -1 -1 
2 4 0 0 3.14159 2.35619 0 0.785398 2 2 0 0 0 0 1 0 -1 -1 
2 4 0 0 3.14159 3.14159 0 0.785398 1 1 0.0073158 6.7203e-05 -0.0181109 2.21685e-05 0 1 -1 -1 
2 4 0 0 3.14159 3.14159 0 0.785398 2 2 0 0 0 0 1 0 -1 -1 
2 4 0 0 2.35619 2.35619 0 0.785398 1 1 0.0060061 6.79102e-05 -0.0192909 2.39534e-05 0 1 -1 -1 
2 4 0 0 2.35619 2.35619 0 0.785398 2 2 0 0 0 0 1 0 -1 -1 
2 4 0 0 1.5708 1.5708 0 0.785398 1 1 -4.83302e-05 6.85198e-05 -0.0215165 2.89001e-05 0 1 -1 -1 
2 4 0 0 1.5708 1.5708 0 0.785398 2 2 0 0 0 0 1 0 -1 -1 
2 4 0 0 0.785398 0.785398 0 0.785398 1 1 -0.00587438 6.79306e-05 -0.0193179 2.4022e-05 0 1 -1 -1 
2 4 0 0 0.785398 0.785398 0 0.785398 2 2 0 0 0 0 1 0 -1 -1 
3 4 0 0 0 0 0 0.785398 2 2 0 0 0 0 0 0 0 -1 
3 4 0 0 0 0 0 0.785398 1 1 0.00195326 1.18032e-05 0.0050253 8.22072e-06 1 1 1 -1 
3 4 0 0 0.785398 0 0 0.785398 2 2 0 0 0 0 0 0 0 -1 
3 4 0 0 0.785398 0 0 0.785398 1 1 0.00187226 1.20149e-05 0.00527862 8.68886e-06 1 1 1 -1 
3 4 0 0 1.5708 0 0 0.785398 2 2 0 0 0 0 0 0 0 -1 
3 4 0 0 1.5708 0 0 0.785398 1 1 0.00146934 1.26489e-05 0.00611368 1.03996e-05 1 1 1 -1 
3 4 0 0 2.35619 0 0 0.785398 2 2 0 0 0 0 0 0 0 -1 
3 4 0 0 2.35619 0 0 0.785398 1 1 0.000618817 1.30762e-05 0.00741714 1.35294e-05 1 1 1 -1 
3 4 0 0 3.14159 0 0 0.785398 2 2 0 0 0 0 0 0 0 -1 
3 4 0 0 3.14159 0 0 0.785398 1 1 1.18725e-09 1.27596e-05 0.00820014 1.5927e-05 1 1 1 -1 
3 4 0 0 3.14159 0.785398 0 0.785398 2 2 0 0 0 0 0 0 0 -1 
3 4 0 0 3.14159 0.785398 0 0.785398 1 1 -0.000646898 1.30725e-05 0.00741139 1.35452e-05 1 1 1 -1 
3 4 0 0 3.14159 1.5708 0 0.785398 2 2 0 0 0 0 0 0 0 -1 
3 4 0 0 3.14159 1.5708 0 0.785398 1 1 -0.00149184 1.2635e-05 0.00609501 1.03689e-05 1 1 1 -1 
3 4 0 0 3.14159 2.35619 0 0.785398 2 2 0 0 0 0 0 0 0 -1 
3 4 0 0 3.14159 2.35619 0 0.785398 1 1 -0.00184448 1.2023e-05 0.00528679 8.74338e-06 1 1 1 -1 
3 4 0 0 3.14159 3.14159 0 0.785398 2 2 0 0 0 0 0 0 0 -1 
3 4 0 0 3.14159 3.14159 0 0.785398 1 1 -0.00194258 1.17831e-05 0.00502127 8.21238e-06 1 1 1 -1 
3 4 0 0 2.35619 2.35619 0 0.785398 2 2 0 0 0 0 0 0 0 -1 
3 4 0 0 2.35619 2.35619 0 0.785398 1 1 -0.00171212 1.22444e-05 0.00556154 9.3207e-06 1 1 1 -1 
3 4 0 0 1.5708 1.5708 0 0.785398 2 2 0 0 0 0 0 0 0 -1 
3 4 0 0 1.5708 1.5708 0 0.785398 1 1 8.42324e-06 1.26447e-05 0.00666964 1.26794e-05 1 1 1 -1 
3 4 0 0 0.785398 0.785398 0 0.785398 2 2 0 0 0 0 0 0 0 -1 
3 4 0 0 0.785398 0.785398 0 0.785398 1 1 0.00170514 1.22339e-05 0.00556839 9.36471e-06 1 1 1 -1 
3 4 0 0 0 0 0 0.785398 2 2 0 0 0 0 0 0 1 -1 
3 4 0 0 0 0 0 0.785398 1 1 -0.00194738 1.17731e-05 -0.00501112 8.20749e-06 1 1 0 -1 
3 4 0 0 0.785398 0 0 0.785398 2 2 0 0 0 0 0 0 1 -1 
3 4 0 0 0.785398 0 0 0.785398 1 1 -0.00185282 1.20192e-05 -0.0052787 8.71395e-06 1 1 0 -1 
3 4 0 0 1.5708 0 0 0.785398 2 2 0 0 0 0 0 0 1 -1 
3 4 0 0 1.5708 0 0 0.785398 1 1 -0.00149357 1.26536e-05 -0.00613635 1.04641e-05 1 1 0 -1 
3 4 0 0 2.35619 0 0 0.785398 2 2 0 0 0 0 0 0 1 -1 
3 4 0 0 2.35619 0 0 0.785398 1 1 -0.000642498 1.30842e-05 -0.00739737 1.34733e-05 1 1 0 -1 
3 4 0 0 3.14159 0 0 0.785398 2 2 0 0 0 0 0 0 1 -1 
3 4 0 0 3.14159 0 0 0.785398 1 1 2.36787e-06 1.27778e-05 -0.00821053 1.59391e-05 1 1 0 -1 
3 4 0 0 3.14159 0.785398 0 0.785398 2 2 0 0 0 0 0 0 1 -1 
3 4 0 0 3.14159 0.785398 0 0.785398 1 1 0.000613571 1.30947e-05 -0.00742585 1.35488e-05 1 1 0 -1 
3 4 0 0 3.14159 1.5708 0 0.785398 2 2 0 0 0 0 0 0 1 -1 
3 4 0 0 3.14159 1.5708 0 0.785398 1 1 0.00147108 1.26435e-05 -0.00612369 1.04251e-05 1 1 0 -1 
3 4 0 0 3.14159 2.35619 0 0.785398 2 2 0 0 0 0 0 0 1 -1 
3 4 0 0 3.14159 2.35619 0 0.785398 1 1 0.00188234 1.20288e-05 -0.0052855 8.70319e-06 1 1 0 -1 
3 4 0 0 3.14159 3.14159 0 0.785398 2 2 0 0 0 0 0 0 1 -1 
3 4 0 0 3.14159 3.14159 0 0.785398 1 1 0.00193404 1.17842e-05 -0.00501241 8.20255e-06 1 1 0 -1 
3 4 0 0 2.35619 2.35619 0 0.785398 2 2 0 0 0 0 0 0 1 -1 
3 4 0 0 2.35619 2.35619 0 0.785398 1 1 0.00172624 1.22414e-05 -0.00556904 9.32975e-06 1 1 0 -1 
3 4 0 0 1.5708 1.5708 0 0.785398 2 2 0 0 0 0 0 0 1 -1 
3 4 0 0 1.5708 1.5708 0 0.785398 1 1 -7.74653e-06 1.26566e-05 -0.00664284 1.26652e-05 1 1 0 -1 
3 4 0 0 0.785398 0.785398 0 0.785398 2 2 0 0 0 0 0 0 1 -1 
3 4 0 0 0.785398 0.785398 0 0.785398 1 1 -0.00170327 1.22411e-05 -0.00556638 9.35413e-06 1 1 0 -1 
4 4 0 0 0 0 0 0.785398 2 2 0 0 0 0 0 0 0 0 
4 4 0 0 0 0 0 0.785398 1 1 0.000117415 2.23249e-06 0.000346981 1.4193e-06 1 1 1 1 
4 4 0 0 0.785398 0 0 0.785398 2 2 0 0 0 0 0 0 0 0 
4 4 0 0 0.785398 0 0 0.785398 1 1 0.000119484 2.28535e-06 0.000373213 1.49722e-06 1 1 1 1 
4 4 0 0 1.5708 0 0 0.785398 2 2 0 0 0 0 0 0 0 0 
4 4 0 0 1.5708 0 0 0.785398 1 1 0.000103156 2.41489e-06 0.000450757 1.7832e-06 1 1 1 1 
4 4 0 0 2.35619 0 0 0.785398 2 2 0 0 0 0 0 0 0 0 
4 4 0 0 2.35619 0 0 0.785398 1 1 4.57899e-05 2.49557e-06 0.000567713 2.24996e-06 1 1 1 1 
4 4 0 0 3.14159 0 0 0.785398 2 2 0 0 0 0 0 0 0 0 
4 4 0 0 3.14159 0 0 0.785398 1 1 2.03699e-06 2.43587e-06 0.000647652 2.60843e-06 1 1 1 1 
4 4 0 0 3.14159 0.785398 0 0.785398 2 2 0 0 0 0 0 0 0 0 
4 4 0 0 3.14159 0.785398 0 0.785398 1 1 -4.6537e-05 2.50849e-06 0.000573989 2.26872e-06 1 1 1 1 
4 4 0 0 3.14159 1.5708 0 0.785398 2 2 0 0 0 0 0 0 0 0 
4 4 0 0 3.14159 1.5708 0 0.785398 1 1 -9.97701e-05 2.42068e-06 0.000451435 1.78843e-06 1 1 1 1 
4 4 0 0 3.14159 2.35619 0 0.785398 2 2 0 0 0 0 0 0 0 0 
4 4 0 0 3.14159 2.35619 0 0.785398 1 1 -0.0001126 2.29668e-06 0.000371672 1.51112e-06 1 1 1 1 
4 4 0 0 3.14159 3.14159 0 0.785398 2 2 0 0 0 0 0 0 0 0 
4 4 0 0 3.14159 3.14159 0 0.785398 1 1 -0.000122154 2.23532e-06 0.000347488 1.4246e-06 1 1 1 1 
4 4 0 0 2.35619 2.35619 0 0.785398 2 2 0 0 0 0 0 0 0 0 
4 4 0 0 2.35619 2.35619 0 0.785398 1 1 -0.000112183 2.32243e-06 0.000396458 1.59716e-06 1 1 1 1 
4 4 0 0 1.5708 1.5708 0 0.785398 2 2 0 0 0 0 0 0 0 0 
4 4 0 0 1.5708 1.5708 0 0.785398 1 1 1.92746e-06 2.388e-06 0.000505345 2.10112e-06 1 1 1 1 
4 4 0 0 0.785398 0.785398 0 0.785398 2 2 0 0 0 0 0 0 0 0 
4 4 0 0 0.785398 0.785398 0 0.785398 1 1 0.000109954 2.328e-06 0.000398222 1.60772e-06 1 1 1 1 
4 4 0 0 0 0 0 0.785398 2 2 0 0 0 0 0 0 0 0 
4 4 0 0 0 0 0 0.785398 1 1 0.000120699 2.24632e-06 0.000348371 1.42045e-06 1 1 1 1 
4 4 0 0 0.785398 0 0 0.785398 2 2 0 0 0 0 0 0 0 0 
4 4 0 0 0.785398 0 0 0.785398 1 1 0.000114132 2.29447e-06 0.000374281 1.5178e-06 1 1 1 1 
4 4 0 0 1.5708 0 0 0.785398 2 2 0 0 0 0 0 0 0 0 
4 4 0 0 1.5708 0 0 0.785398 1 1 9.92625e-05 2.4218e-06 0.000450088 1.7773e-06 1 1 1 1 
4 4 0 0 2.35619 0 0 0.785398 2 2 0 0 0 0 0 0 0 0 
4 4 0 0 2.35619 0 0 0.785398 1 1 4.92822e-05 2.50675e-06 0.00057171 2.26187e-06 1 1 1 1 
4 4 0 0 3.14159 0 0 0.785398 2 2 0 0 0 0 0 0 0 0 
4 4 0 0 3.14159 0 0 0.785398 1 1 3.08065e-06 2.42723e-06 0.000649116 2.60545e-06 1 1 1 1 
4 4 0 0 3.14159 0.785398 0 0.785398 2 2 0 0 0 0 0 0 0 0 
4 4 0 0 3.14159 0.785398 0 0.785398 1 1 -4.83029e-05 2.50801e-06 0.000572365 2.24701e-06 1 1 1 1 
4 4 0 0 3.14159 1.5708 0 0.785398 2 2 0 0 0 0 0 0 0 0 
4 4 0 0 3.14159 1.5708 0 0.785398 1 1 -0.000104879 2.42189e-06 0.000446415 1.77673e-06 1 1 1 1 
4 4 0 0 3.14159 2.35619 0 0.785398 2 2 0 0 0 0 0 0 0 0 
4 4 0 0 3.14159 2.35619 0 0.785398 1 1 -0.000113269 2.29558e-06 0.000373353 1.51422e-06 1 1 1 1 
4 4 0 0 3.14159 3.14159 0 0.785398 2 2 0 0 0 0 0 0 0 0 
4 4 0 0 3.14159 3.14159 0 0.785398 1 1 -0.000114119 2.23969e-06 0.000347688 1.41975e-06 1 1 1 1 
4 4 0 0 2.35619 2.35619 0 0.785398 2 2 0 0 0 0 0 0 0 0 
4 4 0 0 2.35619 2.35619 0 0.785398 1 1 -0.00010691 2.34251e-06 0.000400405 1.60522e-06 1 1 1 1 
4 4 0 0 1.5708 1.5708 0 0.785398 2 2 0 0 0 0 0 0 0 0 
4 4 0 0 1.5708 1.5708 0 0.785398 1 1 -1.62835e-06 2.40093e-06 0.000504256 2.10136e-06 1 1 1 1 
4 4 0 0 0.785398 0.785398 0 0.785398 2 2 0 0 0 0 0 0 0 0 
4 4 0 0 0.785398 0.785398 0 0.785398 1 1 0.00011114 2.34523e-06 0.000398689 1.60495e-06 1 1 1 1 
4 4 0 0 0 0 0 0.785398 2 2 0 0 0 0 0 0 0 0 
4 4 0 0 0 0 0 0.785398 1 1 0.000116259 2.24747e-06 0.000350158 1.4289e-06 1 1 1 1 
4 4 0 0 0.785398 0 0 0.785398 2 2 0 0 0 0 0 0 0 0 
4 4 0 0 0.785398 0 0 0.785398 1 1 0.000113249 2.29528e-06 0.000371171 1.50718e-06 1 1 1 1 
4 4 0 0 1.5708 0 0 0.785398 2 2 0 0 0 0 0 0 0 0 
4 4 0 0 1.5708 0 0 0.785398 1 1 0.000103408 2.41693e-06 0.00044863 1.77416e-06 1 1 1 1 
4 4 0 0 2.35619 0 0 0.785398 2 2 0 0 0 0 0 0 0 0 
4 4 0 0 2.35619 0 0 0.785398 1 1 5.09803e-05 2.52207e-06 0.000572989 2.26224e-06 1 1 1 1 
4 4 0 0 3.14159 0 0 0.785398 2 2 0 0 0 0 0 0 0 0 
4 4 0 0 3.14159 0 0 0.785398 1 1 4.35242e-07 2.42553e-06 0.000647133 2.59102e-06 1 1 1 1 
4 4 0 0 3.14159 0.785398 0 0.785398 2 2 0 0 0 0 0 0 0 0 
4 4 0 0 3.14159 0.785398 0 0.785398 1 1 -4.8318e-05 2.50723e-06 0.000572625 2.25144e-06 1 1 1 1 
4 4 0 0 3.14159 1.5708 0 0.785398 2 2 0 0 0 0 0 0 0 0 
4 4 0 0 3.14159 1.5708 0 0.785398 1 1 -9.97983e-05 2.40978e-06 0.000448822 1.78243e-06 1 1 1 1 
4 4 0 0 3.14159 2.35619 0 0.785398 2 2 0 0 0 0 0 0 0 0 
4 4 0 0 3.14159 2.35619 0 0.785398 1 1 -0.000113748 2.29142e-06 0.000372571 1.51794e-06 1 1 1 1 
4 4 0 0 3.14159 3.14159 0 0.785398 2 2 0 0 0 0 0 0 0 0 
4 4 0 0 3.14159 3.14159 0 0.785398 1 1 -0.000115969 2.23873e-06 0.000348677 1.42822e-06 1 1 1 1 
4 4 0 0 2.35619 2.35619 0 0.785398 2 2 0 0 0 0 0 0 0 0 
4 4 0 0 2.35619 2.35619 0 0.785398 1 1 -0.000108272 2.3275e-06 0.000397992 1.60728e-06 1 1 1 1 
4 4 0 0 1.5708 1.5708 0 0.785398 2 2 0 0 0 0 0 0 0 0 
4 4 0 0 1.5708 1.5708 0 0.785398 1 1 -1.3889e-06 2.38133e-06 0.000504728 2.09805e-06 1 1 1 1 
4 4 0 0 0.785398 0.785398 0 0.785398 2 2 0 0 0 0 0 0 0 0 
4 4 0 0 0.785398 0.785398 0 0.785398 1 1 0.000111179 2.33682e-06 0.000400023 1.60909e-06 1 1 1 1 
4 4 0 0 0 0 0 0.785398 2 2 0 0 0 0 0 0 1 1 
4 4 0 0 0 0 0 0.785398 1 1 0.000255548 2.16065e-06 0.000713123 1.9261e-06 1 1 0 0 
4 4 0 0 0.785398 0 0 0.785398 2 2 0 0 0 0 0 0 1 1 
4 4 0 0 0.785398 0 0 0.785398 1 1 0.000251901 2.25454e-06 0.000767676 2.07386e-06 1 1 0 0 
4 4 0 0 1.5708 0 0 0.785398 2 2 0 0 0 0 0 0 1 1 
4 4 0 0 1.5708 0 0 0.785398 1 1 0.000217721 2.49794e-06 0.000933738 2.56172e-06 1 1 0 0 
4 4 0 0 2.35619 0 0 0.785398 2 2 0 0 0 0 0 0 1 1 
4 4 0 0 2.35619 0 0 0.785398 1 1 0.000101484 2.73965e-06 0.00119996 3.4433e-06 1 1 0 0 
4 4 0 0 3.14159 0 0 0.785398 2 2 0 0 0 0 0 0 1 1 
4 4 0 0 3.14159 0 0 0.785398 1 1 3.05294e-07 2.75634e-06 0.00135328 4.07212e-06 1 1 0 0 
4 4 0 0 3.14159 0.785398 0 0.785398 2 2 0 0 0 0 0 0 1 1 
4 4 0 0 3.14159 0.785398 0 0.785398 1 1 -0.000103387 2.75124e-06 0.00119615 3.43288e-06 1 1 0 0 
4 4 0 0 3.14159 1.5708 0 0.785398 2 2 0 0 0 0 0 0 1 1 
4 4 0 0 3.14159 1.5708 0 0.785398 1 1 -0.000221651 2.50285e-06 0.000935338 2.54917e-06 1 1 0 0 
4 4 0 0 3.14159 2.35619 0 0.785398 2 2 0 0 0 0 0 0 1 1 
4 4 0 0 3.14159 2.35619 0 0.785398 1 1 -0.000255314 2.26087e-06 0.000770359 2.08667e-06 1 1 0 0 
4 4 0 0 3.14159 3.14159 0 0.785398 2 2 0 0 0 0 0 0 1 1 
4 4 0 0 3.14159 3.14159 0 0.785398 1 1 -0.000255104 2.16096e-06 0.000715494 1.92814e-06 1 1 0 0 
4 4 0 0 2.35619 2.35619 0 0.785398 2 2 0 0 0 0 0 0 1 1 
4 4 0 0 2.35619 2.35619 0 0.785398 1 1 -0.000245063 2.33946e-06 0.000823499 2.25129e-06 1 1 0 0 
4 4 0 0 1.5708 1.5708 0 0.785398 2 2 0 0 0 0 0 0 1 1 
4 4 0 0 1.5708 1.5708 0 0.785398 1 1 3.64483e-07 2.53233e-06 0.001041 3.15153e-06 1 1 0 0 
4 4 0 0 0.785398 0.785398 0 0.785398 2 2 0 0 0 0 0 0 1 1 
4 4 0 0 0.785398 0.785398 0 0.785398 1 1 0.000240307 2.33942e-06 0.000824119 2.25303e-06 1 1 0 0 
4 4 0 0 0 0 0 0.785398 2 2 0 0 0 0 0 0 0 0 
4 4 0 0 0 0 0 0.785398 1 1 0.000254983 2.16465e-06 0.000716532 1.92992e-06 1 1 1 1 
4 4 0 0 0.785398 0 0 0.785398 2 2 0 0 0 0 0 0 0 0 
4 4 0 0 0.785398 0 0 0.785398 1 1 0.000251784 2.25195e-06 0.000765527 2.0729e-06 1 1 1 1 
4 4 0 0 1.5708 0 0 0.785398 2 2 0 0 0 0 0 0 0 0 
4 4 0 0 1.5708 0 0 0.785398 1 1 0.000223034 2.4905e-06 0.000934274 2.5535e-06 1 1 1 1 
4 4 0 0 2.35619 0 0 0.785398 2 2 0 0 0 0 0 0 0 0 
4 4 0 0 2.35619 0 0 0.785398 1 1 0.000104306 2.75868e-06 0.00120352 3.44846e-06 1 1 1 1 
4 4 0 0 3.14159 0 0 0.785398 2 2 0 0 0 0 0 0 0 0 
4 4 0 0 3.14159 0 0 0.785398 1 1 4.16367e-07 2.75702e-06 0.00135566 4.07917e-06 1 1 1 1 
4 4 0 0 3.14159 0.785398 0 0.785398 2 2 0 0 0 0 0 0 0 0 
4 4 0 0 3.14159 0.785398 0 0.785398 1 1 -9.92974e-05 2.74123e-06 0.00119302 3.42133e-06 1 1 1 1 
4 4 0 0 3.14159 1.5708 0 0.785398 2 2 0 0 0 0 0 0 0 0 
4 4 0 0 3.14159 1.5708 0 0.785398 1 1 -0.000222989 2.49174e-06 0.0009312 2.54973e-06 1 1 1 1 
4 4 0 0 3.14159 2.35619 0 0.785398 2 2 0 0 0 0 0 0 0 0 
4 4 0 0 3.14159 2.35619 0 0.785398 1 1 -0.000255129 2.24816e-06 0.000769229 2.08071e-06 1 1 1 1 
4 4 0 0 3.14159 3.14159 0 0.785398 2 2 0 0 0 0 0 0 0 0 
4 4 0 0 3.14159 3.14159 0 0.785398 1 1 -0.00025468 2.1715e-06 0.000719285 1.94115e-06 1 1 1 1 
4 4 0 0 2.35619 2.35619 0 0.785398 2 2 0 0 0 0 0 0 0 0 
4 4 0 0 2.35619 2.35619 0 0.785398 1 1 -0.000240856 2.34704e-06 0.000820517 2.24073e-06 1 1 1 1 
4 4 0 0 1.5708 1.5708 0 0.785398 2 2 0 0 0 0 0 0 0 0 
4 4 0 0 1.5708 1.5708 0 0.785398 1 1 4.57089e-06 2.54292e-06 0.00104487 3.16608e-06 1 1 1 1 
4 4 0 0 0.785398 0.785398 0 0.785398 2 2 0 0 0 0 0 0 0 0 
4 4 0 0 0.785398 0.785398 0 0.785398 1 1 0.000240103 2.32634e-06 0.0008227 2.24942e-06 1 1 1 1 
4 4 0 0 0 0 0 0.785398 2 2 0 0 0 0 0 0 1 0 
4 4 0 0 0 0 0 0.785398 1 1 0.000259907 2.16051e-06 0.000714743 1.9269e-06 1 1 0 1 
4 4 0 0 0.785398 0 0 0.785398 2 2 0 0 0 0 0 0 1 0 
4 4 0 0 0.785398 0 0 0.785398 1 1 0.000253189 2.2484e-06 0.000769895 2.08446e-06 1 1 0 1 
4 4 0 0 1.5708 0 0 0.785398 2 2 0 0 0 0 0 0 1 0 
4 4 0 0 1.5708 0 0 0.785398 1 1 0.000219882 2.47868e-06 0.00093095 2.55809e-06 1 1 0 1 
4 4 0 0 2.35619 0 0 0.785398 2 2 0 0 0 0 0 0 1 0 
4 4 0 0 2.35619 0 0 0.785398 1 1 0.000106657 2.73805e-06 0.00119896 3.43011e-06 1 1 0 1 
4 4 0 0 3.14159 0 0 0.785398 2 2 0 0 0 0 0 0 1 0 
4 4 0 0 3.14159 0 0 0.785398 1 1 -5.98337e-06 2.7783e-06 0.00135524 4.08472e-06 1 1 0 1 
4 4 0 0 3.14159 0.785398 0 0.785398 2 2 0 0 0 0 0 0 1 0 
4 4 0 0 3.14159 0.785398 0 0.785398 1 1 -0.000108173 2.74404e-06 0.00119265 3.4222e-06 1 1 0 1 
4 4 0 0 3.14159 1.5708 0 0.785398 2 2 0 0 0 0 0 0 1 0 
4 4 0 0 3.14159 1.5708 0 0.785398 1 1 -0.000220768 2.48706e-06 0.000929517 2.55153e-06 1 1 0 1 
4 4 0 0 3.14159 2.35619 0 0.785398 2 2 0 0 0 0 0 0 1 0 
4 4 0 0 3.14159 2.35619 0 0.785398 1 1 -0.00025036 2.25476e-06 0.000765095 2.07039e-06 1 1 0 1 
4 4 0 0 3.14159 3.14159 0 0.785398 2 2 0 0 0 0 0 0 1 0 
4 4 0 0 3.14159 3.14159 0 0.785398 1 1 -0.000259137 2.1738e-06 0.000716778 1.93674e-06 1 1 0 1 
4 4 0 0 2.35619 2.35619 0 0.785398 2 2 0 0 0 0 0 0 1 0 
4 4 0 0 2.35619 2.35619 0 0.785398 1 1 -0.000239173 2.33382e-06 0.000821207 2.25522e-06 1 1 0 1 
4 4 0 0 1.5708 1.5708 0 0.785398 2 2 0 0 0 0 0 0 1 0 
4 4 0 0 1.5708 1.5708 0 0.785398 1 1 -2.41829e-06 2.54672e-06 0.00104405 3.17103e-06 1 1 0 1 
4 4 0 0 0.785398 0.785398 0 0.785398 2 2 0 0 0 0 0 0 1 0 
4 4 0 0 0.785398 0.785398 0 0.785398 1 1 0.000243167 2.33878e-06 0.000825433 2.25928e-06 1 1 0 1 
4 4 0 0 0 0 0 0.785398 1 1 -0.000578495 3.20854e-06 -0.00123165 2.7682e-06 0 1 0 1 
4 4 0 0 0 0 0 0.785398 2 2 0 0 0 0 1 0 1 0 
4 4 0 0 0.785398 0 0 0.785398 1 1 -0.000576305 3.36581e-06 -0.00134448 3.05251e-06 0 1 0 1 
4 4 0 0 0.785398 0 0 0.785398 2 2 0 0 0 0 1 0 1 0 
4 4 0 0 1.5708 0 0 0.785398 1 1 -0.00051838 3.77712e-06 -0.00167453 3.88093e-06 0 1 0 1 
4 4 0 0 1.5708 0 0 0.785398 2 2 0 0 0 0 1 0 1 0 
4 4 0 0 2.35619 0 0 0.785398 1 1 -0.000254365 4.00247e-06 -0.00222839 5.6369e-06 0 1 0 1 
4 4 0 0 2.35619 0 0 0.785398 2 2 0 0 0 0 1 0 1 0 
4 4 0 0 3.14159 0 0 0.785398 1 1 -2.65661e-06 3.63762e-06 -0.00256522 6.93658e-06 0 1 0 1 
4 4 0 0 3.14159 0 0 0.785398 2 2 0 0 0 0 1 0 1 0 
4 4 0 0 3.14159 0.785398 0 0.785398 1 1 0.000256678 4.00793e-06 -0.00223298 5.65729e-06 0 1 0 1 
4 4 0 0 3.14159 0.785398 0 0.785398 2 2 0 0 0 0 1 0 1 0 
4 4 0 0 3.14159 1.5708 0 0.785398 1 1 0.000513509 3.77753e-06 -0.00167424 3.87186e-06 0 1 0 1 
4 4 0 0 3.14159 1.5708 0 0.785398 2 2 0 0 0 0 1 0 1 0 
4 4 0 0 3.14159 2.35619 0 0.785398 1 1 0.000580545 3.3579e-06 -0.00134006 3.02316e-06 0 1 0 1 
4 4 0 0 3.14159 2.35619 0 0.785398 2 2 0 0 0 0 1 0 1 0 
4 4 0 0 3.14159 3.14159 0 0.785398 1 1 0.000583251 3.19757e-06 -0.00123543 2.78029e-06 0 1 0 1 
4 4 0 0 3.14159 3.14159 0 0.785398 2 2 0 0 0 0 1 0 1 0 
4 4 0 0 2.35619 2.35619 0 0.785398 1 1 0.000551284 3.50846e-06 -0.00144669 3.33327e-06 0 1 0 1 
4 4 0 0 2.35619 2.35619 0 0.785398 2 2 0 0 0 0 1 0 1 0 
4 4 0 0 1.5708 1.5708 0 0.785398 1 1 2.68975e-06 3.74813e-06 -0.00193608 5.31419e-06 0 1 0 1 
4 4 0 0 1.5708 1.5708 0 0.785398 2 2 0 0 0 0 1 0 1 0 
4 4 0 0 0.785398 0.785398 0 0.785398 1 1 -0.000560677 3.49502e-06 -0.00144395 3.29335e-06 0 1 0 1 
4 4 0 0 0.785398 0.785398 0 0.785398 2 2 0 0 0 0 1 0 1 0 
4 4 0 0 0 0 0 0.785398 2 2 0 0 0 0 0 0 0 0 
4 4 0 0 0 0 0 0.785398 1 1 -0.000581776 3.22307e-06 -0.0012432 2.78895e-06 1 1 1 1 
4 4 0 0 0.785398 0 0 0.785398 2 2 0 0 0 0 0 0 0 0 
4 4 0 0 0.785398 0 0 0.785398 1 1 -0.000572801 3.35469e-06 -0.00133535 3.0037e-06 1 1 1 1 
4 4 0 0 1.5708 0 0 0.785398 2 2 0 0 0 0 0 0 0 0 
4 4 0 0 1.5708 0 0 0.785398 1 1 -0.000519376 3.75872e-06 -0.00167774 3.90593e-06 1 1 1 1 
4 4 0 0 2.35619 0 0 0.785398 2 2 0 0 0 0 0 0 0 0 
4 4 0 0 2.35619 0 0 0.785398 1 1 -0.000265719 3.99284e-06 -0.00222988 5.64581e-06 1 1 1 1 
4 4 0 0 3.14159 0 0 0.785398 2 2 0 0 0 0 0 0 0 0 
4 4 0 0 3.14159 0 0 0.785398 1 1 4.96841e-06 3.62355e-06 -0.00255986 6.92369e-06 1 1 1 1 
4 4 0 0 3.14159 0.785398 0 0.785398 2 2 0 0 0 0 0 0 0 0 
4 4 0 0 3.14159 0.785398 0 0.785398 1 1 0.000255392 3.98981e-06 -0.00222381 5.62407e-06 1 1 1 1 
4 4 0 0 3.14159 1.5708 0 0.785398 2 2 0 0 0 0 0 0 0 0 
4 4 0 0 3.14159 1.5708 0 0.785398 1 1 0.00051433 3.78246e-06 -0.00167916 3.90755e-06 1 1 1 1 
4 4 0 0 3.14159 2.35619 0 0.785398 2 2 0 0 0 0 0 0 0 0 
4 4 0 0 3.14159 2.35619 0 0.785398 1 1 0.000576989 3.35915e-06 -0.00133874 3.01924e-06 1 1 1 1 
4 4 0 0 3.14159 3.14159 0 0.785398 2 2 0 0 0 0 0 0 0 0 
4 4 0 0 3.14159 3.14159 0 0.785398 1 1 0.000574781 3.20101e-06 -0.00123053 2.77493e-06 1 1 1 1 
4 4 0 0 2.35619 2.35619 0 0.785398 2 2 0 0 0 0 0 0 0 0 
4 4 0 0 2.35619 2.35619 0 0.785398 1 1 0.000551259 3.50354e-06 -0.00145382 3.36149e-06 1 1 1 1 
4 4 0 0 1.5708 1.5708 0 0.785398 2 2 0 0 0 0 0 0 0 0 
4 4 0 0 1.5708 1.5708 0 0.785398 1 1 -5.5944e-06 3.76101e-06 -0.00193494 5.304e-06 1 1 1 1 
4 4 0 0 0.785398 0.785398 0 0.785398 2 2 0 0 0 0 0 0 0 0 
4 4 0 0 0.785398 0.785398 0 0.785398 1 1 -0.000556585 3.51257e-06 -0.00144901 3.31232e-06 1 1 1 1 
4 4 0 0 0 0 0 0.785398 1 1 -0.000584425 3.19059e-06 -0.00123436 2.73862e-06 0 0 0 0 
4 4 0 0 0 0 0 0.785398 2 2 0 0 0 0 1 1 1 1 
4 4 0 0 0.785398 0 0 0.785398 1 1 -0.000576893 3.34788e-06 -0.00133548 3.00109e-06 0 0 0 0 
4 4 0 0 0.785398 0 0 0.785398 2 2 0 0 0 0 1 1 1 1 
4 4 0 0 1.5708 0 0 0.785398 1 1 -0.000522682 3.74689e-06 -0.00166955 3.85665e-06 0 0 0 0 
4 4 0 0 1.5708 0 0 0.785398 2 2 0 0 0 0 1 1 1 1 
4 4 0 0 2.35619 0 0 0.785398 1 1 -0.000258377 3.97774e-06 -0.00222162 5.61976e-06 0 0 0 0 
4 4 0 0 2.35619 0 0 0.785398 2 2 0 0 0 0 1 1 1 1 
4 4 0 0 3.14159 0 0 0.785398 1 1 -2.95684e-06 3.64822e-06 -0.00257694 6.95272e-06 0 0 0 0 
4 4 0 0 3.14159 0 0 0.785398 2 2 0 0 0 0 1 1 1 1 
4 4 0 0 3.14159 0.785398 0 0.785398 1 1 0.000251746 3.98382e-06 -0.00222058 5.59413e-06 0 0 0 0 
4 4 0 0 3.14159 0.785398 0 0.785398 2 2 0 0 0 0 1 1 1 1 
4 4 0 0 3.14159 1.5708 0 0.785398 1 1 0.000513028 3.76892e-06 -0.00167134 3.88283e-06 0 0 0 0 
4 4 0 0 3.14159 1.5708 0 0.785398 2 2 0 0 0 0 1 1 1 1 
4 4 0 0 3.14159 2.35619 0 0.785398 1 1 0.000576945 3.34557e-06 -0.0013359 3.0245e-06 0 0 0 0 
4 4 0 0 3.14159 2.35619 0 0.785398 2 2 0 0 0 0 1 1 1 1 
4 4 0 0 3.14159 3.14159 0 0.785398 1 1 0.000581972 3.2129e-06 -0.00124 2.77079e-06 0 0 0 0 
4 4 0 0 3.14159 3.14159 0 0.785398 2 2 0 0 0 0 1 1 1 1 
4 4 0 0 2.35619 2.35619 0 0.785398 1 1 0.000552966 3.51031e-06 -0.00144612 3.30834e-06 0 0 0 0 
4 4 0 0 2.35619 2.35619 0 0.785398 2 2 0 0 0 0 1 1 1 1 
4 4 0 0 1.5708 1.5708 0 0.785398 1 1 -5.12054e-06 3.76781e-06 -0.00193821 5.30852e-06 0 0 0 0 
4 4 0 0 1.5708 1.5708 0 0.785398 2 2 0 0 0 0 1 1 1 1 
4 4 0 0 0.785398 0.785398 0 0.785398 1 1 -0.000553459 3.51223e-06 -0.00144207 3.32515e-06 0 0 0 0 
4 4 0 0 0.785398 0.785398 0 0.785398 2 2 0 0 0 0 1 1 1 1 
4 4 0 0 0 0 0 0.785398 1 1 5.76593e-05 5.2966e-06 0.000154896 2.39886e-06 0 1 1 1 
4 4 0 0 0 0 0 0.785398 2 2 0 0 0 0 1 0 0 0 
4 4 0 0 0.785398 0 0 0.785398 1 1 6.74603e-05 5.36279e-06 0.0001662 2.50829e-06 0 1 1 1 
4 4 0 0 0.785398 0 0 0.785398 2 2 0 0 0 0 1 0 0 0 
4 4 0 0 1.5708 0 0 0.785398 1 1 6.11252e-05 5.64407e-06 0.000209473 2.82552e-06 0 1 1 1 
4 4 0 0 1.5708 0 0 0.785398 2 2 0 0 0 0 1 0 0 0 
4 4 0 0 2.35619 0 0 0.785398 1 1 2.79643e-05 6.0024e-06 0.000270994 3.26814e-06 0 1 1 1 
4 4 0 0 2.35619 0 0 0.785398 2 2 0 0 0 0 1 0 0 0 
4 4 0 0 3.14159 0 0 0.785398 1 1 2.48725e-06 6.25828e-06 0.000328018 3.52198e-06 0 1 1 1 
4 4 0 0 3.14159 0 0 0.785398 2 2 0 0 0 0 1 0 0 0 
4 4 0 0 3.14159 0.785398 0 0.785398 1 1 -2.92488e-05 5.99219e-06 0.000271509 3.26625e-06 0 1 1 1 
4 4 0 0 3.14159 0.785398 0 0.785398 2 2 0 0 0 0 1 0 0 0 
4 4 0 0 3.14159 1.5708 0 0.785398 1 1 -5.0119e-05 5.62185e-06 0.000202948 2.81772e-06 0 1 1 1 
4 4 0 0 3.14159 1.5708 0 0.785398 2 2 0 0 0 0 1 0 0 0 
4 4 0 0 3.14159 2.35619 0 0.785398 1 1 -5.91662e-05 5.38753e-06 0.000167011 2.51128e-06 0 1 1 1 
4 4 0 0 3.14159 2.35619 0 0.785398 2 2 0 0 0 0 1 0 0 0 
4 4 0 0 3.14159 3.14159 0 0.785398 1 1 -7.9244e-05 5.25427e-06 0.000154856 2.40176e-06 0 1 1 1 
4 4 0 0 3.14159 3.14159 0 0.785398 2 2 0 0 0 0 1 0 0 0 
4 4 0 0 2.35619 2.35619 0 0.785398 1 1 -6.81203e-05 5.439e-06 0.000180895 2.61489e-06 0 1 1 1 
4 4 0 0 2.35619 2.35619 0 0.785398 2 2 0 0 0 0 1 0 0 0 
4 4 0 0 1.5708 1.5708 0 0.785398 1 1 7.66076e-06 5.81842e-06 0.000244422 3.03259e-06 0 1 1 1 
4 4 0 0 1.5708 1.5708 0 0.785398 2 2 0 0 0 0 1 0 0 0 
4 4 0 0 0.785398 0.785398 0 0.785398 1 1 6.5949e-05 5.44911e-06 0.000182605 2.61637e-06 0 1 1 1 
4 4 0 0 0.785398 0.785398 0 0.785398 2 2 0 0 0 0 1 0 0 0 
4 4 0 0 0 0 0 0.785398 1 1 7.14195e-05 5.27621e-06 0.000152941 2.4091e-06 0 1 1 0 
4 4 0 0 0 0 0 0.785398 2 2 0 0 0 0 1 0 0 1 
4 4 0 0 0.785398 0 0 0.785398 1 1 7.70383e-05 5.39627e-06 0.000165583 2.50639e-06 0 1 1 0 
4 4 0 0 0.785398 0 0 0.785398 2 2 0 0 0 0 1 0 0 1 
4 4 0 0 1.5708 0 0 0.785398 1 1 6.73116e-05 5.63645e-06 0.000212848 2.81512e-06 0 1 1 0 
4 4 0 0 1.5708 0 0 0.785398 2 2 0 0 0 0 1 0 0 1 
4 4 0 0 2.35619 0 0 0.785398 1 1 3.03861e-05 6.00012e-06 0.000277384 3.27035e-06 0 1 1 0 
4 4 0 0 2.35619 0 0 0.785398 2 2 0 0 0 0 1 0 0 1 
4 4 0 0 3.14159 0 0 0.785398 1 1 3.99416e-08 6.26217e-06 0.00032547 3.51396e-06 0 1 1 0 
4 4 0 0 3.14159 0 0 0.785398 2 2 0 0 0 0 1 0 0 1 
4 4 0 0 3.14159 0.785398 0 0.785398 1 1 -3.16589e-05 5.98689e-06 0.000271807 3.25964e-06 0 1 1 0 
4 4 0 0 3.14159 0.785398 0 0.785398 2 2 0 0 0 0 1 0 0 1 
4 4 0 0 3.14159 1.5708 0 0.785398 1 1 -6.35946e-05 5.60519e-06 0.000207211 2.79051e-06 0 1 1 0 
4 4 0 0 3.14159 1.5708 0 0.785398 2 2 0 0 0 0 1 0 0 1 
4 4 0 0 3.14159 2.35619 0 0.785398 1 1 -7.44559e-05 5.38539e-06 0.000169533 2.51328e-06 0 1 1 0 
4 4 0 0 3.14159 2.35619 0 0.785398 2 2 0 0 0 0 1 0 0 1 
4 4 0 0 3.14159 3.14159 0 0.785398 1 1 -6.55517e-05 5.29151e-06 0.000155737 2.41253e-06 0 1 1 0 
4 4 0 0 3.14159 3.14159 0 0.785398 2 2 0 0 0 0 1 0 0 1 
4 4 0 0 2.35619 2.35619 0 0.785398 1 1 -6.54098e-05 5.43898e-06 0.000177491 2.61574e-06 0 1 1 0 
4 4 0 0 2.35619 2.35619 0 0.785398 2 2 0 0 0 0 1 0 0 1 
4 4 0 0 1.5708 1.5708 0 0.785398 1 1 2.70805e-06 5.77001e-06 0.000235125 3.0198e-06 0 1 1 0 
4 4 0 0 1.5708 1.5708 0 0.785398 2 2 0 0 0 0 1 0 0 1 
4 4 0 0 0.785398 0.785398 0 0.785398 1 1 6.71295e-05 5.47155e-06 0.000176947 2.6207e-06 0 1 1 0 
4 4 0 0 0.785398 0.785398 0 0.785398 2 2 0 0 0 0 1 0 0 1 
4 4 0 0 0 0 0 0.785398 1 1 7.2486e-05 5.28494e-06 0.000155199 2.41486e-06 0 1 0 1 
4 4 0 0 0 0 0 0.785398 2 2 0 0 0 0 1 0 1 0 
4 4 0 0 0.785398 0 0 0.785398 1 1 5.85301e-05 5.39438e-06 0.000161424 2.50919e-06 0 1 0 1 
4 4 0 0 0.785398 0 0 0.785398 2 2 0 0 0 0 1 0 1 0 
4 4 0 0 1.5708 0 0 0.785398 1 1 5.58852e-05 5.6313e-06 0.000205484 2.79495e-06 0 1 0 1 
4 4 0 0 1.5708 0 0 0.785398 2 2 0 0 0 0 1 0 1 0 
4 4 0 0 2.35619 0 0 0.785398 1 1 3.23623e-05 5.9984e-06 0.000275118 3.26018e-06 0 1 0 1 
4 4 0 0 2.35619 0 0 0.785398 2 2 0 0 0 0 1 0 1 0 
4 4 0 0 3.14159 0 0 0.785398 1 1 8.09202e-06 6.28189e-06 0.000334703 3.53091e-06 0 1 0 1 
4 4 0 0 3.14159 0 0 0.785398 2 2 0 0 0 0 1 0 1 0 
4 4 0 0 3.14159 0.785398 0 0.785398 1 1 -2.93428e-05 6.00655e-06 0.000281724 3.27793e-06 0 1 0 1 
4 4 0 0 3.14159 0.785398 0 0.785398 2 2 0 0 0 0 1 0 1 0 
4 4 0 0 3.14159 1.5708 0 0.785398 1 1 -6.67491e-05 5.61689e-06 0.000207851 2.81235e-06 0 1 0 1 
4 4 0 0 3.14159 1.5708 0 0.785398 2 2 0 0 0 0 1 0 1 0 
4 4 0 0 3.14159 2.35619 0 0.785398 1 1 -7.54429e-05 5.35931e-06 0.000164839 2.50642e-06 0 1 0 1 
4 4 0 0 3.14159 2.35619 0 0.785398 2 2 0 0 0 0 1 0 1 0 
4 4 0 0 3.14159 3.14159 0 0.785398 1 1 -6.68674e-05 5.29469e-06 0.000154666 2.41885e-06 0 1 0 1 
4 4 0 0 3.14159 3.14159 0 0.785398 2 2 0 0 0 0 1 0 1 0 
4 4 0 0 2.35619 2.35619 0 0.785398 1 1 -6.892e-05 5.47462e-06 0.000181835 2.64058e-06 0 1 0 1 
4 4 0 0 2.35619 2.35619 0 0.785398 2 2 0 0 0 0 1 0 1 0 
4 4 0 0 1.5708 1.5708 0 0.785398 1 1 1.15076e-06 5.77017e-06 0.000238984 3.0084e-06 0 1 0 1 
4 4 0 0 1.5708 1.5708 0 0.785398 2 2 0 0 0 0 1 0 1 0 
4 4 0 0 0.785398 0.785398 0 0.785398 1 1 6.97228e-05 5.45137e-06 0.000178444 2.62661e-06 0 1 0 1 
4 4 0 0 0.785398 0.785398 0 0.785398 2 2 0 0 0 0 1 0 1 0 
