9.706890400000000030e-01 8.459456000000000614e-04 -7.244424000000000696e-02 4.070944000000000168e-04
9.719752400000000181e-01 8.473999999999999979e-04 -7.233776000000000095e-02 4.099487999999999873e-04
9.721210000000000129e-01 8.514208000000000323e-04 -7.365599999999999925e-02 4.151784000000000160e-04
9.736144399999999699e-01 8.568280000000000167e-04 -7.461647999999999892e-02 4.311863999999999888e-04
9.753794000000000075e-01 8.652511999999998923e-04 -7.677151999999999588e-02 4.474719999999999739e-04
9.775498000000000243e-01 8.723847999999999759e-04 -7.888455999999999246e-02 4.693311999999999831e-04
9.801652800000000276e-01 8.816040000000000248e-04 -8.173976000000000852e-02 4.989956000000000036e-04
9.847755999999999732e-01 8.915239999999999840e-04 -8.520408000000000148e-02 5.349184000000000317e-04
9.881586399999999770e-01 8.997280000000000295e-04 -8.930936000000000430e-02 5.765288000000000357e-04
9.927995680000000212e-01 9.021159999999998989e-04 -9.314503999999999839e-02 6.270148000000000128e-04
9.959462000000000037e-01 9.004024000000000446e-04 -9.710568000000001365e-02 6.728007999999999298e-04
9.983397600000000205e-01 8.957896000000000131e-04 -9.857399999999999496e-02 7.121875999999999641e-04
9.991124623999999566e-01 8.941608000000000195e-04 -9.981487999999999472e-02 7.264972000000000617e-04
1.000933472000000046e+00 8.950895999999999419e-04 -9.880927999999999933e-02 7.106459999999999990e-04
1.003601176000000095e+00 9.002176000000000188e-04 -9.617879999999999485e-02 6.745095999999999904e-04
1.006561231999999917e+00 9.021879999999999483e-04 -9.211495999999999573e-02 6.269011999999999805e-04
1.011006136000000000e+00 8.985768000000000531e-04 -8.906079999999999552e-02 5.769304000000000489e-04
1.016973319999999958e+00 8.909496000000000256e-04 -8.511520000000000197e-02 5.344335999999999445e-04
1.019635239999999943e+00 8.841599999999999373e-04 -8.196848000000001022e-02 4.990383999999999619e-04
1.022333359999999969e+00 8.711103999999999462e-04 -7.896352000000000926e-02 4.690755999999999919e-04
1.023909359999999991e+00 8.637919999999999453e-04 -7.644735999999999199e-02 4.461819999999999914e-04
1.026423840000000087e+00 8.554983999999999202e-04 -7.481824000000000807e-02 4.256660000000000001e-04
1.028141160000000109e+00 8.516208000000000371e-04 -7.326696000000000597e-02 4.173535999999999609e-04
1.028963599999999978e+00 8.478287999999999623e-04 -7.230439999999999090e-02 4.096092000000000287e-04
1.028433960000000091e+00 8.462064000000000911e-04 -7.280936000000000352e-02 4.074763999999999600e-04
1.028714640000000013e+00 8.477336000000000246e-04 -7.276704000000000505e-02 4.094768000000000366e-04
1.026618199999999925e+00 8.549759999999999131e-04 -7.433391999999999777e-02 4.277715999999999550e-04
1.024037080000000044e+00 8.652064000000000109e-04 -7.736128000000000449e-02 4.543159999999999647e-04
1.018593239999999955e+00 8.754327999999999372e-04 -8.040832000000000535e-02 4.971312000000000083e-04
1.010875071999999930e+00 8.811328000000000216e-04 -8.393255999999998940e-02 5.521747999999999500e-04
9.998567684000000400e-01 8.818823999999999847e-04 -8.655792000000001041e-02 5.879735999999999773e-04
9.901959040000000156e-01 8.838720000000000647e-04 -8.458528000000001268e-02 5.552432000000000374e-04
9.812057199999999479e-01 8.750712000000000117e-04 -8.066152000000000044e-02 4.939184000000000109e-04
9.757168800000000086e-01 8.662416000000000040e-04 -7.733335999999998989e-02 4.542923999999999942e-04
9.738041600000000297e-01 8.553583999999999927e-04 -7.429608000000001433e-02 4.250103999999999991e-04
9.711110000000000575e-01 8.482167999999999999e-04 -7.266975999999999991e-02 4.114739999999999977e-04
9.706890400000000030e-01 8.459456000000000614e-04 -7.244424000000000696e-02 4.070944000000000168e-04
