3.000000000000000000e+00 -1.070899712000000087e-01 9.905162240000001117e-03 -1.440409600000003981e-02
3.000000000000000000e+00 -1.073232127999999841e-01 1.020206335999999936e-02 -2.568703999999995963e-02
3.000000000000000000e+00 -1.048710400000000265e-01 1.098631423999999954e-02 -6.286796799999998242e-02
3.000000000000000000e+00 -5.868771839999999823e-02 1.170809344000000099e-02 -1.386347520000000832e-01
3.000000000000000000e+00 2.627928217599999946e-03 1.159475712000000019e-02 -1.806714879999999357e-01
3.000000000000000000e+00 5.620485120000000279e-02 1.170622208000000018e-02 -1.411919360000000179e-01
3.000000000000000000e+00 9.998051840000000967e-02 1.098415104000000087e-02 -6.758476800000001727e-02
3.000000000000000000e+00 1.087984640000000253e-01 1.019963391999999941e-02 -2.330572799999996308e-02
3.000000000000000000e+00 1.042375424000000217e-01 9.900019200000000422e-03 -1.159449600000000274e-02
3.000000000000000000e+00 1.025540863999999941e-01 1.046724351999999900e-02 -3.746073599999999448e-02
3.000000000000000000e+00 1.259948287999999817e-03 1.111751167999999908e-02 -1.142912000000000095e-01
3.000000000000000000e+00 -1.054898431999999747e-01 1.047204864000000034e-02 -3.272908800000002422e-02
3.000000000000000000e+00 -1.070899712000000087e-01 9.905162240000001117e-03 -1.440409600000003981e-02
