9.708493999999999735e-01 7.022359999999999627e-04 -7.253759999999999375e-02 2.325431999999999998e-04
9.712096399999999852e-01 7.035480000000000206e-04 -7.248440000000000438e-02 2.325204000000000040e-04
9.717308799999999636e-01 7.082240000000000280e-04 -7.371439999999999937e-02 2.365599999999999984e-04
9.726303200000000482e-01 7.072520000000000109e-04 -7.474880000000000413e-02 2.405088000000000104e-04
9.745003199999999755e-01 7.116759999999999536e-04 -7.642759999999999831e-02 2.462836000000000148e-04
9.775365599999999988e-01 7.145559999999999802e-04 -7.888320000000000054e-02 2.569227999999999790e-04
9.801298400000000299e-01 7.176360000000000117e-04 -8.207639999999999381e-02 2.686100000000000185e-04
9.849911599999999767e-01 7.238080000000000468e-04 -8.546040000000000580e-02 2.820775999999999774e-04
9.877270400000000006e-01 7.251280000000000139e-04 -8.933439999999999437e-02 2.999899999999999789e-04
9.916358800000000251e-01 7.291240000000000481e-04 -9.341800000000000104e-02 3.195823999999999779e-04
9.960678800000000166e-01 7.260640000000000063e-04 -9.608519999999999561e-02 3.367763999999999762e-04
9.987102039999999903e-01 7.270160000000000337e-04 -9.827479999999999549e-02 3.507779999999999948e-04
1.000030652039999968e+00 7.253879999999999877e-04 -9.945160000000000111e-02 3.581155999999999836e-04
1.001277643999999967e+00 7.262959999999999729e-04 -9.837279999999999636e-02 3.517972000000000070e-04
1.004225719999999988e+00 7.275240000000000092e-04 -9.655199999999999894e-02 3.372000000000000106e-04
1.007839399999999941e+00 7.259999999999999743e-04 -9.309919999999999307e-02 3.196667999999999732e-04
1.011986520000000001e+00 7.267439999999999794e-04 -8.889080000000000592e-02 2.974475999999999878e-04
1.015508000000000077e+00 7.199319999999999505e-04 -8.486639999999999462e-02 2.823931999999999918e-04
1.019248280000000006e+00 7.195440000000000213e-04 -8.212999999999999468e-02 2.694368000000000153e-04
1.022356599999999949e+00 7.130320000000000538e-04 -7.868840000000000556e-02 2.562835999999999869e-04
1.024486199999999902e+00 7.102000000000000240e-04 -7.652319999999999955e-02 2.484079999999999839e-04
1.026099199999999989e+00 7.095240000000000054e-04 -7.529840000000000144e-02 2.426859999999999868e-04
1.028061239999999987e+00 7.054039999999999703e-04 -7.306880000000000319e-02 2.344083999999999968e-04
1.029318600000000083e+00 7.052679999999999973e-04 -7.280920000000000447e-02 2.331447999999999908e-04
1.029778960000000021e+00 7.034639999999999990e-04 -7.251960000000000350e-02 2.320579999999999930e-04
1.029543560000000024e+00 7.050920000000000451e-04 -7.296679999999999833e-02 2.339572000000000103e-04
1.027147320000000086e+00 7.076040000000000238e-04 -7.440280000000000504e-02 2.396180000000000087e-04
1.024884719999999971e+00 7.106400000000000130e-04 -7.693840000000000401e-02 2.501552000000000203e-04
1.018945240000000085e+00 7.151920000000000196e-04 -8.074280000000000346e-02 2.670328000000000025e-04
1.010315679999999938e+00 7.168880000000000521e-04 -8.390279999999999960e-02 2.881127999999999836e-04
9.998728047999999591e-01 7.176640000000000189e-04 -8.599840000000000262e-02 3.025408000000000155e-04
9.888247199999999903e-01 7.173400000000000132e-04 -8.439679999999999405e-02 2.900143999999999791e-04
9.811439600000000372e-01 7.169760000000000282e-04 -8.086440000000000294e-02 2.680803999999999956e-04
9.768275199999999492e-01 7.099639999999999944e-04 -7.740800000000000458e-02 2.528739999999999916e-04
9.731849999999999667e-01 7.086199999999999747e-04 -7.455639999999999490e-02 2.396676000000000091e-04
9.711292799999999836e-01 7.049600000000000267e-04 -7.315359999999999918e-02 2.352851999999999949e-04
9.708493999999999735e-01 7.022359999999999627e-04 -7.253759999999999375e-02 2.325431999999999998e-04
