-2.388200207684084905e-02 -1.196512630769993590e-01
-2.113209680183497988e-02 -1.213989154664368297e-01
-1.358773799470506562e-02 -1.259821073200686758e-01
-4.491921941886871730e-03 -1.311481017892575374e-01
-1.626297647040100662e-04 -1.334461516239272005e-01
4.234182387207976149e-03 -1.311667048440630090e-01
1.345463558248130749e-02 -1.259826210210273079e-01
2.110153236448589209e-02 -1.213718023519092526e-01
2.388687433467101551e-02 -1.196332809454792173e-01
1.797294472958303052e-02 -1.227898641595222134e-01
-7.490155946836022315e-05 -1.266984741991276919e-01
-1.803410226002167410e-02 -1.228114668170569024e-01
-2.388200207684084905e-02 -1.196512630769993590e-01
