#Ord Beta Mu H Kx Ky Rfq Imfq in out Re Re_err Imag Imag_err U1 U2 U3 U4 
2 5 0 0 3.14159 0 -4 0.15 1 1 0.00305142 3.45148e-05 -0.0557815 3.51573e-05 0 1 -1 -1 0 111513600
2 5 0 0 3.14159 0 -4 0.15 2 2 -nan -nan -nan -nan 1 0 -1 -1 0 0
2 5 0 0 3.14159 0 -3.75 0.15 1 1 0.00569806 3.34788e-05 -0.0535325 3.39589e-05 0 1 -1 -1 0 111513600
2 5 0 0 3.14159 0 -3.75 0.15 2 2 -nan -nan -nan -nan 1 0 -1 -1 0 0
2 5 0 0 3.14159 0 -3.5 0.15 1 1 0.00793768 3.23591e-05 -0.0511639 3.2754e-05 0 1 -1 -1 0 111513600
2 5 0 0 3.14159 0 -3.5 0.15 2 2 -nan -nan -nan -nan 1 0 -1 -1 0 0
2 5 0 0 3.14159 0 -3.25 0.15 1 1 0.00987681 3.11487e-05 -0.0485736 3.14292e-05 0 1 -1 -1 0 111513600
2 5 0 0 3.14159 0 -3.25 0.15 2 2 -nan -nan -nan -nan 1 0 -1 -1 0 0
2 5 0 0 3.14159 0 -3 0.15 1 1 0.011477 2.98916e-05 -0.0458888 3.00091e-05 0 1 -1 -1 0 111513600
2 5 0 0 3.14159 0 -3 0.15 2 2 -nan -nan -nan -nan 1 0 -1 -1 0 0
2 5 0 0 3.14159 0 -2.75 0.15 1 1 0.0128065 2.85713e-05 -0.0432098 2.85579e-05 0 1 -1 -1 0 111513600
2 5 0 0 3.14159 0 -2.75 0.15 2 2 -nan -nan -nan -nan 1 0 -1 -1 0 0
2 5 0 0 3.14159 0 -2.5 0.15 1 1 0.0137936 2.71828e-05 -0.0405043 2.70466e-05 0 1 -1 -1 0 111513600
2 5 0 0 3.14159 0 -2.5 0.15 2 2 -nan -nan -nan -nan 1 0 -1 -1 0 0
2 5 0 0 3.14159 0 -2.25 0.15 1 1 0.0144825 2.57103e-05 -0.0376547 2.53673e-05 0 1 -1 -1 0 111513600
2 5 0 0 3.14159 0 -2.25 0.15 2 2 -nan -nan -nan -nan 1 0 -1 -1 0 0
2 5 0 0 3.14159 0 -2 0.15 1 1 0.0148436 2.41594e-05 -0.0347882 2.35942e-05 0 1 -1 -1 0 111513600
2 5 0 0 3.14159 0 -2 0.15 2 2 -nan -nan -nan -nan 1 0 -1 -1 0 0
2 5 0 0 3.14159 0 -1.75 0.15 1 1 0.0148765 2.2544e-05 -0.0318237 2.16547e-05 0 1 -1 -1 0 111513600
2 5 0 0 3.14159 0 -1.75 0.15 2 2 -nan -nan -nan -nan 1 0 -1 -1 0 0
2 5 0 0 3.14159 0 -1.5 0.15 1 1 0.0144805 2.08581e-05 -0.0287578 1.95349e-05 0 1 -1 -1 0 111513600
2 5 0 0 3.14159 0 -1.5 0.15 2 2 -nan -nan -nan -nan 1 0 -1 -1 0 0
2 5 0 0 3.14159 0 -1.25 0.15 1 1 0.0135696 1.91528e-05 -0.0257454 1.72935e-05 0 1 -1 -1 0 111513600
2 5 0 0 3.14159 0 -1.25 0.15 2 2 -nan -nan -nan -nan 1 0 -1 -1 0 0
2 5 0 0 3.14159 0 -1 0.15 1 1 0.0119956 1.74793e-05 -0.0227462 1.48776e-05 0 1 -1 -1 0 111513600
2 5 0 0 3.14159 0 -1 0.15 2 2 -nan -nan -nan -nan 1 0 -1 -1 0 0
2 5 0 0 3.14159 0 -0.75 0.15 1 1 0.00962555 1.59602e-05 -0.0200112 1.24206e-05 0 1 -1 -1 0 111513600
2 5 0 0 3.14159 0 -0.75 0.15 2 2 -nan -nan -nan -nan 1 0 -1 -1 0 0
2 5 0 0 3.14159 0 -0.5 0.15 1 1 0.00640481 1.47634e-05 -0.0180126 1.02625e-05 0 1 -1 -1 0 111513600
2 5 0 0 3.14159 0 -0.5 0.15 2 2 -nan -nan -nan -nan 1 0 -1 -1 0 0
2 5 0 0 3.14159 0 -0.25 0.15 1 1 0.00271544 1.40388e-05 -0.0173079 9.03698e-06 0 1 -1 -1 0 111513600
2 5 0 0 3.14159 0 -0.25 0.15 2 2 -nan -nan -nan -nan 1 0 -1 -1 0 0
2 5 0 0 3.14159 0 0 0.15 1 1 2.50538e-05 1.37185e-05 -0.0177461 9.24291e-06 0 1 -1 -1 0 111513600
2 5 0 0 3.14159 0 0 0.15 2 2 -nan -nan -nan -nan 1 0 -1 -1 0 0
2 5 0 0 3.14159 0 0.25 0.15 1 1 -0.00273114 1.40406e-05 -0.0173115 9.03267e-06 0 1 -1 -1 0 111513600
2 5 0 0 3.14159 0 0.25 0.15 2 2 -nan -nan -nan -nan 1 0 -1 -1 0 0
2 5 0 0 3.14159 0 0.5 0.15 1 1 -0.00636275 1.47647e-05 -0.0179958 1.02475e-05 0 1 -1 -1 0 111513600
2 5 0 0 3.14159 0 0.5 0.15 2 2 -nan -nan -nan -nan 1 0 -1 -1 0 0
2 5 0 0 3.14159 0 0.75 0.15 1 1 -0.00961242 1.59594e-05 -0.0200165 1.24245e-05 0 1 -1 -1 0 111513600
2 5 0 0 3.14159 0 0.75 0.15 2 2 -nan -nan -nan -nan 1 0 -1 -1 0 0
2 5 0 0 3.14159 0 1 0.15 1 1 -0.0119915 1.74889e-05 -0.0227659 1.48858e-05 0 1 -1 -1 0 111513600
2 5 0 0 3.14159 0 1 0.15 2 2 -nan -nan -nan -nan 1 0 -1 -1 0 0
2 5 0 0 3.14159 0 1.25 0.15 1 1 -0.0135824 1.9155e-05 -0.0257319 1.7282e-05 0 1 -1 -1 0 111513600
2 5 0 0 3.14159 0 1.25 0.15 2 2 -nan -nan -nan -nan 1 0 -1 -1 0 0
2 5 0 0 3.14159 0 1.5 0.15 1 1 -0.0144548 2.08596e-05 -0.0287829 1.95517e-05 0 1 -1 -1 0 111513600
2 5 0 0 3.14159 0 1.5 0.15 2 2 -nan -nan -nan -nan 1 0 -1 -1 0 0
2 5 0 0 3.14159 0 1.75 0.15 1 1 -0.0148926 2.25378e-05 -0.0318079 2.16466e-05 0 1 -1 -1 0 111513600
2 5 0 0 3.14159 0 1.75 0.15 2 2 -nan -nan -nan -nan 1 0 -1 -1 0 0
2 5 0 0 3.14159 0 2 0.15 1 1 -0.0148861 2.41548e-05 -0.034738 2.357e-05 0 1 -1 -1 0 111513600
2 5 0 0 3.14159 0 2 0.15 2 2 -nan -nan -nan -nan 1 0 -1 -1 0 0
2 5 0 0 3.14159 0 2.25 0.15 1 1 -0.0144918 2.57097e-05 -0.0376735 2.53856e-05 0 1 -1 -1 0 111513600
2 5 0 0 3.14159 0 2.25 0.15 2 2 -nan -nan -nan -nan 1 0 -1 -1 0 0
2 5 0 0 3.14159 0 2.5 0.15 1 1 -0.0137849 2.71764e-05 -0.040452 2.7011e-05 0 1 -1 -1 0 111513600
2 5 0 0 3.14159 0 2.5 0.15 2 2 -nan -nan -nan -nan 1 0 -1 -1 0 0
2 5 0 0 3.14159 0 2.75 0.15 1 1 -0.0128129 2.85715e-05 -0.043277 2.86043e-05 0 1 -1 -1 0 111513600
2 5 0 0 3.14159 0 2.75 0.15 2 2 -nan -nan -nan -nan 1 0 -1 -1 0 0
2 5 0 0 3.14159 0 3 0.15 1 1 -0.0114961 2.989e-05 -0.0458802 3.00217e-05 0 1 -1 -1 0 111513600
2 5 0 0 3.14159 0 3 0.15 2 2 -nan -nan -nan -nan 1 0 -1 -1 0 0
2 5 0 0 3.14159 0 3.25 0.15 1 1 -0.00989316 3.1156e-05 -0.0486111 3.14418e-05 0 1 -1 -1 0 111513600
2 5 0 0 3.14159 0 3.25 0.15 2 2 -nan -nan -nan -nan 1 0 -1 -1 0 0
2 5 0 0 3.14159 0 3.5 0.15 1 1 -0.00790553 3.23584e-05 -0.0511263 3.27221e-05 0 1 -1 -1 0 111513600
2 5 0 0 3.14159 0 3.5 0.15 2 2 -nan -nan -nan -nan 1 0 -1 -1 0 0
2 5 0 0 3.14159 0 3.75 0.15 1 1 -0.00565536 3.34739e-05 -0.0535431 3.39663e-05 0 1 -1 -1 0 111513600
2 5 0 0 3.14159 0 3.75 0.15 2 2 -nan -nan -nan -nan 1 0 -1 -1 0 0
2 5 0 0 3.14159 0 4 0.15 1 1 -0.00305949 3.4522e-05 -0.0557647 3.51452e-05 0 1 -1 -1 0 111513600
2 5 0 0 3.14159 0 4 0.15 2 2 -nan -nan -nan -nan 1 0 -1 -1 0 0
3 5 0 0 3.14159 0 -4 0.15 2 2 -nan -nan -nan -nan 0 0 0 -1 1 0
3 5 0 0 3.14159 0 -4 0.15 1 1 0.00706328 3.2672e-05 0.00926515 3.27553e-05 1 1 1 -1 1 111513568
3 5 0 0 3.14159 0 -3.75 0.15 2 2 -nan -nan -nan -nan 0 0 0 -1 1 0
3 5 0 0 3.14159 0 -3.75 0.15 1 1 0.00634254 3.10888e-05 0.0096364 3.11575e-05 1 1 1 -1 1 111513567
3 5 0 0 3.14159 0 -3.5 0.15 2 2 -nan -nan -nan -nan 0 0 0 -1 1 0
3 5 0 0 3.14159 0 -3.5 0.15 1 1 0.00554044 2.94482e-05 0.00995929 2.94556e-05 1 1 1 -1 1 111513560
3 5 0 0 3.14159 0 -3.25 0.15 2 2 -nan -nan -nan -nan 0 0 0 -1 1 0
3 5 0 0 3.14159 0 -3.25 0.15 1 1 0.0047984 2.77896e-05 0.0100774 2.78198e-05 1 1 1 -1 1 111513566
3 5 0 0 3.14159 0 -3 0.15 2 2 -nan -nan -nan -nan 0 0 0 -1 1 0
3 5 0 0 3.14159 0 -3 0.15 1 1 0.00414243 2.61917e-05 0.0101785 2.61665e-05 1 1 1 -1 1 111513564
3 5 0 0 3.14159 0 -2.75 0.15 2 2 -nan -nan -nan -nan 0 0 0 -1 1 0
3 5 0 0 3.14159 0 -2.75 0.15 1 1 0.00354354 2.46423e-05 0.0102105 2.45727e-05 1 1 1 -1 1 111513567
3 5 0 0 3.14159 0 -2.5 0.15 2 2 -nan -nan -nan -nan 0 0 0 -1 1 0
3 5 0 0 3.14159 0 -2.5 0.15 1 1 0.0028197 2.26296e-05 0.0101979 2.26868e-05 1 1 1 -1 1 111513567
3 5 0 0 3.14159 0 -2.25 0.15 2 2 -nan -nan -nan -nan 0 0 0 -1 1 0
3 5 0 0 3.14159 0 -2.25 0.15 1 1 0.00220653 2.08527e-05 0.0100954 2.09144e-05 1 1 1 -1 1 111513576
3 5 0 0 3.14159 0 -2 0.15 2 2 -nan -nan -nan -nan 0 0 0 -1 1 0
3 5 0 0 3.14159 0 -2 0.15 1 1 0.00156296 1.87836e-05 0.0100141 1.88924e-05 1 1 1 -1 1 111513572
3 5 0 0 3.14159 0 -1.75 0.15 2 2 -nan -nan -nan -nan 0 0 0 -1 1 0
3 5 0 0 3.14159 0 -1.75 0.15 1 1 0.00103713 1.68606e-05 0.00974368 1.68219e-05 1 1 1 -1 1 111513572
3 5 0 0 3.14159 0 -1.5 0.15 2 2 -nan -nan -nan -nan 0 0 0 -1 1 0
3 5 0 0 3.14159 0 -1.5 0.15 1 1 0.000514514 1.47222e-05 0.00948794 1.47211e-05 1 1 1 -1 1 111513563
3 5 0 0 3.14159 0 -1.25 0.15 2 2 -nan -nan -nan -nan 0 0 0 -1 1 0
3 5 0 0 3.14159 0 -1.25 0.15 1 1 5.29935e-05 1.24071e-05 0.0090991 1.25221e-05 1 1 1 -1 1 111513568
3 5 0 0 3.14159 0 -1 0.15 2 2 -nan -nan -nan -nan 0 0 0 -1 1 0
3 5 0 0 3.14159 0 -1 0.15 1 1 -0.000244655 1.01942e-05 0.0086048 1.02059e-05 1 1 1 -1 1 111513567
3 5 0 0 3.14159 0 -0.75 0.15 2 2 -nan -nan -nan -nan 0 0 0 -1 1 0
3 5 0 0 3.14159 0 -0.75 0.15 1 1 -0.00029205 8.04721e-06 0.00808455 8.08814e-06 1 1 1 -1 1 111513578
3 5 0 0 3.14159 0 -0.5 0.15 2 2 -nan -nan -nan -nan 0 0 0 -1 1 0
3 5 0 0 3.14159 0 -0.5 0.15 1 1 -2.0828e-05 6.3752e-06 0.00772625 6.37979e-06 1 1 1 -1 1 111513559
3 5 0 0 3.14159 0 -0.25 0.15 2 2 -nan -nan -nan -nan 0 0 0 -1 1 0
3 5 0 0 3.14159 0 -0.25 0.15 1 1 0.000369517 5.45007e-06 0.00788625 5.56889e-06 1 1 1 -1 1 111513568
3 5 0 0 3.14159 0 0 0.15 2 2 -nan -nan -nan -nan 0 0 0 -1 1 0
3 5 0 0 3.14159 0 0 0.15 1 1 1.71872e-06 4.94364e-06 0.00840143 5.87914e-06 1 1 1 -1 1 111513566
3 5 0 0 3.14159 0 0.25 0.15 2 2 -nan -nan -nan -nan 0 0 0 -1 1 0
3 5 0 0 3.14159 0 0.25 0.15 1 1 -0.000376792 5.4492e-06 0.007884 5.57649e-06 1 1 1 -1 1 111513566
3 5 0 0 3.14159 0 0.5 0.15 2 2 -nan -nan -nan -nan 0 0 0 -1 1 0
3 5 0 0 3.14159 0 0.5 0.15 1 1 1.31822e-05 6.39909e-06 0.00772854 6.38032e-06 1 1 1 -1 1 111513563
3 5 0 0 3.14159 0 0.75 0.15 2 2 -nan -nan -nan -nan 0 0 0 -1 1 0
3 5 0 0 3.14159 0 0.75 0.15 1 1 0.000271805 8.07787e-06 0.00808924 8.10338e-06 1 1 1 -1 1 111513580
3 5 0 0 3.14159 0 1 0.15 2 2 -nan -nan -nan -nan 0 0 0 -1 1 0
3 5 0 0 3.14159 0 1 0.15 1 1 0.000233885 1.01699e-05 0.0086095 1.02611e-05 1 1 1 -1 1 111513576
3 5 0 0 3.14159 0 1.25 0.15 2 2 -nan -nan -nan -nan 0 0 0 -1 1 0
3 5 0 0 3.14159 0 1.25 0.15 1 1 -8.45392e-05 1.24955e-05 0.00908133 1.24849e-05 1 1 1 -1 1 111513572
3 5 0 0 3.14159 0 1.5 0.15 2 2 -nan -nan -nan -nan 0 0 0 -1 1 0
3 5 0 0 3.14159 0 1.5 0.15 1 1 -0.000514599 1.4735e-05 0.00946747 1.47188e-05 1 1 1 -1 1 111513578
3 5 0 0 3.14159 0 1.75 0.15 2 2 -nan -nan -nan -nan 0 0 0 -1 1 0
3 5 0 0 3.14159 0 1.75 0.15 1 1 -0.00103173 1.6842e-05 0.00978174 1.68684e-05 1 1 1 -1 1 111513572
3 5 0 0 3.14159 0 2 0.15 2 2 -nan -nan -nan -nan 0 0 0 -1 1 0
3 5 0 0 3.14159 0 2 0.15 1 1 -0.00162143 1.89653e-05 0.0100278 1.894e-05 1 1 1 -1 1 111513570
3 5 0 0 3.14159 0 2.25 0.15 2 2 -nan -nan -nan -nan 0 0 0 -1 1 0
3 5 0 0 3.14159 0 2.25 0.15 1 1 -0.00220199 2.0828e-05 0.0101283 2.09007e-05 1 1 1 -1 1 111513573
3 5 0 0 3.14159 0 2.5 0.15 2 2 -nan -nan -nan -nan 0 0 0 -1 1 0
3 5 0 0 3.14159 0 2.5 0.15 1 1 -0.00284471 2.27838e-05 0.0101937 2.27935e-05 1 1 1 -1 1 111513582
3 5 0 0 3.14159 0 2.75 0.15 2 2 -nan -nan -nan -nan 0 0 0 -1 1 0
3 5 0 0 3.14159 0 2.75 0.15 1 1 -0.00349555 2.45933e-05 0.0102031 2.46139e-05 1 1 1 -1 1 111513570
3 5 0 0 3.14159 0 3 0.15 2 2 -nan -nan -nan -nan 0 0 0 -1 1 0
3 5 0 0 3.14159 0 3 0.15 1 1 -0.0041879 2.6338e-05 0.0101564 2.62348e-05 1 1 1 -1 1 111513573
3 5 0 0 3.14159 0 3.25 0.15 2 2 -nan -nan -nan -nan 0 0 0 -1 1 0
3 5 0 0 3.14159 0 3.25 0.15 1 1 -0.00490858 2.79945e-05 0.0100886 2.78604e-05 1 1 1 -1 1 111513568
3 5 0 0 3.14159 0 3.5 0.15 2 2 -nan -nan -nan -nan 0 0 0 -1 1 0
3 5 0 0 3.14159 0 3.5 0.15 1 1 -0.00555112 2.94891e-05 0.00986576 2.95673e-05 1 1 1 -1 1 111513560
3 5 0 0 3.14159 0 3.75 0.15 2 2 -nan -nan -nan -nan 0 0 0 -1 1 0
3 5 0 0 3.14159 0 3.75 0.15 1 1 -0.00631429 3.10877e-05 0.00964904 3.10456e-05 1 1 1 -1 1 111513565
3 5 0 0 3.14159 0 4 0.15 2 2 -nan -nan -nan -nan 0 0 0 -1 1 0
3 5 0 0 3.14159 0 4 0.15 1 1 -0.00709738 3.26985e-05 0.0092723 3.26287e-05 1 1 1 -1 1 111513569
3 5 0 0 3.14159 0 -4 0.15 2 2 -nan -nan -nan -nan 0 0 1 -1 2 0
3 5 0 0 3.14159 0 -4 0.15 1 1 -0.00706181 3.26322e-05 -0.009316 3.26952e-05 1 1 0 -1 2 111513570
3 5 0 0 3.14159 0 -3.75 0.15 2 2 -nan -nan -nan -nan 0 0 1 -1 2 0
3 5 0 0 3.14159 0 -3.75 0.15 1 1 -0.00638266 3.13347e-05 -0.00964745 3.11972e-05 1 1 0 -1 2 111513569
3 5 0 0 3.14159 0 -3.5 0.15 2 2 -nan -nan -nan -nan 0 0 1 -1 2 0
3 5 0 0 3.14159 0 -3.5 0.15 1 1 -0.00551869 2.94093e-05 -0.00995757 2.9569e-05 1 1 0 -1 2 111513569
3 5 0 0 3.14159 0 -3.25 0.15 2 2 -nan -nan -nan -nan 0 0 1 -1 2 0
3 5 0 0 3.14159 0 -3.25 0.15 1 1 -0.00489058 2.80172e-05 -0.0100699 2.79571e-05 1 1 0 -1 2 111513568
3 5 0 0 3.14159 0 -3 0.15 2 2 -nan -nan -nan -nan 0 0 1 -1 2 0
3 5 0 0 3.14159 0 -3 0.15 1 1 -0.00415496 2.61928e-05 -0.0101745 2.62617e-05 1 1 0 -1 2 111513564
3 5 0 0 3.14159 0 -2.75 0.15 2 2 -nan -nan -nan -nan 0 0 1 -1 2 0
3 5 0 0 3.14159 0 -2.75 0.15 1 1 -0.00348241 2.45769e-05 -0.0102253 2.45623e-05 1 1 0 -1 2 111513566
3 5 0 0 3.14159 0 -2.5 0.15 2 2 -nan -nan -nan -nan 0 0 1 -1 2 0
3 5 0 0 3.14159 0 -2.5 0.15 1 1 -0.00282281 2.26893e-05 -0.0101857 2.28005e-05 1 1 0 -1 2 111513575
3 5 0 0 3.14159 0 -2.25 0.15 2 2 -nan -nan -nan -nan 0 0 1 -1 2 0
3 5 0 0 3.14159 0 -2.25 0.15 1 1 -0.00217702 2.08518e-05 -0.0101481 2.09417e-05 1 1 0 -1 2 111513550
3 5 0 0 3.14159 0 -2 0.15 2 2 -nan -nan -nan -nan 0 0 1 -1 2 0
3 5 0 0 3.14159 0 -2 0.15 1 1 -0.00160381 1.88905e-05 -0.00999572 1.89156e-05 1 1 0 -1 2 111513575
3 5 0 0 3.14159 0 -1.75 0.15 2 2 -nan -nan -nan -nan 0 0 1 -1 2 0
3 5 0 0 3.14159 0 -1.75 0.15 1 1 -0.00100548 1.6772e-05 -0.0098097 1.68979e-05 1 1 0 -1 2 111513564
3 5 0 0 3.14159 0 -1.5 0.15 2 2 -nan -nan -nan -nan 0 0 1 -1 2 0
3 5 0 0 3.14159 0 -1.5 0.15 1 1 -0.000501169 1.46834e-05 -0.00949163 1.47838e-05 1 1 0 -1 2 111513571
3 5 0 0 3.14159 0 -1.25 0.15 2 2 -nan -nan -nan -nan 0 0 1 -1 2 0
3 5 0 0 3.14159 0 -1.25 0.15 1 1 -7.92886e-05 1.2476e-05 -0.00909048 1.25257e-05 1 1 0 -1 2 111513568
3 5 0 0 3.14159 0 -1 0.15 2 2 -nan -nan -nan -nan 0 0 1 -1 2 0
3 5 0 0 3.14159 0 -1 0.15 1 1 0.000228243 1.02012e-05 -0.00861341 1.02456e-05 1 1 0 -1 2 111513569
3 5 0 0 3.14159 0 -0.75 0.15 2 2 -nan -nan -nan -nan 0 0 1 -1 2 0
3 5 0 0 3.14159 0 -0.75 0.15 1 1 0.000274889 8.07061e-06 -0.008082 8.09054e-06 1 1 0 -1 2 111513579
3 5 0 0 3.14159 0 -0.5 0.15 2 2 -nan -nan -nan -nan 0 0 1 -1 2 0
3 5 0 0 3.14159 0 -0.5 0.15 1 1 1.71241e-05 6.41392e-06 -0.00773625 6.38805e-06 1 1 0 -1 2 111513572
3 5 0 0 3.14159 0 -0.25 0.15 2 2 -nan -nan -nan -nan 0 0 1 -1 2 0
3 5 0 0 3.14159 0 -0.25 0.15 1 1 -0.000374658 5.44963e-06 -0.0078956 5.58565e-06 1 1 0 -1 2 111513569
3 5 0 0 3.14159 0 0 0.15 2 2 -nan -nan -nan -nan 0 0 1 -1 2 0
3 5 0 0 3.14159 0 0 0.15 1 1 7.98568e-06 4.94157e-06 -0.00839481 5.87902e-06 1 1 0 -1 2 111513574
3 5 0 0 3.14159 0 0.25 0.15 2 2 -nan -nan -nan -nan 0 0 1 -1 2 0
3 5 0 0 3.14159 0 0.25 0.15 1 1 0.000381519 5.44451e-06 -0.00788054 5.57056e-06 1 1 0 -1 2 111513566
3 5 0 0 3.14159 0 0.5 0.15 2 2 -nan -nan -nan -nan 0 0 1 -1 2 0
3 5 0 0 3.14159 0 0.5 0.15 1 1 -6.74767e-06 6.41099e-06 -0.00771504 6.37438e-06 1 1 0 -1 2 111513568
3 5 0 0 3.14159 0 0.75 0.15 2 2 -nan -nan -nan -nan 0 0 1 -1 2 0
3 5 0 0 3.14159 0 0.75 0.15 1 1 -0.000282476 8.05506e-06 -0.00808545 8.08341e-06 1 1 0 -1 2 111513578
3 5 0 0 3.14159 0 1 0.15 2 2 -nan -nan -nan -nan 0 0 1 -1 2 0
3 5 0 0 3.14159 0 1 0.15 1 1 -0.000240796 1.01941e-05 -0.00860123 1.01882e-05 1 1 0 -1 2 111513566
3 5 0 0 3.14159 0 1.25 0.15 2 2 -nan -nan -nan -nan 0 0 1 -1 2 0
3 5 0 0 3.14159 0 1.25 0.15 1 1 4.6985e-05 1.24304e-05 -0.0090942 1.24414e-05 1 1 0 -1 2 111513568
3 5 0 0 3.14159 0 1.5 0.15 2 2 -nan -nan -nan -nan 0 0 1 -1 2 0
3 5 0 0 3.14159 0 1.5 0.15 1 1 0.000495735 1.47002e-05 -0.00948153 1.46962e-05 1 1 0 -1 2 111513574
3 5 0 0 3.14159 0 1.75 0.15 2 2 -nan -nan -nan -nan 0 0 1 -1 2 0
3 5 0 0 3.14159 0 1.75 0.15 1 1 0.00104628 1.69322e-05 -0.00978587 1.68744e-05 1 1 0 -1 2 111513570
3 5 0 0 3.14159 0 2 0.15 2 2 -nan -nan -nan -nan 0 0 1 -1 2 0
3 5 0 0 3.14159 0 2 0.15 1 1 0.00160569 1.88222e-05 -0.0100186 1.89254e-05 1 1 0 -1 2 111513559
3 5 0 0 3.14159 0 2.25 0.15 2 2 -nan -nan -nan -nan 0 0 1 -1 2 0
3 5 0 0 3.14159 0 2.25 0.15 1 1 0.0021757 2.08071e-05 -0.0100763 2.08568e-05 1 1 0 -1 2 111513559
3 5 0 0 3.14159 0 2.5 0.15 2 2 -nan -nan -nan -nan 0 0 1 -1 2 0
3 5 0 0 3.14159 0 2.5 0.15 1 1 0.00282454 2.26648e-05 -0.0101783 2.26263e-05 1 1 0 -1 2 111513569
3 5 0 0 3.14159 0 2.75 0.15 2 2 -nan -nan -nan -nan 0 0 1 -1 2 0
3 5 0 0 3.14159 0 2.75 0.15 1 1 0.00344025 2.43775e-05 -0.0102012 2.44975e-05 1 1 0 -1 2 111513561
3 5 0 0 3.14159 0 3 0.15 2 2 -nan -nan -nan -nan 0 0 1 -1 2 0
3 5 0 0 3.14159 0 3 0.15 1 1 0.0041555 2.62171e-05 -0.0101675 2.62523e-05 1 1 0 -1 2 111513572
3 5 0 0 3.14159 0 3.25 0.15 2 2 -nan -nan -nan -nan 0 0 1 -1 2 0
3 5 0 0 3.14159 0 3.25 0.15 1 1 0.00486777 2.79381e-05 -0.0100841 2.80544e-05 1 1 0 -1 2 111513575
3 5 0 0 3.14159 0 3.5 0.15 2 2 -nan -nan -nan -nan 0 0 1 -1 2 0
3 5 0 0 3.14159 0 3.5 0.15 1 1 0.00557896 2.95911e-05 -0.00992326 2.9582e-05 1 1 0 -1 2 111513571
3 5 0 0 3.14159 0 3.75 0.15 2 2 -nan -nan -nan -nan 0 0 1 -1 2 0
3 5 0 0 3.14159 0 3.75 0.15 1 1 0.00627202 3.10076e-05 -0.00968402 3.11017e-05 1 1 0 -1 2 111513567
3 5 0 0 3.14159 0 4 0.15 2 2 -nan -nan -nan -nan 0 0 1 -1 2 0
3 5 0 0 3.14159 0 4 0.15 1 1 0.00708018 3.26339e-05 -0.00930206 3.2563e-05 1 1 0 -1 2 111513569
4 5 0 0 3.14159 0 -4 0.15 2 2 -nan -nan -nan -nan 0 0 0 0 3 0
4 5 0 0 3.14159 0 -4 0.15 1 1 0.00032211 2.27979e-05 0.000389676 2.27997e-05 1 1 1 1 3 111513488
4 5 0 0 3.14159 0 -3.75 0.15 2 2 -nan -nan -nan -nan 0 0 0 0 3 0
4 5 0 0 3.14159 0 -3.75 0.15 1 1 0.000382911 2.14079e-05 0.000365939 2.17187e-05 1 1 1 1 3 111513499
4 5 0 0 3.14159 0 -3.5 0.15 2 2 -nan -nan -nan -nan 0 0 0 0 3 0
4 5 0 0 3.14159 0 -3.5 0.15 1 1 0.000342404 2.02718e-05 0.000434116 1.99332e-05 1 1 1 1 3 111513486
4 5 0 0 3.14159 0 -3.25 0.15 2 2 -nan -nan -nan -nan 0 0 0 0 3 0
4 5 0 0 3.14159 0 -3.25 0.15 1 1 0.000378083 1.92085e-05 0.000464341 1.89496e-05 1 1 1 1 3 111513487
4 5 0 0 3.14159 0 -3 0.15 2 2 -nan -nan -nan -nan 0 0 0 0 3 0
4 5 0 0 3.14159 0 -3 0.15 1 1 0.000371858 1.7435e-05 0.000535681 1.72858e-05 1 1 1 1 3 111513498
4 5 0 0 3.14159 0 -2.75 0.15 2 2 -nan -nan -nan -nan 0 0 0 0 3 0
4 5 0 0 3.14159 0 -2.75 0.15 1 1 0.000349428 1.63371e-05 0.000579588 1.64672e-05 1 1 1 1 3 111513489
4 5 0 0 3.14159 0 -2.5 0.15 2 2 -nan -nan -nan -nan 0 0 0 0 3 0
4 5 0 0 3.14159 0 -2.5 0.15 1 1 0.000330792 1.49388e-05 0.000620965 1.49753e-05 1 1 1 1 3 111513502
4 5 0 0 3.14159 0 -2.25 0.15 2 2 -nan -nan -nan -nan 0 0 0 0 3 0
4 5 0 0 3.14159 0 -2.25 0.15 1 1 0.000311348 1.39897e-05 0.000677221 1.37726e-05 1 1 1 1 3 111513505
4 5 0 0 3.14159 0 -2 0.15 2 2 -nan -nan -nan -nan 0 0 0 0 3 0
4 5 0 0 3.14159 0 -2 0.15 1 1 0.000292211 1.26977e-05 0.000694202 1.2817e-05 1 1 1 1 3 111513514
4 5 0 0 3.14159 0 -1.75 0.15 2 2 -nan -nan -nan -nan 0 0 0 0 3 0
4 5 0 0 3.14159 0 -1.75 0.15 1 1 0.000241418 1.13443e-05 0.000719892 1.13869e-05 1 1 1 1 3 111513466
4 5 0 0 3.14159 0 -1.5 0.15 2 2 -nan -nan -nan -nan 0 0 0 0 3 0
4 5 0 0 3.14159 0 -1.5 0.15 1 1 0.000197432 1.0016e-05 0.000792175 9.80382e-06 1 1 1 1 3 111513498
4 5 0 0 3.14159 0 -1.25 0.15 2 2 -nan -nan -nan -nan 0 0 0 0 3 0
4 5 0 0 3.14159 0 -1.25 0.15 1 1 0.000148985 8.79738e-06 0.000779764 8.73082e-06 1 1 1 1 3 111513493
4 5 0 0 3.14159 0 -1 0.15 2 2 -nan -nan -nan -nan 0 0 0 0 3 0
4 5 0 0 3.14159 0 -1 0.15 1 1 8.3535e-05 7.60788e-06 0.000783669 7.71543e-06 1 1 1 1 3 111513472
4 5 0 0 3.14159 0 -0.75 0.15 2 2 -nan -nan -nan -nan 0 0 0 0 3 0
4 5 0 0 3.14159 0 -0.75 0.15 1 1 2.99914e-05 6.32253e-06 0.000765917 6.36515e-06 1 1 1 1 3 111513492
4 5 0 0 3.14159 0 -0.5 0.15 2 2 -nan -nan -nan -nan 0 0 0 0 3 0
4 5 0 0 3.14159 0 -0.5 0.15 1 1 -8.17568e-06 5.31487e-06 0.000744401 5.29804e-06 1 1 1 1 3 111513476
4 5 0 0 3.14159 0 -0.25 0.15 2 2 -nan -nan -nan -nan 0 0 0 0 3 0
4 5 0 0 3.14159 0 -0.25 0.15 1 1 -4.97707e-05 4.73405e-06 0.000706182 4.7193e-06 1 1 1 1 3 111513472
4 5 0 0 3.14159 0 0 0.15 2 2 -nan -nan -nan -nan 0 0 0 0 3 0
4 5 0 0 3.14159 0 0 0.15 1 1 7.4174e-06 4.85863e-06 0.000610734 5.12173e-06 1 1 1 1 3 111513479
4 5 0 0 3.14159 0 0.25 0.15 2 2 -nan -nan -nan -nan 0 0 0 0 3 0
4 5 0 0 3.14159 0 0.25 0.15 1 1 4.10008e-05 4.66976e-06 0.000699576 4.7184e-06 1 1 1 1 3 111513453
4 5 0 0 3.14159 0 0.5 0.15 2 2 -nan -nan -nan -nan 0 0 0 0 3 0
4 5 0 0 3.14159 0 0.5 0.15 1 1 1.50196e-05 5.28338e-06 0.000739644 5.29882e-06 1 1 1 1 3 111513479
4 5 0 0 3.14159 0 0.75 0.15 2 2 -nan -nan -nan -nan 0 0 0 0 3 0
4 5 0 0 3.14159 0 0.75 0.15 1 1 -1.86138e-05 6.42315e-06 0.000769251 6.34596e-06 1 1 1 1 3 111513488
4 5 0 0 3.14159 0 1 0.15 2 2 -nan -nan -nan -nan 0 0 0 0 3 0
4 5 0 0 3.14159 0 1 0.15 1 1 -8.79411e-05 7.54827e-06 0.000779854 7.51338e-06 1 1 1 1 3 111513486
4 5 0 0 3.14159 0 1.25 0.15 2 2 -nan -nan -nan -nan 0 0 0 0 3 0
4 5 0 0 3.14159 0 1.25 0.15 1 1 -0.000155841 8.6968e-06 0.000785318 8.70055e-06 1 1 1 1 3 111513497
4 5 0 0 3.14159 0 1.5 0.15 2 2 -nan -nan -nan -nan 0 0 0 0 3 0
4 5 0 0 3.14159 0 1.5 0.15 1 1 -0.000206769 9.99183e-06 0.000754337 9.89023e-06 1 1 1 1 3 111513496
4 5 0 0 3.14159 0 1.75 0.15 2 2 -nan -nan -nan -nan 0 0 0 0 3 0
4 5 0 0 3.14159 0 1.75 0.15 1 1 -0.00024893 1.11157e-05 0.000764019 1.11946e-05 1 1 1 1 3 111513484
4 5 0 0 3.14159 0 2 0.15 2 2 -nan -nan -nan -nan 0 0 0 0 3 0
4 5 0 0 3.14159 0 2 0.15 1 1 -0.000284268 1.24589e-05 0.000679521 1.23784e-05 1 1 1 1 3 111513500
4 5 0 0 3.14159 0 2.25 0.15 2 2 -nan -nan -nan -nan 0 0 0 0 3 0
4 5 0 0 3.14159 0 2.25 0.15 1 1 -0.000316697 1.39728e-05 0.000633651 1.40401e-05 1 1 1 1 3 111513501
4 5 0 0 3.14159 0 2.5 0.15 2 2 -nan -nan -nan -nan 0 0 0 0 3 0
4 5 0 0 3.14159 0 2.5 0.15 1 1 -0.000350065 1.51374e-05 0.000603545 1.51771e-05 1 1 1 1 3 111513495
4 5 0 0 3.14159 0 2.75 0.15 2 2 -nan -nan -nan -nan 0 0 0 0 3 0
4 5 0 0 3.14159 0 2.75 0.15 1 1 -0.000349294 1.6535e-05 0.000551197 1.64944e-05 1 1 1 1 3 111513520
4 5 0 0 3.14159 0 3 0.15 2 2 -nan -nan -nan -nan 0 0 0 0 3 0
4 5 0 0 3.14159 0 3 0.15 1 1 -0.000372416 1.78654e-05 0.000531933 1.74695e-05 1 1 1 1 3 111513499
4 5 0 0 3.14159 0 3.25 0.15 2 2 -nan -nan -nan -nan 0 0 0 0 3 0
4 5 0 0 3.14159 0 3.25 0.15 1 1 -0.000339924 1.87751e-05 0.000483853 1.9008e-05 1 1 1 1 3 111513490
4 5 0 0 3.14159 0 3.5 0.15 2 2 -nan -nan -nan -nan 0 0 0 0 3 0
4 5 0 0 3.14159 0 3.5 0.15 1 1 -0.000394629 2.0195e-05 0.000438492 2.00246e-05 1 1 1 1 3 111513484
4 5 0 0 3.14159 0 3.75 0.15 2 2 -nan -nan -nan -nan 0 0 0 0 3 0
4 5 0 0 3.14159 0 3.75 0.15 1 1 -0.00032824 2.1663e-05 0.000404438 2.16798e-05 1 1 1 1 3 111513505
4 5 0 0 3.14159 0 4 0.15 2 2 -nan -nan -nan -nan 0 0 0 0 3 0
4 5 0 0 3.14159 0 4 0.15 1 1 -0.000323677 2.28172e-05 0.000315672 2.32295e-05 1 1 1 1 3 111513516
4 5 0 0 3.14159 0 -4 0.15 2 2 -nan -nan -nan -nan 0 0 0 0 4 0
4 5 0 0 3.14159 0 -4 0.15 1 1 0.00028445 2.29299e-05 0.000329027 2.25994e-05 1 1 1 1 4 111513473
4 5 0 0 3.14159 0 -3.75 0.15 2 2 -nan -nan -nan -nan 0 0 0 0 4 0
4 5 0 0 3.14159 0 -3.75 0.15 1 1 0.000350765 2.17215e-05 0.000395477 2.14312e-05 1 1 1 1 4 111513468
4 5 0 0 3.14159 0 -3.5 0.15 2 2 -nan -nan -nan -nan 0 0 0 0 4 0
4 5 0 0 3.14159 0 -3.5 0.15 1 1 0.000340003 2.04376e-05 0.000416111 2.02511e-05 1 1 1 1 4 111513453
4 5 0 0 3.14159 0 -3.25 0.15 2 2 -nan -nan -nan -nan 0 0 0 0 4 0
4 5 0 0 3.14159 0 -3.25 0.15 1 1 0.000385099 1.92005e-05 0.000469912 1.8976e-05 1 1 1 1 4 111513473
4 5 0 0 3.14159 0 -3 0.15 2 2 -nan -nan -nan -nan 0 0 0 0 4 0
4 5 0 0 3.14159 0 -3 0.15 1 1 0.000345018 1.77421e-05 0.000509285 1.79078e-05 1 1 1 1 4 111513472
4 5 0 0 3.14159 0 -2.75 0.15 2 2 -nan -nan -nan -nan 0 0 0 0 4 0
4 5 0 0 3.14159 0 -2.75 0.15 1 1 0.000353418 1.63677e-05 0.000586547 1.61499e-05 1 1 1 1 4 111513456
4 5 0 0 3.14159 0 -2.5 0.15 2 2 -nan -nan -nan -nan 0 0 0 0 4 0
4 5 0 0 3.14159 0 -2.5 0.15 1 1 0.000310204 1.50905e-05 0.00061049 1.51329e-05 1 1 1 1 4 111513472
4 5 0 0 3.14159 0 -2.25 0.15 2 2 -nan -nan -nan -nan 0 0 0 0 4 0
4 5 0 0 3.14159 0 -2.25 0.15 1 1 0.000302302 1.39446e-05 0.000654257 1.39001e-05 1 1 1 1 4 111513448
4 5 0 0 3.14159 0 -2 0.15 2 2 -nan -nan -nan -nan 0 0 0 0 4 0
4 5 0 0 3.14159 0 -2 0.15 1 1 0.000279595 1.27648e-05 0.00068268 1.2742e-05 1 1 1 1 4 111513449
4 5 0 0 3.14159 0 -1.75 0.15 2 2 -nan -nan -nan -nan 0 0 0 0 4 0
4 5 0 0 3.14159 0 -1.75 0.15 1 1 0.000237551 1.13995e-05 0.000747455 1.13162e-05 1 1 1 1 4 111513447
4 5 0 0 3.14159 0 -1.5 0.15 2 2 -nan -nan -nan -nan 0 0 0 0 4 0
4 5 0 0 3.14159 0 -1.5 0.15 1 1 0.000214358 1.0235e-05 0.000768806 1.01819e-05 1 1 1 1 4 111513459
4 5 0 0 3.14159 0 -1.25 0.15 2 2 -nan -nan -nan -nan 0 0 0 0 4 0
4 5 0 0 3.14159 0 -1.25 0.15 1 1 0.000135187 8.98619e-06 0.00077656 8.87089e-06 1 1 1 1 4 111513449
4 5 0 0 3.14159 0 -1 0.15 2 2 -nan -nan -nan -nan 0 0 0 0 4 0
4 5 0 0 3.14159 0 -1 0.15 1 1 8.09151e-05 7.57643e-06 0.00078607 7.39023e-06 1 1 1 1 4 111513420
4 5 0 0 3.14159 0 -0.75 0.15 2 2 -nan -nan -nan -nan 0 0 0 0 4 0
4 5 0 0 3.14159 0 -0.75 0.15 1 1 2.56181e-05 6.37905e-06 0.000769977 6.21938e-06 1 1 1 1 4 111513456
4 5 0 0 3.14159 0 -0.5 0.15 2 2 -nan -nan -nan -nan 0 0 0 0 4 0
4 5 0 0 3.14159 0 -0.5 0.15 1 1 -1.71555e-05 5.29852e-06 0.000746691 5.29754e-06 1 1 1 1 4 111513422
4 5 0 0 3.14159 0 -0.25 0.15 2 2 -nan -nan -nan -nan 0 0 0 0 4 0
4 5 0 0 3.14159 0 -0.25 0.15 1 1 -5.50912e-05 4.78678e-06 0.000694874 4.81963e-06 1 1 1 1 4 111513423
4 5 0 0 3.14159 0 0 0.15 2 2 -nan -nan -nan -nan 0 0 0 0 4 0
4 5 0 0 3.14159 0 0 0.15 1 1 -1.05584e-05 4.88075e-06 0.000610061 5.13197e-06 1 1 1 1 4 111513417
4 5 0 0 3.14159 0 0.25 0.15 2 2 -nan -nan -nan -nan 0 0 0 0 4 0
4 5 0 0 3.14159 0 0.25 0.15 1 1 4.7181e-05 4.76767e-06 0.000697987 4.74391e-06 1 1 1 1 4 111513416
4 5 0 0 3.14159 0 0.5 0.15 2 2 -nan -nan -nan -nan 0 0 0 0 4 0
4 5 0 0 3.14159 0 0.5 0.15 1 1 5.73533e-06 5.24217e-06 0.000742147 5.29184e-06 1 1 1 1 4 111513436
4 5 0 0 3.14159 0 0.75 0.15 2 2 -nan -nan -nan -nan 0 0 0 0 4 0
4 5 0 0 3.14159 0 0.75 0.15 1 1 -1.24837e-05 6.33728e-06 0.000765962 6.53909e-06 1 1 1 1 4 111513434
4 5 0 0 3.14159 0 1 0.15 2 2 -nan -nan -nan -nan 0 0 0 0 4 0
4 5 0 0 3.14159 0 1 0.15 1 1 -9.32357e-05 7.55726e-06 0.000781714 7.73207e-06 1 1 1 1 4 111513435
4 5 0 0 3.14159 0 1.25 0.15 2 2 -nan -nan -nan -nan 0 0 0 0 4 0
4 5 0 0 3.14159 0 1.25 0.15 1 1 -0.000149473 8.66267e-06 0.000762354 8.87491e-06 1 1 1 1 4 111513452
4 5 0 0 3.14159 0 1.5 0.15 2 2 -nan -nan -nan -nan 0 0 0 0 4 0
4 5 0 0 3.14159 0 1.5 0.15 1 1 -0.000202285 1.00907e-05 0.00077485 1.02475e-05 1 1 1 1 4 111513438
4 5 0 0 3.14159 0 1.75 0.15 2 2 -nan -nan -nan -nan 0 0 0 0 4 0
4 5 0 0 3.14159 0 1.75 0.15 1 1 -0.000254602 1.13377e-05 0.000710108 1.14488e-05 1 1 1 1 4 111513473
4 5 0 0 3.14159 0 2 0.15 2 2 -nan -nan -nan -nan 0 0 0 0 4 0
4 5 0 0 3.14159 0 2 0.15 1 1 -0.000297559 1.25564e-05 0.000732602 1.24778e-05 1 1 1 1 4 111513491
4 5 0 0 3.14159 0 2.25 0.15 2 2 -nan -nan -nan -nan 0 0 0 0 4 0
4 5 0 0 3.14159 0 2.25 0.15 1 1 -0.000322558 1.38037e-05 0.000640983 1.3926e-05 1 1 1 1 4 111513459
4 5 0 0 3.14159 0 2.5 0.15 2 2 -nan -nan -nan -nan 0 0 0 0 4 0
4 5 0 0 3.14159 0 2.5 0.15 1 1 -0.00033249 1.51226e-05 0.000599337 1.51398e-05 1 1 1 1 4 111513491
4 5 0 0 3.14159 0 2.75 0.15 2 2 -nan -nan -nan -nan 0 0 0 0 4 0
4 5 0 0 3.14159 0 2.75 0.15 1 1 -0.000316133 1.62661e-05 0.000556411 1.63967e-05 1 1 1 1 4 111513470
4 5 0 0 3.14159 0 3 0.15 2 2 -nan -nan -nan -nan 0 0 0 0 4 0
4 5 0 0 3.14159 0 3 0.15 1 1 -0.000322527 1.76673e-05 0.000517112 1.76862e-05 1 1 1 1 4 111513475
4 5 0 0 3.14159 0 3.25 0.15 2 2 -nan -nan -nan -nan 0 0 0 0 4 0
4 5 0 0 3.14159 0 3.25 0.15 1 1 -0.000355826 1.89454e-05 0.000495595 1.87012e-05 1 1 1 1 4 111513469
4 5 0 0 3.14159 0 3.5 0.15 2 2 -nan -nan -nan -nan 0 0 0 0 4 0
4 5 0 0 3.14159 0 3.5 0.15 1 1 -0.000391456 2.04074e-05 0.000409571 2.07798e-05 1 1 1 1 4 111513464
4 5 0 0 3.14159 0 3.75 0.15 2 2 -nan -nan -nan -nan 0 0 0 0 4 0
4 5 0 0 3.14159 0 3.75 0.15 1 1 -0.000344405 2.16495e-05 0.000342372 2.16851e-05 1 1 1 1 4 111513467
4 5 0 0 3.14159 0 4 0.15 2 2 -nan -nan -nan -nan 0 0 0 0 4 0
4 5 0 0 3.14159 0 4 0.15 1 1 -0.000323517 2.25461e-05 0.00035433 2.29763e-05 1 1 1 1 4 111513471
4 5 0 0 3.14159 0 -4 0.15 2 2 -nan -nan -nan -nan 0 0 0 0 5 0
4 5 0 0 3.14159 0 -4 0.15 1 1 0.00037079 2.28783e-05 0.000366645 2.28869e-05 1 1 1 1 5 111513492
4 5 0 0 3.14159 0 -3.75 0.15 2 2 -nan -nan -nan -nan 0 0 0 0 5 0
4 5 0 0 3.14159 0 -3.75 0.15 1 1 0.000356319 2.16279e-05 0.000359475 2.17494e-05 1 1 1 1 5 111513501
4 5 0 0 3.14159 0 -3.5 0.15 2 2 -nan -nan -nan -nan 0 0 0 0 5 0
4 5 0 0 3.14159 0 -3.5 0.15 1 1 0.000337033 2.03833e-05 0.000393559 2.02962e-05 1 1 1 1 5 111513505
4 5 0 0 3.14159 0 -3.25 0.15 2 2 -nan -nan -nan -nan 0 0 0 0 5 0
4 5 0 0 3.14159 0 -3.25 0.15 1 1 0.000370899 1.87978e-05 0.000480708 1.86218e-05 1 1 1 1 5 111513490
4 5 0 0 3.14159 0 -3 0.15 2 2 -nan -nan -nan -nan 0 0 0 0 5 0
4 5 0 0 3.14159 0 -3 0.15 1 1 0.000337469 1.74705e-05 0.000524545 1.78308e-05 1 1 1 1 5 111513503
4 5 0 0 3.14159 0 -2.75 0.15 2 2 -nan -nan -nan -nan 0 0 0 0 5 0
4 5 0 0 3.14159 0 -2.75 0.15 1 1 0.000332343 1.63276e-05 0.000573677 1.63213e-05 1 1 1 1 5 111513502
4 5 0 0 3.14159 0 -2.5 0.15 2 2 -nan -nan -nan -nan 0 0 0 0 5 0
4 5 0 0 3.14159 0 -2.5 0.15 1 1 0.000350202 1.52401e-05 0.000601906 1.5026e-05 1 1 1 1 5 111513497
4 5 0 0 3.14159 0 -2.25 0.15 2 2 -nan -nan -nan -nan 0 0 0 0 5 0
4 5 0 0 3.14159 0 -2.25 0.15 1 1 0.000335809 1.39401e-05 0.000655907 1.39475e-05 1 1 1 1 5 111513493
4 5 0 0 3.14159 0 -2 0.15 2 2 -nan -nan -nan -nan 0 0 0 0 5 0
4 5 0 0 3.14159 0 -2 0.15 1 1 0.000274459 1.25973e-05 0.000688787 1.26303e-05 1 1 1 1 5 111513495
4 5 0 0 3.14159 0 -1.75 0.15 2 2 -nan -nan -nan -nan 0 0 0 0 5 0
4 5 0 0 3.14159 0 -1.75 0.15 1 1 0.000255788 1.15133e-05 0.000727448 1.12513e-05 1 1 1 1 5 111513494
4 5 0 0 3.14159 0 -1.5 0.15 2 2 -nan -nan -nan -nan 0 0 0 0 5 0
4 5 0 0 3.14159 0 -1.5 0.15 1 1 0.000184786 1.0137e-05 0.00075775 1.01294e-05 1 1 1 1 5 111513492
4 5 0 0 3.14159 0 -1.25 0.15 2 2 -nan -nan -nan -nan 0 0 0 0 5 0
4 5 0 0 3.14159 0 -1.25 0.15 1 1 0.000150678 8.79975e-06 0.000782291 8.80478e-06 1 1 1 1 5 111513470
4 5 0 0 3.14159 0 -1 0.15 2 2 -nan -nan -nan -nan 0 0 0 0 5 0
4 5 0 0 3.14159 0 -1 0.15 1 1 9.19094e-05 7.55806e-06 0.000794306 7.47706e-06 1 1 1 1 5 111513489
4 5 0 0 3.14159 0 -0.75 0.15 2 2 -nan -nan -nan -nan 0 0 0 0 5 0
4 5 0 0 3.14159 0 -0.75 0.15 1 1 3.32881e-05 6.30421e-06 0.000766758 6.35059e-06 1 1 1 1 5 111513505
4 5 0 0 3.14159 0 -0.5 0.15 2 2 -nan -nan -nan -nan 0 0 0 0 5 0
4 5 0 0 3.14159 0 -0.5 0.15 1 1 -2.21821e-05 5.22444e-06 0.000745426 5.14631e-06 1 1 1 1 5 111513468
4 5 0 0 3.14159 0 -0.25 0.15 2 2 -nan -nan -nan -nan 0 0 0 0 5 0
4 5 0 0 3.14159 0 -0.25 0.15 1 1 -5.17862e-05 4.73302e-06 0.000710768 4.63225e-06 1 1 1 1 5 111513486
4 5 0 0 3.14159 0 0 0.15 2 2 -nan -nan -nan -nan 0 0 0 0 5 0
4 5 0 0 3.14159 0 0 0.15 1 1 1.56807e-06 4.84114e-06 0.000606722 5.17835e-06 1 1 1 1 5 111513492
4 5 0 0 3.14159 0 0.25 0.15 2 2 -nan -nan -nan -nan 0 0 0 0 5 0
4 5 0 0 3.14159 0 0.25 0.15 1 1 4.93803e-05 4.74183e-06 0.000706081 4.70461e-06 1 1 1 1 5 111513484
4 5 0 0 3.14159 0 0.5 0.15 2 2 -nan -nan -nan -nan 0 0 0 0 5 0
4 5 0 0 3.14159 0 0.5 0.15 1 1 1.54244e-05 5.30529e-06 0.000747727 5.32823e-06 1 1 1 1 5 111513485
4 5 0 0 3.14159 0 0.75 0.15 2 2 -nan -nan -nan -nan 0 0 0 0 5 0
4 5 0 0 3.14159 0 0.75 0.15 1 1 -3.29175e-05 6.2601e-06 0.000770341 6.44506e-06 1 1 1 1 5 111513496
4 5 0 0 3.14159 0 1 0.15 2 2 -nan -nan -nan -nan 0 0 0 0 5 0
4 5 0 0 3.14159 0 1 0.15 1 1 -9.47051e-05 7.4902e-06 0.000792601 7.44233e-06 1 1 1 1 5 111513484
4 5 0 0 3.14159 0 1.25 0.15 2 2 -nan -nan -nan -nan 0 0 0 0 5 0
4 5 0 0 3.14159 0 1.25 0.15 1 1 -0.000126623 8.95237e-06 0.000789987 8.8455e-06 1 1 1 1 5 111513506
4 5 0 0 3.14159 0 1.5 0.15 2 2 -nan -nan -nan -nan 0 0 0 0 5 0
4 5 0 0 3.14159 0 1.5 0.15 1 1 -0.000175831 1.02052e-05 0.000748645 1.01715e-05 1 1 1 1 5 111513485
4 5 0 0 3.14159 0 1.75 0.15 2 2 -nan -nan -nan -nan 0 0 0 0 5 0
4 5 0 0 3.14159 0 1.75 0.15 1 1 -0.000233101 1.14635e-05 0.000704755 1.15039e-05 1 1 1 1 5 111513491
4 5 0 0 3.14159 0 2 0.15 2 2 -nan -nan -nan -nan 0 0 0 0 5 0
4 5 0 0 3.14159 0 2 0.15 1 1 -0.000281823 1.27525e-05 0.000694691 1.28403e-05 1 1 1 1 5 111513489
4 5 0 0 3.14159 0 2.25 0.15 2 2 -nan -nan -nan -nan 0 0 0 0 5 0
4 5 0 0 3.14159 0 2.25 0.15 1 1 -0.000350894 1.39974e-05 0.000641136 1.38573e-05 1 1 1 1 5 111513487
4 5 0 0 3.14159 0 2.5 0.15 2 2 -nan -nan -nan -nan 0 0 0 0 5 0
4 5 0 0 3.14159 0 2.5 0.15 1 1 -0.000325302 1.51125e-05 0.000637139 1.49094e-05 1 1 1 1 5 111513468
4 5 0 0 3.14159 0 2.75 0.15 2 2 -nan -nan -nan -nan 0 0 0 0 5 0
4 5 0 0 3.14159 0 2.75 0.15 1 1 -0.000337508 1.62119e-05 0.000586442 1.61925e-05 1 1 1 1 5 111513492
4 5 0 0 3.14159 0 3 0.15 2 2 -nan -nan -nan -nan 0 0 0 0 5 0
4 5 0 0 3.14159 0 3 0.15 1 1 -0.000361891 1.75966e-05 0.000523768 1.71347e-05 1 1 1 1 5 111513475
4 5 0 0 3.14159 0 3.25 0.15 2 2 -nan -nan -nan -nan 0 0 0 0 5 0
4 5 0 0 3.14159 0 3.25 0.15 1 1 -0.000349015 1.92739e-05 0.000475286 1.925e-05 1 1 1 1 5 111513497
4 5 0 0 3.14159 0 3.5 0.15 2 2 -nan -nan -nan -nan 0 0 0 0 5 0
4 5 0 0 3.14159 0 3.5 0.15 1 1 -0.000357563 2.04119e-05 0.000448938 2.01448e-05 1 1 1 1 5 111513486
4 5 0 0 3.14159 0 3.75 0.15 2 2 -nan -nan -nan -nan 0 0 0 0 5 0
4 5 0 0 3.14159 0 3.75 0.15 1 1 -0.000349847 2.14599e-05 0.000355861 2.16675e-05 1 1 1 1 5 111513491
4 5 0 0 3.14159 0 4 0.15 2 2 -nan -nan -nan -nan 0 0 0 0 5 0
4 5 0 0 3.14159 0 4 0.15 1 1 -0.000345899 2.31201e-05 0.000421991 2.24708e-05 1 1 1 1 5 111513479
4 5 0 0 3.14159 0 -4 0.15 2 2 -nan -nan -nan -nan 0 0 1 1 6 0
4 5 0 0 3.14159 0 -4 0.15 1 1 0.00125212 3.22663e-05 0.000116684 3.20522e-05 1 1 0 0 6 111513555
4 5 0 0 3.14159 0 -3.75 0.15 2 2 -nan -nan -nan -nan 0 0 1 1 6 0
4 5 0 0 3.14159 0 -3.75 0.15 1 1 0.00127205 3.07377e-05 0.00019366 3.06795e-05 1 1 0 0 6 111513531
4 5 0 0 3.14159 0 -3.5 0.15 2 2 -nan -nan -nan -nan 0 0 1 1 6 0
4 5 0 0 3.14159 0 -3.5 0.15 1 1 0.00124095 2.82197e-05 0.000332755 2.82775e-05 1 1 0 0 6 111513524
4 5 0 0 3.14159 0 -3.25 0.15 2 2 -nan -nan -nan -nan 0 0 1 1 6 0
4 5 0 0 3.14159 0 -3.25 0.15 1 1 0.00124284 2.64288e-05 0.00041987 2.64776e-05 1 1 0 0 6 111513522
4 5 0 0 3.14159 0 -3 0.15 2 2 -nan -nan -nan -nan 0 0 1 1 6 0
4 5 0 0 3.14159 0 -3 0.15 1 1 0.00117633 2.44334e-05 0.000513688 2.45893e-05 1 1 0 0 6 111513545
4 5 0 0 3.14159 0 -2.75 0.15 2 2 -nan -nan -nan -nan 0 0 1 1 6 0
4 5 0 0 3.14159 0 -2.75 0.15 1 1 0.0011727 2.2142e-05 0.000630766 2.17743e-05 1 1 0 0 6 111513528
4 5 0 0 3.14159 0 -2.5 0.15 2 2 -nan -nan -nan -nan 0 0 1 1 6 0
4 5 0 0 3.14159 0 -2.5 0.15 1 1 0.00117079 2.02927e-05 0.000741073 1.98772e-05 1 1 0 0 6 111513544
4 5 0 0 3.14159 0 -2.25 0.15 2 2 -nan -nan -nan -nan 0 0 1 1 6 0
4 5 0 0 3.14159 0 -2.25 0.15 1 1 0.00104803 1.82316e-05 0.000845237 1.80623e-05 1 1 0 0 6 111513553
4 5 0 0 3.14159 0 -2 0.15 2 2 -nan -nan -nan -nan 0 0 1 1 6 0
4 5 0 0 3.14159 0 -2 0.15 1 1 0.00105004 1.62641e-05 0.000928225 1.57595e-05 1 1 0 0 6 111513524
4 5 0 0 3.14159 0 -1.75 0.15 2 2 -nan -nan -nan -nan 0 0 1 1 6 0
4 5 0 0 3.14159 0 -1.75 0.15 1 1 0.000979439 1.35066e-05 0.00107266 1.36453e-05 1 1 0 0 6 111513530
4 5 0 0 3.14159 0 -1.5 0.15 2 2 -nan -nan -nan -nan 0 0 1 1 6 0
4 5 0 0 3.14159 0 -1.5 0.15 1 1 0.000892231 1.14468e-05 0.00115886 1.15659e-05 1 1 0 0 6 111513538
4 5 0 0 3.14159 0 -1.25 0.15 2 2 -nan -nan -nan -nan 0 0 1 1 6 0
4 5 0 0 3.14159 0 -1.25 0.15 1 1 0.000803745 9.27464e-06 0.00125905 9.22794e-06 1 1 0 0 6 111513537
4 5 0 0 3.14159 0 -1 0.15 2 2 -nan -nan -nan -nan 0 0 1 1 6 0
4 5 0 0 3.14159 0 -1 0.15 1 1 0.000696677 7.17943e-06 0.00135137 7.20628e-06 1 1 0 0 6 111513528
4 5 0 0 3.14159 0 -0.75 0.15 2 2 -nan -nan -nan -nan 0 0 1 1 6 0
4 5 0 0 3.14159 0 -0.75 0.15 1 1 0.000618057 5.44315e-06 0.00142672 5.34244e-06 1 1 0 0 6 111513540
4 5 0 0 3.14159 0 -0.5 0.15 2 2 -nan -nan -nan -nan 0 0 1 1 6 0
4 5 0 0 3.14159 0 -0.5 0.15 1 1 0.00055645 4.30034e-06 0.00153396 4.20212e-06 1 1 0 0 6 111513530
4 5 0 0 3.14159 0 -0.25 0.15 2 2 -nan -nan -nan -nan 0 0 1 1 6 0
4 5 0 0 3.14159 0 -0.25 0.15 1 1 0.000454023 3.78486e-06 0.00177595 3.78252e-06 1 1 0 0 6 111513530
4 5 0 0 3.14159 0 0 0.15 2 2 -nan -nan -nan -nan 0 0 1 1 6 0
4 5 0 0 3.14159 0 0 0.15 1 1 -6.2578e-06 3.70389e-06 0.0020626 4.11994e-06 1 1 0 0 6 111513527
4 5 0 0 3.14159 0 0.25 0.15 2 2 -nan -nan -nan -nan 0 0 1 1 6 0
4 5 0 0 3.14159 0 0.25 0.15 1 1 -0.000462102 3.79281e-06 0.0017743 3.80307e-06 1 1 0 0 6 111513530
4 5 0 0 3.14159 0 0.5 0.15 2 2 -nan -nan -nan -nan 0 0 1 1 6 0
4 5 0 0 3.14159 0 0.5 0.15 1 1 -0.000555707 4.26978e-06 0.0015434 4.21127e-06 1 1 0 0 6 111513539
4 5 0 0 3.14159 0 0.75 0.15 2 2 -nan -nan -nan -nan 0 0 1 1 6 0
4 5 0 0 3.14159 0 0.75 0.15 1 1 -0.00062574 5.50235e-06 0.00143409 5.45518e-06 1 1 0 0 6 111513538
4 5 0 0 3.14159 0 1 0.15 2 2 -nan -nan -nan -nan 0 0 1 1 6 0
4 5 0 0 3.14159 0 1 0.15 1 1 -0.000711693 7.16491e-06 0.0013551 7.09322e-06 1 1 0 0 6 111513533
4 5 0 0 3.14159 0 1.25 0.15 2 2 -nan -nan -nan -nan 0 0 1 1 6 0
4 5 0 0 3.14159 0 1.25 0.15 1 1 -0.000796002 9.43573e-06 0.00125455 9.44678e-06 1 1 0 0 6 111513532
4 5 0 0 3.14159 0 1.5 0.15 2 2 -nan -nan -nan -nan 0 0 1 1 6 0
4 5 0 0 3.14159 0 1.5 0.15 1 1 -0.000879432 1.12581e-05 0.00115351 1.14404e-05 1 1 0 0 6 111513530
4 5 0 0 3.14159 0 1.75 0.15 2 2 -nan -nan -nan -nan 0 0 1 1 6 0
4 5 0 0 3.14159 0 1.75 0.15 1 1 -0.000965863 1.39623e-05 0.00108033 1.37874e-05 1 1 0 0 6 111513524
4 5 0 0 3.14159 0 2 0.15 2 2 -nan -nan -nan -nan 0 0 1 1 6 0
4 5 0 0 3.14159 0 2 0.15 1 1 -0.00100017 1.56498e-05 0.000949917 1.57279e-05 1 1 0 0 6 111513528
4 5 0 0 3.14159 0 2.25 0.15 2 2 -nan -nan -nan -nan 0 0 1 1 6 0
4 5 0 0 3.14159 0 2.25 0.15 1 1 -0.00107394 1.81204e-05 0.000855985 1.79526e-05 1 1 0 0 6 111513532
4 5 0 0 3.14159 0 2.5 0.15 2 2 -nan -nan -nan -nan 0 0 1 1 6 0
4 5 0 0 3.14159 0 2.5 0.15 1 1 -0.00114521 1.9968e-05 0.000710137 2.05894e-05 1 1 0 0 6 111513539
4 5 0 0 3.14159 0 2.75 0.15 2 2 -nan -nan -nan -nan 0 0 1 1 6 0
4 5 0 0 3.14159 0 2.75 0.15 1 1 -0.00115526 2.22746e-05 0.000605898 2.2324e-05 1 1 0 0 6 111513532
4 5 0 0 3.14159 0 3 0.15 2 2 -nan -nan -nan -nan 0 0 1 1 6 0
4 5 0 0 3.14159 0 3 0.15 1 1 -0.00124134 2.44149e-05 0.00055123 2.40462e-05 1 1 0 0 6 111513534
4 5 0 0 3.14159 0 3.25 0.15 2 2 -nan -nan -nan -nan 0 0 1 1 6 0
4 5 0 0 3.14159 0 3.25 0.15 1 1 -0.00121525 2.64542e-05 0.000462305 2.64315e-05 1 1 0 0 6 111513543
4 5 0 0 3.14159 0 3.5 0.15 2 2 -nan -nan -nan -nan 0 0 1 1 6 0
4 5 0 0 3.14159 0 3.5 0.15 1 1 -0.00129568 2.83902e-05 0.000305892 2.82247e-05 1 1 0 0 6 111513518
4 5 0 0 3.14159 0 3.75 0.15 2 2 -nan -nan -nan -nan 0 0 1 1 6 0
4 5 0 0 3.14159 0 3.75 0.15 1 1 -0.00131001 3.02102e-05 0.000154875 3.04351e-05 1 1 0 0 6 111513520
4 5 0 0 3.14159 0 4 0.15 2 2 -nan -nan -nan -nan 0 0 1 1 6 0
4 5 0 0 3.14159 0 4 0.15 1 1 -0.00133175 3.28286e-05 7.0214e-05 3.30777e-05 1 1 0 0 6 111513549
4 5 0 0 3.14159 0 -4 0.15 2 2 -nan -nan -nan -nan 0 0 0 0 7 0
4 5 0 0 3.14159 0 -4 0.15 1 1 0.00133232 3.21705e-05 8.34384e-05 3.27496e-05 1 1 1 1 7 111513530
4 5 0 0 3.14159 0 -3.75 0.15 2 2 -nan -nan -nan -nan 0 0 0 0 7 0
4 5 0 0 3.14159 0 -3.75 0.15 1 1 0.00128253 3.03207e-05 0.000217179 3.05961e-05 1 1 1 1 7 111513548
4 5 0 0 3.14159 0 -3.5 0.15 2 2 -nan -nan -nan -nan 0 0 0 0 7 0
4 5 0 0 3.14159 0 -3.5 0.15 1 1 0.00125283 2.8917e-05 0.000302362 2.83694e-05 1 1 1 1 7 111513547
4 5 0 0 3.14159 0 -3.25 0.15 2 2 -nan -nan -nan -nan 0 0 0 0 7 0
4 5 0 0 3.14159 0 -3.25 0.15 1 1 0.00123261 2.61957e-05 0.00037671 2.65331e-05 1 1 1 1 7 111513538
4 5 0 0 3.14159 0 -3 0.15 2 2 -nan -nan -nan -nan 0 0 0 0 7 0
4 5 0 0 3.14159 0 -3 0.15 1 1 0.00122787 2.38205e-05 0.000542648 2.42167e-05 1 1 1 1 7 111513506
4 5 0 0 3.14159 0 -2.75 0.15 2 2 -nan -nan -nan -nan 0 0 0 0 7 0
4 5 0 0 3.14159 0 -2.75 0.15 1 1 0.00117472 2.18279e-05 0.00062332 2.24643e-05 1 1 1 1 7 111513537
4 5 0 0 3.14159 0 -2.5 0.15 2 2 -nan -nan -nan -nan 0 0 0 0 7 0
4 5 0 0 3.14159 0 -2.5 0.15 1 1 0.00115944 1.98521e-05 0.000715242 2.04172e-05 1 1 1 1 7 111513541
4 5 0 0 3.14159 0 -2.25 0.15 2 2 -nan -nan -nan -nan 0 0 0 0 7 0
4 5 0 0 3.14159 0 -2.25 0.15 1 1 0.00110357 1.76701e-05 0.000863249 1.77498e-05 1 1 1 1 7 111513534
4 5 0 0 3.14159 0 -2 0.15 2 2 -nan -nan -nan -nan 0 0 0 0 7 0
4 5 0 0 3.14159 0 -2 0.15 1 1 0.0010488 1.59815e-05 0.000938075 1.59359e-05 1 1 1 1 7 111513536
4 5 0 0 3.14159 0 -1.75 0.15 2 2 -nan -nan -nan -nan 0 0 0 0 7 0
4 5 0 0 3.14159 0 -1.75 0.15 1 1 0.000962722 1.34616e-05 0.00105243 1.38765e-05 1 1 1 1 7 111513527
4 5 0 0 3.14159 0 -1.5 0.15 2 2 -nan -nan -nan -nan 0 0 0 0 7 0
4 5 0 0 3.14159 0 -1.5 0.15 1 1 0.00089235 1.15519e-05 0.00113673 1.18158e-05 1 1 1 1 7 111513550
4 5 0 0 3.14159 0 -1.25 0.15 2 2 -nan -nan -nan -nan 0 0 0 0 7 0
4 5 0 0 3.14159 0 -1.25 0.15 1 1 0.000797286 9.25979e-06 0.00125636 9.33128e-06 1 1 1 1 7 111513543
4 5 0 0 3.14159 0 -1 0.15 2 2 -nan -nan -nan -nan 0 0 0 0 7 0
4 5 0 0 3.14159 0 -1 0.15 1 1 0.000709784 7.20509e-06 0.00135075 7.19881e-06 1 1 1 1 7 111513537
4 5 0 0 3.14159 0 -0.75 0.15 2 2 -nan -nan -nan -nan 0 0 0 0 7 0
4 5 0 0 3.14159 0 -0.75 0.15 1 1 0.000622944 5.42788e-06 0.00142823 5.45201e-06 1 1 1 1 7 111513539
4 5 0 0 3.14159 0 -0.5 0.15 2 2 -nan -nan -nan -nan 0 0 0 0 7 0
4 5 0 0 3.14159 0 -0.5 0.15 1 1 0.000561414 4.27111e-06 0.00154671 4.22571e-06 1 1 1 1 7 111513532
4 5 0 0 3.14159 0 -0.25 0.15 2 2 -nan -nan -nan -nan 0 0 0 0 7 0
4 5 0 0 3.14159 0 -0.25 0.15 1 1 0.000457663 3.7565e-06 0.00178093 3.81455e-06 1 1 1 1 7 111513550
4 5 0 0 3.14159 0 0 0.15 2 2 -nan -nan -nan -nan 0 0 0 0 7 0
4 5 0 0 3.14159 0 0 0.15 1 1 4.55321e-06 3.7226e-06 0.002053 4.00398e-06 1 1 1 1 7 111513510
4 5 0 0 3.14159 0 0.25 0.15 2 2 -nan -nan -nan -nan 0 0 0 0 7 0
4 5 0 0 3.14159 0 0.25 0.15 1 1 -0.000460417 3.77938e-06 0.00177553 3.78194e-06 1 1 1 1 7 111513522
4 5 0 0 3.14159 0 0.5 0.15 2 2 -nan -nan -nan -nan 0 0 0 0 7 0
4 5 0 0 3.14159 0 0.5 0.15 1 1 -0.000557201 4.2641e-06 0.00153905 4.19542e-06 1 1 1 1 7 111513549
4 5 0 0 3.14159 0 0.75 0.15 2 2 -nan -nan -nan -nan 0 0 0 0 7 0
4 5 0 0 3.14159 0 0.75 0.15 1 1 -0.000618565 5.47564e-06 0.0014207 5.36019e-06 1 1 1 1 7 111513547
4 5 0 0 3.14159 0 1 0.15 2 2 -nan -nan -nan -nan 0 0 0 0 7 0
4 5 0 0 3.14159 0 1 0.15 1 1 -0.000706126 7.10591e-06 0.00133641 7.18674e-06 1 1 1 1 7 111513535
4 5 0 0 3.14159 0 1.25 0.15 2 2 -nan -nan -nan -nan 0 0 0 0 7 0
4 5 0 0 3.14159 0 1.25 0.15 1 1 -0.00078901 9.19527e-06 0.00128346 9.18206e-06 1 1 1 1 7 111513532
4 5 0 0 3.14159 0 1.5 0.15 2 2 -nan -nan -nan -nan 0 0 0 0 7 0
4 5 0 0 3.14159 0 1.5 0.15 1 1 -0.000917558 1.14834e-05 0.00115814 1.13665e-05 1 1 1 1 7 111513547
4 5 0 0 3.14159 0 1.75 0.15 2 2 -nan -nan -nan -nan 0 0 0 0 7 0
4 5 0 0 3.14159 0 1.75 0.15 1 1 -0.000985288 1.34803e-05 0.00106545 1.35715e-05 1 1 1 1 7 111513527
4 5 0 0 3.14159 0 2 0.15 2 2 -nan -nan -nan -nan 0 0 0 0 7 0
4 5 0 0 3.14159 0 2 0.15 1 1 -0.00107269 1.60567e-05 0.000942961 1.58073e-05 1 1 1 1 7 111513531
4 5 0 0 3.14159 0 2.25 0.15 2 2 -nan -nan -nan -nan 0 0 0 0 7 0
4 5 0 0 3.14159 0 2.25 0.15 1 1 -0.00109201 1.82303e-05 0.00082362 1.83161e-05 1 1 1 1 7 111513535
4 5 0 0 3.14159 0 2.5 0.15 2 2 -nan -nan -nan -nan 0 0 0 0 7 0
4 5 0 0 3.14159 0 2.5 0.15 1 1 -0.00117026 2.0269e-05 0.000745835 2.02902e-05 1 1 1 1 7 111513527
4 5 0 0 3.14159 0 2.75 0.15 2 2 -nan -nan -nan -nan 0 0 0 0 7 0
4 5 0 0 3.14159 0 2.75 0.15 1 1 -0.00117292 2.20196e-05 0.000635096 2.19242e-05 1 1 1 1 7 111513541
4 5 0 0 3.14159 0 3 0.15 2 2 -nan -nan -nan -nan 0 0 0 0 7 0
4 5 0 0 3.14159 0 3 0.15 1 1 -0.00125291 2.45166e-05 0.000490985 2.40013e-05 1 1 1 1 7 111513542
4 5 0 0 3.14159 0 3.25 0.15 2 2 -nan -nan -nan -nan 0 0 0 0 7 0
4 5 0 0 3.14159 0 3.25 0.15 1 1 -0.00124281 2.6344e-05 0.000396069 2.60004e-05 1 1 1 1 7 111513530
4 5 0 0 3.14159 0 3.5 0.15 2 2 -nan -nan -nan -nan 0 0 0 0 7 0
4 5 0 0 3.14159 0 3.5 0.15 1 1 -0.00127184 2.76671e-05 0.000288037 2.83529e-05 1 1 1 1 7 111513527
4 5 0 0 3.14159 0 3.75 0.15 2 2 -nan -nan -nan -nan 0 0 0 0 7 0
4 5 0 0 3.14159 0 3.75 0.15 1 1 -0.00133378 3.061e-05 0.000189088 3.02398e-05 1 1 1 1 7 111513545
4 5 0 0 3.14159 0 4 0.15 2 2 -nan -nan -nan -nan 0 0 0 0 7 0
4 5 0 0 3.14159 0 4 0.15 1 1 -0.00133886 3.26757e-05 5.49567e-05 3.20237e-05 1 1 1 1 7 111513527
4 5 0 0 3.14159 0 -4 0.15 2 2 -nan -nan -nan -nan 0 0 1 0 8 0
4 5 0 0 3.14159 0 -4 0.15 1 1 0.00126995 3.22088e-05 9.28507e-05 3.26577e-05 1 1 0 1 8 111513517
4 5 0 0 3.14159 0 -3.75 0.15 2 2 -nan -nan -nan -nan 0 0 1 0 8 0
4 5 0 0 3.14159 0 -3.75 0.15 1 1 0.00130229 3.02826e-05 0.0002053 3.09168e-05 1 1 0 1 8 111513526
4 5 0 0 3.14159 0 -3.5 0.15 2 2 -nan -nan -nan -nan 0 0 1 0 8 0
4 5 0 0 3.14159 0 -3.5 0.15 1 1 0.00124166 2.80449e-05 0.000352995 2.82222e-05 1 1 0 1 8 111513525
4 5 0 0 3.14159 0 -3.25 0.15 2 2 -nan -nan -nan -nan 0 0 1 0 8 0
4 5 0 0 3.14159 0 -3.25 0.15 1 1 0.00122608 2.60923e-05 0.000458409 2.57718e-05 1 1 0 1 8 111513526
4 5 0 0 3.14159 0 -3 0.15 2 2 -nan -nan -nan -nan 0 0 1 0 8 0
4 5 0 0 3.14159 0 -3 0.15 1 1 0.00119689 2.43811e-05 0.000520775 2.44028e-05 1 1 0 1 8 111513542
4 5 0 0 3.14159 0 -2.75 0.15 2 2 -nan -nan -nan -nan 0 0 1 0 8 0
4 5 0 0 3.14159 0 -2.75 0.15 1 1 0.00119388 2.23729e-05 0.000594462 2.23494e-05 1 1 0 1 8 111513531
4 5 0 0 3.14159 0 -2.5 0.15 2 2 -nan -nan -nan -nan 0 0 1 0 8 0
4 5 0 0 3.14159 0 -2.5 0.15 1 1 0.00112254 1.99206e-05 0.00076408 2.00707e-05 1 1 0 1 8 111513553
4 5 0 0 3.14159 0 -2.25 0.15 2 2 -nan -nan -nan -nan 0 0 1 0 8 0
4 5 0 0 3.14159 0 -2.25 0.15 1 1 0.00113232 1.835e-05 0.000843842 1.83422e-05 1 1 0 1 8 111513533
4 5 0 0 3.14159 0 -2 0.15 2 2 -nan -nan -nan -nan 0 0 1 0 8 0
4 5 0 0 3.14159 0 -2 0.15 1 1 0.0010017 1.60006e-05 0.000955316 1.5822e-05 1 1 0 1 8 111513531
4 5 0 0 3.14159 0 -1.75 0.15 2 2 -nan -nan -nan -nan 0 0 1 0 8 0
4 5 0 0 3.14159 0 -1.75 0.15 1 1 0.000968746 1.36733e-05 0.00105922 1.38424e-05 1 1 0 1 8 111513528
4 5 0 0 3.14159 0 -1.5 0.15 2 2 -nan -nan -nan -nan 0 0 1 0 8 0
4 5 0 0 3.14159 0 -1.5 0.15 1 1 0.000933707 1.14974e-05 0.00116321 1.13784e-05 1 1 0 1 8 111513526
4 5 0 0 3.14159 0 -1.25 0.15 2 2 -nan -nan -nan -nan 0 0 1 0 8 0
4 5 0 0 3.14159 0 -1.25 0.15 1 1 0.000793187 9.16907e-06 0.00127652 9.05812e-06 1 1 0 1 8 111513510
4 5 0 0 3.14159 0 -1 0.15 2 2 -nan -nan -nan -nan 0 0 1 0 8 0
4 5 0 0 3.14159 0 -1 0.15 1 1 0.000704282 7.1243e-06 0.00135283 7.13703e-06 1 1 0 1 8 111513545
4 5 0 0 3.14159 0 -0.75 0.15 2 2 -nan -nan -nan -nan 0 0 1 0 8 0
4 5 0 0 3.14159 0 -0.75 0.15 1 1 0.000620872 5.4822e-06 0.00143207 5.43286e-06 1 1 0 1 8 111513510
4 5 0 0 3.14159 0 -0.5 0.15 2 2 -nan -nan -nan -nan 0 0 1 0 8 0
4 5 0 0 3.14159 0 -0.5 0.15 1 1 0.000549435 4.28252e-06 0.00154364 4.24464e-06 1 1 0 1 8 111513527
4 5 0 0 3.14159 0 -0.25 0.15 2 2 -nan -nan -nan -nan 0 0 1 0 8 0
4 5 0 0 3.14159 0 -0.25 0.15 1 1 0.000454912 3.76082e-06 0.00177493 3.76036e-06 1 1 0 1 8 111513521
4 5 0 0 3.14159 0 0 0.15 2 2 -nan -nan -nan -nan 0 0 1 0 8 0
4 5 0 0 3.14159 0 0 0.15 1 1 -3.07612e-06 3.71757e-06 0.00205906 4.11895e-06 1 1 0 1 8 111513520
4 5 0 0 3.14159 0 0.25 0.15 2 2 -nan -nan -nan -nan 0 0 1 0 8 0
4 5 0 0 3.14159 0 0.25 0.15 1 1 -0.00046018 3.75387e-06 0.00177478 3.76025e-06 1 1 0 1 8 111513523
4 5 0 0 3.14159 0 0.5 0.15 2 2 -nan -nan -nan -nan 0 0 1 0 8 0
4 5 0 0 3.14159 0 0.5 0.15 1 1 -0.000557843 4.25582e-06 0.00154107 4.19799e-06 1 1 0 1 8 111513521
4 5 0 0 3.14159 0 0.75 0.15 2 2 -nan -nan -nan -nan 0 0 1 0 8 0
4 5 0 0 3.14159 0 0.75 0.15 1 1 -0.000624415 5.46978e-06 0.00143496 5.41997e-06 1 1 0 1 8 111513533
4 5 0 0 3.14159 0 1 0.15 2 2 -nan -nan -nan -nan 0 0 1 0 8 0
4 5 0 0 3.14159 0 1 0.15 1 1 -0.000708693 7.18564e-06 0.00135295 7.15138e-06 1 1 0 1 8 111513523
4 5 0 0 3.14159 0 1.25 0.15 2 2 -nan -nan -nan -nan 0 0 1 0 8 0
4 5 0 0 3.14159 0 1.25 0.15 1 1 -0.000809758 9.17382e-06 0.00127239 9.23967e-06 1 1 0 1 8 111513540
4 5 0 0 3.14159 0 1.5 0.15 2 2 -nan -nan -nan -nan 0 0 1 0 8 0
4 5 0 0 3.14159 0 1.5 0.15 1 1 -0.000888621 1.14361e-05 0.00117752 1.13984e-05 1 1 0 1 8 111513533
4 5 0 0 3.14159 0 1.75 0.15 2 2 -nan -nan -nan -nan 0 0 1 0 8 0
4 5 0 0 3.14159 0 1.75 0.15 1 1 -0.000963845 1.37541e-05 0.00106065 1.37765e-05 1 1 0 1 8 111513526
4 5 0 0 3.14159 0 2 0.15 2 2 -nan -nan -nan -nan 0 0 1 0 8 0
4 5 0 0 3.14159 0 2 0.15 1 1 -0.00102047 1.58955e-05 0.000942535 1.57836e-05 1 1 0 1 8 111513536
4 5 0 0 3.14159 0 2.25 0.15 2 2 -nan -nan -nan -nan 0 0 1 0 8 0
4 5 0 0 3.14159 0 2.25 0.15 1 1 -0.00109303 1.78222e-05 0.000866408 1.79374e-05 1 1 0 1 8 111513532
4 5 0 0 3.14159 0 2.5 0.15 2 2 -nan -nan -nan -nan 0 0 1 0 8 0
4 5 0 0 3.14159 0 2.5 0.15 1 1 -0.00113336 2.01636e-05 0.000732952 2.04737e-05 1 1 0 1 8 111513529
4 5 0 0 3.14159 0 2.75 0.15 2 2 -nan -nan -nan -nan 0 0 1 0 8 0
4 5 0 0 3.14159 0 2.75 0.15 1 1 -0.00118625 2.22421e-05 0.00063791 2.20332e-05 1 1 0 1 8 111513552
4 5 0 0 3.14159 0 3 0.15 2 2 -nan -nan -nan -nan 0 0 1 0 8 0
4 5 0 0 3.14159 0 3 0.15 1 1 -0.00121498 2.40102e-05 0.000533219 2.4392e-05 1 1 0 1 8 111513544
4 5 0 0 3.14159 0 3.25 0.15 2 2 -nan -nan -nan -nan 0 0 1 0 8 0
4 5 0 0 3.14159 0 3.25 0.15 1 1 -0.00125104 2.57409e-05 0.0004535 2.61643e-05 1 1 0 1 8 111513538
4 5 0 0 3.14159 0 3.5 0.15 2 2 -nan -nan -nan -nan 0 0 1 0 8 0
4 5 0 0 3.14159 0 3.5 0.15 1 1 -0.00129512 2.83482e-05 0.00032982 2.82182e-05 1 1 0 1 8 111513545
4 5 0 0 3.14159 0 3.75 0.15 2 2 -nan -nan -nan -nan 0 0 1 0 8 0
4 5 0 0 3.14159 0 3.75 0.15 1 1 -0.00133253 3.06312e-05 0.000199669 2.99407e-05 1 1 0 1 8 111513532
4 5 0 0 3.14159 0 4 0.15 2 2 -nan -nan -nan -nan 0 0 1 0 8 0
4 5 0 0 3.14159 0 4 0.15 1 1 -0.00126588 3.24047e-05 9.78679e-05 3.23014e-05 1 1 0 1 8 111513530
4 5 0 0 3.14159 0 -4 0.15 1 1 -0.00199308 3.26529e-05 -0.000821177 3.20431e-05 0 1 0 1 9 111513480
4 5 0 0 3.14159 0 -4 0.15 2 2 -nan -nan -nan -nan 1 0 1 0 9 0
4 5 0 0 3.14159 0 -3.75 0.15 1 1 -0.00204454 3.04712e-05 -0.000951177 3.01236e-05 0 1 0 1 9 111513495
4 5 0 0 3.14159 0 -3.75 0.15 2 2 -nan -nan -nan -nan 1 0 1 0 9 0
4 5 0 0 3.14159 0 -3.5 0.15 1 1 -0.00195212 2.9041e-05 -0.00109749 2.86247e-05 0 1 0 1 9 111513493
4 5 0 0 3.14159 0 -3.5 0.15 2 2 -nan -nan -nan -nan 1 0 1 0 9 0
4 5 0 0 3.14159 0 -3.25 0.15 1 1 -0.00189776 2.63333e-05 -0.00126802 2.68436e-05 0 1 0 1 9 111513510
4 5 0 0 3.14159 0 -3.25 0.15 2 2 -nan -nan -nan -nan 1 0 1 0 9 0
4 5 0 0 3.14159 0 -3 0.15 1 1 -0.00188389 2.46017e-05 -0.00139508 2.54458e-05 0 1 0 1 9 111513498
4 5 0 0 3.14159 0 -3 0.15 2 2 -nan -nan -nan -nan 1 0 1 0 9 0
4 5 0 0 3.14159 0 -2.75 0.15 1 1 -0.00183611 2.20845e-05 -0.00162607 2.21087e-05 0 1 0 1 9 111513485
4 5 0 0 3.14159 0 -2.75 0.15 2 2 -nan -nan -nan -nan 1 0 1 0 9 0
4 5 0 0 3.14159 0 -2.5 0.15 1 1 -0.00177246 2.10565e-05 -0.001752 2.05562e-05 0 1 0 1 9 111513494
4 5 0 0 3.14159 0 -2.5 0.15 2 2 -nan -nan -nan -nan 1 0 1 0 9 0
4 5 0 0 3.14159 0 -2.25 0.15 1 1 -0.00168452 1.89292e-05 -0.00193479 1.84785e-05 0 1 0 1 9 111513477
4 5 0 0 3.14159 0 -2.25 0.15 2 2 -nan -nan -nan -nan 1 0 1 0 9 0
4 5 0 0 3.14159 0 -2 0.15 1 1 -0.00158902 1.65979e-05 -0.00208243 1.68003e-05 0 1 0 1 9 111513482
4 5 0 0 3.14159 0 -2 0.15 2 2 -nan -nan -nan -nan 1 0 1 0 9 0
4 5 0 0 3.14159 0 -1.75 0.15 1 1 -0.00146456 1.4747e-05 -0.00224379 1.46911e-05 0 1 0 1 9 111513488
4 5 0 0 3.14159 0 -1.75 0.15 2 2 -nan -nan -nan -nan 1 0 1 0 9 0
4 5 0 0 3.14159 0 -1.5 0.15 1 1 -0.00132279 1.2142e-05 -0.00240607 1.2106e-05 0 1 0 1 9 111513492
4 5 0 0 3.14159 0 -1.5 0.15 2 2 -nan -nan -nan -nan 1 0 1 0 9 0
4 5 0 0 3.14159 0 -1.25 0.15 1 1 -0.00118717 1.01243e-05 -0.00257702 9.90239e-06 0 1 0 1 9 111513483
4 5 0 0 3.14159 0 -1.25 0.15 2 2 -nan -nan -nan -nan 1 0 1 0 9 0
4 5 0 0 3.14159 0 -1 0.15 1 1 -0.00101685 7.60122e-06 -0.00269499 7.64834e-06 0 1 0 1 9 111513506
4 5 0 0 3.14159 0 -1 0.15 2 2 -nan -nan -nan -nan 1 0 1 0 9 0
4 5 0 0 3.14159 0 -0.75 0.15 1 1 -0.000831841 5.36319e-06 -0.00279157 5.38145e-06 0 1 0 1 9 111513490
4 5 0 0 3.14159 0 -0.75 0.15 2 2 -nan -nan -nan -nan 1 0 1 0 9 0
4 5 0 0 3.14159 0 -0.5 0.15 1 1 -0.000695361 3.74501e-06 -0.00289324 3.75849e-06 0 1 0 1 9 111513491
4 5 0 0 3.14159 0 -0.5 0.15 2 2 -nan -nan -nan -nan 1 0 1 0 9 0
4 5 0 0 3.14159 0 -0.25 0.15 1 1 -0.000541046 2.80348e-06 -0.00314351 3.0727e-06 0 1 0 1 9 111513494
4 5 0 0 3.14159 0 -0.25 0.15 2 2 -nan -nan -nan -nan 1 0 1 0 9 0
4 5 0 0 3.14159 0 0 0.15 1 1 -1.81453e-07 2.38333e-06 -0.00345295 3.305e-06 0 1 0 1 9 111513505
4 5 0 0 3.14159 0 0 0.15 2 2 -nan -nan -nan -nan 1 0 1 0 9 0
4 5 0 0 3.14159 0 0.25 0.15 1 1 0.000547169 2.8117e-06 -0.00313912 3.06927e-06 0 1 0 1 9 111513481
4 5 0 0 3.14159 0 0.25 0.15 2 2 -nan -nan -nan -nan 1 0 1 0 9 0
4 5 0 0 3.14159 0 0.5 0.15 1 1 0.000686487 3.70734e-06 -0.00289886 3.76351e-06 0 1 0 1 9 111513496
4 5 0 0 3.14159 0 0.5 0.15 2 2 -nan -nan -nan -nan 1 0 1 0 9 0
4 5 0 0 3.14159 0 0.75 0.15 1 1 0.000829218 5.56884e-06 -0.00279547 5.36926e-06 0 1 0 1 9 111513486
4 5 0 0 3.14159 0 0.75 0.15 2 2 -nan -nan -nan -nan 1 0 1 0 9 0
4 5 0 0 3.14159 0 1 0.15 1 1 0.00100832 7.65994e-06 -0.00270413 7.57681e-06 0 1 0 1 9 111513491
4 5 0 0 3.14159 0 1 0.15 2 2 -nan -nan -nan -nan 1 0 1 0 9 0
4 5 0 0 3.14159 0 1.25 0.15 1 1 0.00118767 1.00198e-05 -0.00256098 1.02268e-05 0 1 0 1 9 111513517
4 5 0 0 3.14159 0 1.25 0.15 2 2 -nan -nan -nan -nan 1 0 1 0 9 0
4 5 0 0 3.14159 0 1.5 0.15 1 1 0.0013451 1.21782e-05 -0.00240825 1.26714e-05 0 1 0 1 9 111513506
4 5 0 0 3.14159 0 1.5 0.15 2 2 -nan -nan -nan -nan 1 0 1 0 9 0
4 5 0 0 3.14159 0 1.75 0.15 1 1 0.00145493 1.43294e-05 -0.0022477 1.42127e-05 0 1 0 1 9 111513511
4 5 0 0 3.14159 0 1.75 0.15 2 2 -nan -nan -nan -nan 1 0 1 0 9 0
4 5 0 0 3.14159 0 2 0.15 1 1 0.00159572 1.65455e-05 -0.00210086 1.62924e-05 0 1 0 1 9 111513478
4 5 0 0 3.14159 0 2 0.15 2 2 -nan -nan -nan -nan 1 0 1 0 9 0
4 5 0 0 3.14159 0 2.25 0.15 1 1 0.0017136 1.90528e-05 -0.00189356 1.88264e-05 0 1 0 1 9 111513502
4 5 0 0 3.14159 0 2.25 0.15 2 2 -nan -nan -nan -nan 1 0 1 0 9 0
4 5 0 0 3.14159 0 2.5 0.15 1 1 0.00180776 2.11221e-05 -0.00181068 2.05241e-05 0 1 0 1 9 111513499
4 5 0 0 3.14159 0 2.5 0.15 2 2 -nan -nan -nan -nan 1 0 1 0 9 0
4 5 0 0 3.14159 0 2.75 0.15 1 1 0.00183995 2.28434e-05 -0.00157103 2.29755e-05 0 1 0 1 9 111513509
4 5 0 0 3.14159 0 2.75 0.15 2 2 -nan -nan -nan -nan 1 0 1 0 9 0
4 5 0 0 3.14159 0 3 0.15 1 1 0.00185535 2.45266e-05 -0.00144361 2.45328e-05 0 1 0 1 9 111513497
4 5 0 0 3.14159 0 3 0.15 2 2 -nan -nan -nan -nan 1 0 1 0 9 0
4 5 0 0 3.14159 0 3.25 0.15 1 1 0.00193661 2.6426e-05 -0.00129639 2.68964e-05 0 1 0 1 9 111513493
4 5 0 0 3.14159 0 3.25 0.15 2 2 -nan -nan -nan -nan 1 0 1 0 9 0
4 5 0 0 3.14159 0 3.5 0.15 1 1 0.00192449 2.82872e-05 -0.0010904 2.84638e-05 0 1 0 1 9 111513509
4 5 0 0 3.14159 0 3.5 0.15 2 2 -nan -nan -nan -nan 1 0 1 0 9 0
4 5 0 0 3.14159 0 3.75 0.15 1 1 0.00195997 3.07595e-05 -0.000907372 3.06404e-05 0 1 0 1 9 111513501
4 5 0 0 3.14159 0 3.75 0.15 2 2 -nan -nan -nan -nan 1 0 1 0 9 0
4 5 0 0 3.14159 0 4 0.15 1 1 0.00206492 3.23852e-05 -0.000800342 3.20382e-05 0 1 0 1 9 111513494
4 5 0 0 3.14159 0 4 0.15 2 2 -nan -nan -nan -nan 1 0 1 0 9 0
4 5 0 0 3.14159 0 -4 0.15 2 2 -nan -nan -nan -nan 0 0 0 0 10 0
4 5 0 0 3.14159 0 -4 0.15 1 1 -0.00199262 3.23378e-05 -0.000839362 3.21198e-05 1 1 1 1 10 111513514
4 5 0 0 3.14159 0 -3.75 0.15 2 2 -nan -nan -nan -nan 0 0 0 0 10 0
4 5 0 0 3.14159 0 -3.75 0.15 1 1 -0.00195505 3.03959e-05 -0.000982019 3.05833e-05 1 1 1 1 10 111513507
4 5 0 0 3.14159 0 -3.5 0.15 2 2 -nan -nan -nan -nan 0 0 0 0 10 0
4 5 0 0 3.14159 0 -3.5 0.15 1 1 -0.00196527 2.90656e-05 -0.00104632 2.88672e-05 1 1 1 1 10 111513502
4 5 0 0 3.14159 0 -3.25 0.15 2 2 -nan -nan -nan -nan 0 0 0 0 10 0
4 5 0 0 3.14159 0 -3.25 0.15 1 1 -0.00191738 2.67338e-05 -0.00129026 2.67911e-05 1 1 1 1 10 111513498
4 5 0 0 3.14159 0 -3 0.15 2 2 -nan -nan -nan -nan 0 0 0 0 10 0
4 5 0 0 3.14159 0 -3 0.15 1 1 -0.0018462 2.4531e-05 -0.00144791 2.45543e-05 1 1 1 1 10 111513487
4 5 0 0 3.14159 0 -2.75 0.15 2 2 -nan -nan -nan -nan 0 0 0 0 10 0
4 5 0 0 3.14159 0 -2.75 0.15 1 1 -0.00186013 2.26776e-05 -0.0015995 2.24445e-05 1 1 1 1 10 111513493
4 5 0 0 3.14159 0 -2.5 0.15 2 2 -nan -nan -nan -nan 0 0 0 0 10 0
4 5 0 0 3.14159 0 -2.5 0.15 1 1 -0.00175423 2.10215e-05 -0.00177474 2.06825e-05 1 1 1 1 10 111513521
4 5 0 0 3.14159 0 -2.25 0.15 2 2 -nan -nan -nan -nan 0 0 0 0 10 0
4 5 0 0 3.14159 0 -2.25 0.15 1 1 -0.00169839 1.89434e-05 -0.00193474 1.91191e-05 1 1 1 1 10 111513489
4 5 0 0 3.14159 0 -2 0.15 2 2 -nan -nan -nan -nan 0 0 0 0 10 0
4 5 0 0 3.14159 0 -2 0.15 1 1 -0.00161114 1.67094e-05 -0.00211488 1.65396e-05 1 1 1 1 10 111513509
4 5 0 0 3.14159 0 -1.75 0.15 2 2 -nan -nan -nan -nan 0 0 0 0 10 0
4 5 0 0 3.14159 0 -1.75 0.15 1 1 -0.00151363 1.45987e-05 -0.00225365 1.46242e-05 1 1 1 1 10 111513499
4 5 0 0 3.14159 0 -1.5 0.15 2 2 -nan -nan -nan -nan 0 0 0 0 10 0
4 5 0 0 3.14159 0 -1.5 0.15 1 1 -0.00135532 1.2239e-05 -0.00241047 1.24507e-05 1 1 1 1 10 111513502
4 5 0 0 3.14159 0 -1.25 0.15 2 2 -nan -nan -nan -nan 0 0 0 0 10 0
4 5 0 0 3.14159 0 -1.25 0.15 1 1 -0.00119155 9.94198e-06 -0.00255976 9.92484e-06 1 1 1 1 10 111513494
4 5 0 0 3.14159 0 -1 0.15 2 2 -nan -nan -nan -nan 0 0 0 0 10 0
4 5 0 0 3.14159 0 -1 0.15 1 1 -0.00101907 7.67932e-06 -0.00270026 7.51701e-06 1 1 1 1 10 111513500
4 5 0 0 3.14159 0 -0.75 0.15 2 2 -nan -nan -nan -nan 0 0 0 0 10 0
4 5 0 0 3.14159 0 -0.75 0.15 1 1 -0.000842714 5.39591e-06 -0.00279199 5.41594e-06 1 1 1 1 10 111513501
4 5 0 0 3.14159 0 -0.5 0.15 2 2 -nan -nan -nan -nan 0 0 0 0 10 0
4 5 0 0 3.14159 0 -0.5 0.15 1 1 -0.000691385 3.74019e-06 -0.00289549 3.77426e-06 1 1 1 1 10 111513508
4 5 0 0 3.14159 0 -0.25 0.15 2 2 -nan -nan -nan -nan 0 0 0 0 10 0
4 5 0 0 3.14159 0 -0.25 0.15 1 1 -0.000542454 2.79813e-06 -0.00314221 3.07588e-06 1 1 1 1 10 111513505
4 5 0 0 3.14159 0 0 0.15 2 2 -nan -nan -nan -nan 0 0 0 0 10 0
4 5 0 0 3.14159 0 0 0.15 1 1 -2.12411e-06 2.37768e-06 -0.00344777 3.28492e-06 1 1 1 1 10 111513516
4 5 0 0 3.14159 0 0.25 0.15 2 2 -nan -nan -nan -nan 0 0 0 0 10 0
4 5 0 0 3.14159 0 0.25 0.15 1 1 0.000546866 2.79863e-06 -0.00314594 3.0725e-06 1 1 1 1 10 111513502
4 5 0 0 3.14159 0 0.5 0.15 2 2 -nan -nan -nan -nan 0 0 0 0 10 0
4 5 0 0 3.14159 0 0.5 0.15 1 1 0.000692545 3.73865e-06 -0.00290111 3.74331e-06 1 1 1 1 10 111513520
4 5 0 0 3.14159 0 0.75 0.15 2 2 -nan -nan -nan -nan 0 0 0 0 10 0
4 5 0 0 3.14159 0 0.75 0.15 1 1 0.000835127 5.41048e-06 -0.00278273 5.43892e-06 1 1 1 1 10 111513484
4 5 0 0 3.14159 0 1 0.15 2 2 -nan -nan -nan -nan 0 0 0 0 10 0
4 5 0 0 3.14159 0 1 0.15 1 1 0.00100011 7.41315e-06 -0.00270747 7.52385e-06 1 1 1 1 10 111513509
4 5 0 0 3.14159 0 1.25 0.15 2 2 -nan -nan -nan -nan 0 0 0 0 10 0
4 5 0 0 3.14159 0 1.25 0.15 1 1 0.0011909 9.95526e-06 -0.00255535 1.01725e-05 1 1 1 1 10 111513498
4 5 0 0 3.14159 0 1.5 0.15 2 2 -nan -nan -nan -nan 0 0 0 0 10 0
4 5 0 0 3.14159 0 1.5 0.15 1 1 0.00136957 1.23293e-05 -0.00238728 1.24962e-05 1 1 1 1 10 111513503
4 5 0 0 3.14159 0 1.75 0.15 2 2 -nan -nan -nan -nan 0 0 0 0 10 0
4 5 0 0 3.14159 0 1.75 0.15 1 1 0.00150552 1.45901e-05 -0.00226545 1.43135e-05 1 1 1 1 10 111513517
4 5 0 0 3.14159 0 2 0.15 2 2 -nan -nan -nan -nan 0 0 0 0 10 0
4 5 0 0 3.14159 0 2 0.15 1 1 0.00159592 1.6965e-05 -0.00208303 1.71918e-05 1 1 1 1 10 111513508
4 5 0 0 3.14159 0 2.25 0.15 2 2 -nan -nan -nan -nan 0 0 0 0 10 0
4 5 0 0 3.14159 0 2.25 0.15 1 1 0.0016988 1.90212e-05 -0.0019198 1.90528e-05 1 1 1 1 10 111513504
4 5 0 0 3.14159 0 2.5 0.15 2 2 -nan -nan -nan -nan 0 0 0 0 10 0
4 5 0 0 3.14159 0 2.5 0.15 1 1 0.00180958 2.11957e-05 -0.00174835 2.10516e-05 1 1 1 1 10 111513499
4 5 0 0 3.14159 0 2.75 0.15 2 2 -nan -nan -nan -nan 0 0 0 0 10 0
4 5 0 0 3.14159 0 2.75 0.15 1 1 0.00177105 2.23826e-05 -0.00164286 2.2615e-05 1 1 1 1 10 111513487
4 5 0 0 3.14159 0 3 0.15 2 2 -nan -nan -nan -nan 0 0 0 0 10 0
4 5 0 0 3.14159 0 3 0.15 1 1 0.00188417 2.50555e-05 -0.0014589 2.52125e-05 1 1 1 1 10 111513513
4 5 0 0 3.14159 0 3.25 0.15 2 2 -nan -nan -nan -nan 0 0 0 0 10 0
4 5 0 0 3.14159 0 3.25 0.15 1 1 0.00188442 2.65481e-05 -0.00128905 2.69197e-05 1 1 1 1 10 111513506
4 5 0 0 3.14159 0 3.5 0.15 2 2 -nan -nan -nan -nan 0 0 0 0 10 0
4 5 0 0 3.14159 0 3.5 0.15 1 1 0.00201627 2.89172e-05 -0.00111749 2.82207e-05 1 1 1 1 10 111513499
4 5 0 0 3.14159 0 3.75 0.15 2 2 -nan -nan -nan -nan 0 0 0 0 10 0
4 5 0 0 3.14159 0 3.75 0.15 1 1 0.00197488 3.06541e-05 -0.000964271 3.06487e-05 1 1 1 1 10 111513497
4 5 0 0 3.14159 0 4 0.15 2 2 -nan -nan -nan -nan 0 0 0 0 10 0
4 5 0 0 3.14159 0 4 0.15 1 1 0.00203016 3.24143e-05 -0.000757689 3.27214e-05 1 1 1 1 10 111513489
4 5 0 0 3.14159 0 -4 0.15 1 1 -0.00194753 3.1837e-05 -0.000821727 3.24709e-05 0 0 0 0 11 111513500
4 5 0 0 3.14159 0 -4 0.15 2 2 -nan -nan -nan -nan 1 1 1 1 11 0
4 5 0 0 3.14159 0 -3.75 0.15 1 1 -0.00201511 3.0392e-05 -0.000987137 3.02974e-05 0 0 0 0 11 111513509
4 5 0 0 3.14159 0 -3.75 0.15 2 2 -nan -nan -nan -nan 1 1 1 1 11 0
4 5 0 0 3.14159 0 -3.5 0.15 1 1 -0.00193723 2.84826e-05 -0.00109711 2.88046e-05 0 0 0 0 11 111513505
4 5 0 0 3.14159 0 -3.5 0.15 2 2 -nan -nan -nan -nan 1 1 1 1 11 0
4 5 0 0 3.14159 0 -3.25 0.15 1 1 -0.00191865 2.68032e-05 -0.00120868 2.69207e-05 0 0 0 0 11 111513487
4 5 0 0 3.14159 0 -3.25 0.15 2 2 -nan -nan -nan -nan 1 1 1 1 11 0
4 5 0 0 3.14159 0 -3 0.15 1 1 -0.00188868 2.43487e-05 -0.00147747 2.48161e-05 0 0 0 0 11 111513492
4 5 0 0 3.14159 0 -3 0.15 2 2 -nan -nan -nan -nan 1 1 1 1 11 0
4 5 0 0 3.14159 0 -2.75 0.15 1 1 -0.00184626 2.31157e-05 -0.00155499 2.33416e-05 0 0 0 0 11 111513489
4 5 0 0 3.14159 0 -2.75 0.15 2 2 -nan -nan -nan -nan 1 1 1 1 11 0
4 5 0 0 3.14159 0 -2.5 0.15 1 1 -0.00176391 2.08038e-05 -0.00174217 2.11257e-05 0 0 0 0 11 111513495
4 5 0 0 3.14159 0 -2.5 0.15 2 2 -nan -nan -nan -nan 1 1 1 1 11 0
4 5 0 0 3.14159 0 -2.25 0.15 1 1 -0.00170677 1.82474e-05 -0.00193157 1.86176e-05 0 0 0 0 11 111513497
4 5 0 0 3.14159 0 -2.25 0.15 2 2 -nan -nan -nan -nan 1 1 1 1 11 0
4 5 0 0 3.14159 0 -2 0.15 1 1 -0.00157111 1.66319e-05 -0.00205645 1.70249e-05 0 0 0 0 11 111513497
4 5 0 0 3.14159 0 -2 0.15 2 2 -nan -nan -nan -nan 1 1 1 1 11 0
4 5 0 0 3.14159 0 -1.75 0.15 1 1 -0.00150066 1.4603e-05 -0.00226138 1.4429e-05 0 0 0 0 11 111513491
4 5 0 0 3.14159 0 -1.75 0.15 2 2 -nan -nan -nan -nan 1 1 1 1 11 0
4 5 0 0 3.14159 0 -1.5 0.15 1 1 -0.00135349 1.23786e-05 -0.00241196 1.20509e-05 0 0 0 0 11 111513496
4 5 0 0 3.14159 0 -1.5 0.15 2 2 -nan -nan -nan -nan 1 1 1 1 11 0
4 5 0 0 3.14159 0 -1.25 0.15 1 1 -0.00119046 1.01189e-05 -0.00254365 9.79278e-06 0 0 0 0 11 111513502
4 5 0 0 3.14159 0 -1.25 0.15 2 2 -nan -nan -nan -nan 1 1 1 1 11 0
4 5 0 0 3.14159 0 -1 0.15 1 1 -0.00101138 7.50513e-06 -0.00269215 7.55434e-06 0 0 0 0 11 111513505
4 5 0 0 3.14159 0 -1 0.15 2 2 -nan -nan -nan -nan 1 1 1 1 11 0
4 5 0 0 3.14159 0 -0.75 0.15 1 1 -0.000835997 5.41179e-06 -0.00278076 5.4376e-06 0 0 0 0 11 111513492
4 5 0 0 3.14159 0 -0.75 0.15 2 2 -nan -nan -nan -nan 1 1 1 1 11 0
4 5 0 0 3.14159 0 -0.5 0.15 1 1 -0.000695948 3.73245e-06 -0.00289765 3.7781e-06 0 0 0 0 11 111513507
4 5 0 0 3.14159 0 -0.5 0.15 2 2 -nan -nan -nan -nan 1 1 1 1 11 0
4 5 0 0 3.14159 0 -0.25 0.15 1 1 -0.000543617 2.81247e-06 -0.00313768 3.07607e-06 0 0 0 0 11 111513507
4 5 0 0 3.14159 0 -0.25 0.15 2 2 -nan -nan -nan -nan 1 1 1 1 11 0
4 5 0 0 3.14159 0 0 0.15 1 1 1.83277e-06 2.38097e-06 -0.0034494 3.28853e-06 0 0 0 0 11 111513498
4 5 0 0 3.14159 0 0 0.15 2 2 -nan -nan -nan -nan 1 1 1 1 11 0
4 5 0 0 3.14159 0 0.25 0.15 1 1 0.000550278 2.81601e-06 -0.00313749 3.07779e-06 0 0 0 0 11 111513497
4 5 0 0 3.14159 0 0.25 0.15 2 2 -nan -nan -nan -nan 1 1 1 1 11 0
4 5 0 0 3.14159 0 0.5 0.15 1 1 0.000691303 3.69035e-06 -0.00289504 3.75765e-06 0 0 0 0 11 111513510
4 5 0 0 3.14159 0 0.5 0.15 2 2 -nan -nan -nan -nan 1 1 1 1 11 0
4 5 0 0 3.14159 0 0.75 0.15 1 1 0.000835471 5.43123e-06 -0.00278765 5.4365e-06 0 0 0 0 11 111513483
4 5 0 0 3.14159 0 0.75 0.15 2 2 -nan -nan -nan -nan 1 1 1 1 11 0
4 5 0 0 3.14159 0 1 0.15 1 1 0.00101241 7.57023e-06 -0.00268935 7.54162e-06 0 0 0 0 11 111513506
4 5 0 0 3.14159 0 1 0.15 2 2 -nan -nan -nan -nan 1 1 1 1 11 0
4 5 0 0 3.14159 0 1.25 0.15 1 1 0.00118033 9.93577e-06 -0.00255816 1.01182e-05 0 0 0 0 11 111513494
4 5 0 0 3.14159 0 1.25 0.15 2 2 -nan -nan -nan -nan 1 1 1 1 11 0
4 5 0 0 3.14159 0 1.5 0.15 1 1 0.00135506 1.23955e-05 -0.00242155 1.24194e-05 0 0 0 0 11 111513507
4 5 0 0 3.14159 0 1.5 0.15 2 2 -nan -nan -nan -nan 1 1 1 1 11 0
4 5 0 0 3.14159 0 1.75 0.15 1 1 0.00146437 1.49316e-05 -0.00225576 1.42881e-05 0 0 0 0 11 111513507
4 5 0 0 3.14159 0 1.75 0.15 2 2 -nan -nan -nan -nan 1 1 1 1 11 0
4 5 0 0 3.14159 0 2 0.15 1 1 0.00160274 1.67996e-05 -0.00209474 1.67618e-05 0 0 0 0 11 111513507
4 5 0 0 3.14159 0 2 0.15 2 2 -nan -nan -nan -nan 1 1 1 1 11 0
4 5 0 0 3.14159 0 2.25 0.15 1 1 0.00167793 1.84204e-05 -0.00192576 1.86566e-05 0 0 0 0 11 111513481
4 5 0 0 3.14159 0 2.25 0.15 2 2 -nan -nan -nan -nan 1 1 1 1 11 0
4 5 0 0 3.14159 0 2.5 0.15 1 1 0.0017854 2.12595e-05 -0.00179147 2.0578e-05 0 0 0 0 11 111513498
4 5 0 0 3.14159 0 2.5 0.15 2 2 -nan -nan -nan -nan 1 1 1 1 11 0
4 5 0 0 3.14159 0 2.75 0.15 1 1 0.00184196 2.31533e-05 -0.00161569 2.28962e-05 0 0 0 0 11 111513513
4 5 0 0 3.14159 0 2.75 0.15 2 2 -nan -nan -nan -nan 1 1 1 1 11 0
4 5 0 0 3.14159 0 3 0.15 1 1 0.00189611 2.45193e-05 -0.00147824 2.45194e-05 0 0 0 0 11 111513505
4 5 0 0 3.14159 0 3 0.15 2 2 -nan -nan -nan -nan 1 1 1 1 11 0
4 5 0 0 3.14159 0 3.25 0.15 1 1 0.00195279 2.68805e-05 -0.0012806 2.6587e-05 0 0 0 0 11 111513500
4 5 0 0 3.14159 0 3.25 0.15 2 2 -nan -nan -nan -nan 1 1 1 1 11 0
4 5 0 0 3.14159 0 3.5 0.15 1 1 0.00197936 2.85767e-05 -0.00110381 2.8676e-05 0 0 0 0 11 111513509
4 5 0 0 3.14159 0 3.5 0.15 2 2 -nan -nan -nan -nan 1 1 1 1 11 0
4 5 0 0 3.14159 0 3.75 0.15 1 1 0.00198763 3.02429e-05 -0.0009662 2.96702e-05 0 0 0 0 11 111513503
4 5 0 0 3.14159 0 3.75 0.15 2 2 -nan -nan -nan -nan 1 1 1 1 11 0
4 5 0 0 3.14159 0 4 0.15 1 1 0.00194862 3.2308e-05 -0.000782186 3.17431e-05 0 0 0 0 11 111513500
4 5 0 0 3.14159 0 4 0.15 2 2 -nan -nan -nan -nan 1 1 1 1 11 0
4 5 0 0 3.14159 0 -4 0.15 1 1 0.000196191 4.89593e-05 0.000404886 4.98709e-05 0 1 1 1 12 111478204
4 5 0 0 3.14159 0 -4 0.15 2 2 -nan -nan -nan -nan 1 0 0 0 12 0
4 5 0 0 3.14159 0 -3.75 0.15 1 1 0.000184579 4.5808e-05 0.000319119 4.57852e-05 0 1 1 1 12 111478287
4 5 0 0 3.14159 0 -3.75 0.15 2 2 -nan -nan -nan -nan 1 0 0 0 12 0
4 5 0 0 3.14159 0 -3.5 0.15 1 1 0.000163578 4.21227e-05 0.000363519 4.21667e-05 0 1 1 1 12 111477574
4 5 0 0 3.14159 0 -3.5 0.15 2 2 -nan -nan -nan -nan 1 0 0 0 12 0
4 5 0 0 3.14159 0 -3.25 0.15 1 1 8.70929e-05 3.88795e-05 0.0002612 3.85309e-05 0 1 1 1 12 111477922
4 5 0 0 3.14159 0 -3.25 0.15 2 2 -nan -nan -nan -nan 1 0 0 0 12 0
4 5 0 0 3.14159 0 -3 0.15 1 1 0.000157623 3.56911e-05 0.000323189 3.57334e-05 0 1 1 1 12 111477887
4 5 0 0 3.14159 0 -3 0.15 2 2 -nan -nan -nan -nan 1 0 0 0 12 0
4 5 0 0 3.14159 0 -2.75 0.15 1 1 7.56181e-05 3.20603e-05 0.000347315 3.21717e-05 0 1 1 1 12 111477520
4 5 0 0 3.14159 0 -2.75 0.15 2 2 -nan -nan -nan -nan 1 0 0 0 12 0
4 5 0 0 3.14159 0 -2.5 0.15 1 1 8.35576e-05 2.92355e-05 0.000354717 2.95029e-05 0 1 1 1 12 111477326
4 5 0 0 3.14159 0 -2.5 0.15 2 2 -nan -nan -nan -nan 1 0 0 0 12 0
4 5 0 0 3.14159 0 -2.25 0.15 1 1 0.000100336 2.6199e-05 0.000329889 2.63226e-05 0 1 1 1 12 111477202
4 5 0 0 3.14159 0 -2.25 0.15 2 2 -nan -nan -nan -nan 1 0 0 0 12 0
4 5 0 0 3.14159 0 -2 0.15 1 1 4.47254e-05 2.31699e-05 0.000332074 2.32794e-05 0 1 1 1 12 111477415
4 5 0 0 3.14159 0 -2 0.15 2 2 -nan -nan -nan -nan 1 0 0 0 12 0
4 5 0 0 3.14159 0 -1.75 0.15 1 1 5.37826e-05 2.04916e-05 0.000292975 2.05982e-05 0 1 1 1 12 111477301
4 5 0 0 3.14159 0 -1.75 0.15 2 2 -nan -nan -nan -nan 1 0 0 0 12 0
4 5 0 0 3.14159 0 -1.5 0.15 1 1 2.25415e-05 1.77495e-05 0.000346113 1.79271e-05 0 1 1 1 12 111476730
4 5 0 0 3.14159 0 -1.5 0.15 2 2 -nan -nan -nan -nan 1 0 0 0 12 0
4 5 0 0 3.14159 0 -1.25 0.15 1 1 2.58172e-05 1.52186e-05 0.000291563 1.5116e-05 0 1 1 1 12 111477009
4 5 0 0 3.14159 0 -1.25 0.15 2 2 -nan -nan -nan -nan 1 0 0 0 12 0
4 5 0 0 3.14159 0 -1 0.15 1 1 2.72187e-05 1.26037e-05 0.000289721 1.26703e-05 0 1 1 1 12 111476431
4 5 0 0 3.14159 0 -1 0.15 2 2 -nan -nan -nan -nan 1 0 0 0 12 0
4 5 0 0 3.14159 0 -0.75 0.15 1 1 5.95067e-05 1.02381e-05 0.000271844 1.02152e-05 0 1 1 1 12 111475988
4 5 0 0 3.14159 0 -0.75 0.15 2 2 -nan -nan -nan -nan 1 0 0 0 12 0
4 5 0 0 3.14159 0 -0.5 0.15 1 1 7.36796e-05 8.18857e-06 0.000252514 8.1179e-06 0 1 1 1 12 111476251
4 5 0 0 3.14159 0 -0.5 0.15 2 2 -nan -nan -nan -nan 1 0 0 0 12 0
4 5 0 0 3.14159 0 -0.25 0.15 1 1 9.26014e-05 7.02656e-06 0.00033018 6.90604e-06 0 1 1 1 12 111476132
4 5 0 0 3.14159 0 -0.25 0.15 2 2 -nan -nan -nan -nan 1 0 0 0 12 0
4 5 0 0 3.14159 0 0 0.15 1 1 8.72885e-06 7.14018e-06 0.000446798 6.72811e-06 0 1 1 1 12 111476127
4 5 0 0 3.14159 0 0 0.15 2 2 -nan -nan -nan -nan 1 0 0 0 12 0
4 5 0 0 3.14159 0 0.25 0.15 1 1 -9.16781e-05 7.022e-06 0.000327029 6.94428e-06 0 1 1 1 12 111476238
4 5 0 0 3.14159 0 0.25 0.15 2 2 -nan -nan -nan -nan 1 0 0 0 12 0
4 5 0 0 3.14159 0 0.5 0.15 1 1 -5.48946e-05 8.2073e-06 0.000276643 8.19223e-06 0 1 1 1 12 111476294
4 5 0 0 3.14159 0 0.5 0.15 2 2 -nan -nan -nan -nan 1 0 0 0 12 0
4 5 0 0 3.14159 0 0.75 0.15 1 1 -5.35402e-05 1.02013e-05 0.000286847 1.02636e-05 0 1 1 1 12 111476563
4 5 0 0 3.14159 0 0.75 0.15 2 2 -nan -nan -nan -nan 1 0 0 0 12 0
4 5 0 0 3.14159 0 1 0.15 1 1 -4.19299e-05 1.2549e-05 0.000293466 1.26687e-05 0 1 1 1 12 111476675
4 5 0 0 3.14159 0 1 0.15 2 2 -nan -nan -nan -nan 1 0 0 0 12 0
4 5 0 0 3.14159 0 1.25 0.15 1 1 -4.01366e-05 1.49633e-05 0.000295601 1.51526e-05 0 1 1 1 12 111477105
4 5 0 0 3.14159 0 1.25 0.15 2 2 -nan -nan -nan -nan 1 0 0 0 12 0
4 5 0 0 3.14159 0 1.5 0.15 1 1 -2.3949e-05 1.78041e-05 0.000319421 1.77508e-05 0 1 1 1 12 111477310
4 5 0 0 3.14159 0 1.5 0.15 2 2 -nan -nan -nan -nan 1 0 0 0 12 0
4 5 0 0 3.14159 0 1.75 0.15 1 1 -4.80393e-05 2.05221e-05 0.000325031 2.04983e-05 0 1 1 1 12 111477743
4 5 0 0 3.14159 0 1.75 0.15 2 2 -nan -nan -nan -nan 1 0 0 0 12 0
4 5 0 0 3.14159 0 2 0.15 1 1 -9.10582e-05 2.33996e-05 0.000318171 2.31123e-05 0 1 1 1 12 111477516
4 5 0 0 3.14159 0 2 0.15 2 2 -nan -nan -nan -nan 1 0 0 0 12 0
4 5 0 0 3.14159 0 2.25 0.15 1 1 -4.02714e-05 2.64938e-05 0.000334765 2.63968e-05 0 1 1 1 12 111477706
4 5 0 0 3.14159 0 2.25 0.15 2 2 -nan -nan -nan -nan 1 0 0 0 12 0
4 5 0 0 3.14159 0 2.5 0.15 1 1 -0.000126893 2.93583e-05 0.00034648 2.94061e-05 0 1 1 1 12 111477739
4 5 0 0 3.14159 0 2.5 0.15 2 2 -nan -nan -nan -nan 1 0 0 0 12 0
4 5 0 0 3.14159 0 2.75 0.15 1 1 -7.47971e-05 3.22296e-05 0.000283402 3.21286e-05 0 1 1 1 12 111478035
4 5 0 0 3.14159 0 2.75 0.15 2 2 -nan -nan -nan -nan 1 0 0 0 12 0
4 5 0 0 3.14159 0 3 0.15 1 1 -9.61977e-05 3.57805e-05 0.000355217 3.58273e-05 0 1 1 1 12 111477795
4 5 0 0 3.14159 0 3 0.15 2 2 -nan -nan -nan -nan 1 0 0 0 12 0
4 5 0 0 3.14159 0 3.25 0.15 1 1 -0.000149669 3.90168e-05 0.000428078 3.97557e-05 0 1 1 1 12 111478223
4 5 0 0 3.14159 0 3.25 0.15 2 2 -nan -nan -nan -nan 1 0 0 0 12 0
4 5 0 0 3.14159 0 3.5 0.15 1 1 -0.000111387 4.24501e-05 0.000320702 4.25916e-05 0 1 1 1 12 111478764
4 5 0 0 3.14159 0 3.5 0.15 2 2 -nan -nan -nan -nan 1 0 0 0 12 0
4 5 0 0 3.14159 0 3.75 0.15 1 1 -0.00013825 4.62013e-05 0.000407793 4.62679e-05 0 1 1 1 12 111478025
4 5 0 0 3.14159 0 3.75 0.15 2 2 -nan -nan -nan -nan 1 0 0 0 12 0
4 5 0 0 3.14159 0 4 0.15 1 1 -0.000152336 4.97723e-05 0.000373113 4.98523e-05 0 1 1 1 12 111478666
4 5 0 0 3.14159 0 4 0.15 2 2 -nan -nan -nan -nan 1 0 0 0 12 0
4 5 0 0 3.14159 0 -4 0.15 1 1 0.00024921 4.94053e-05 0.000317614 4.92015e-05 0 1 1 0 13 111495043
4 5 0 0 3.14159 0 -4 0.15 2 2 -nan -nan -nan -nan 1 0 0 1 13 0
4 5 0 0 3.14159 0 -3.75 0.15 1 1 0.000220881 4.64042e-05 0.00037729 4.6005e-05 0 1 1 0 13 111494656
4 5 0 0 3.14159 0 -3.75 0.15 2 2 -nan -nan -nan -nan 1 0 0 1 13 0
4 5 0 0 3.14159 0 -3.5 0.15 1 1 0.000154622 4.27138e-05 0.000376231 4.25176e-05 0 1 1 0 13 111494671
4 5 0 0 3.14159 0 -3.5 0.15 2 2 -nan -nan -nan -nan 1 0 0 1 13 0
4 5 0 0 3.14159 0 -3.25 0.15 1 1 0.000134031 3.91389e-05 0.000324015 3.92238e-05 0 1 1 0 13 111494744
4 5 0 0 3.14159 0 -3.25 0.15 2 2 -nan -nan -nan -nan 1 0 0 1 13 0
4 5 0 0 3.14159 0 -3 0.15 1 1 0.000101499 3.5847e-05 0.00029634 3.53283e-05 0 1 1 0 13 111494581
4 5 0 0 3.14159 0 -3 0.15 2 2 -nan -nan -nan -nan 1 0 0 1 13 0
4 5 0 0 3.14159 0 -2.75 0.15 1 1 0.000175346 3.28257e-05 0.000384247 3.30928e-05 0 1 1 0 13 111494375
4 5 0 0 3.14159 0 -2.75 0.15 2 2 -nan -nan -nan -nan 1 0 0 1 13 0
4 5 0 0 3.14159 0 -2.5 0.15 1 1 6.87906e-05 2.90801e-05 0.000319048 2.93434e-05 0 1 1 0 13 111494441
4 5 0 0 3.14159 0 -2.5 0.15 2 2 -nan -nan -nan -nan 1 0 0 1 13 0
4 5 0 0 3.14159 0 -2.25 0.15 1 1 7.42448e-05 2.6175e-05 0.000290931 2.59788e-05 0 1 1 0 13 111494117
4 5 0 0 3.14159 0 -2.25 0.15 2 2 -nan -nan -nan -nan 1 0 0 1 13 0
4 5 0 0 3.14159 0 -2 0.15 1 1 3.16989e-05 2.33217e-05 0.000323542 2.33029e-05 0 1 1 0 13 111493878
4 5 0 0 3.14159 0 -2 0.15 2 2 -nan -nan -nan -nan 1 0 0 1 13 0
4 5 0 0 3.14159 0 -1.75 0.15 1 1 3.59826e-05 2.05183e-05 0.000319697 2.04964e-05 0 1 1 0 13 111493808
4 5 0 0 3.14159 0 -1.75 0.15 2 2 -nan -nan -nan -nan 1 0 0 1 13 0
4 5 0 0 3.14159 0 -1.5 0.15 1 1 6.04523e-05 1.79512e-05 0.000279502 1.76803e-05 0 1 1 0 13 111493934
4 5 0 0 3.14159 0 -1.5 0.15 2 2 -nan -nan -nan -nan 1 0 0 1 13 0
4 5 0 0 3.14159 0 -1.25 0.15 1 1 3.88374e-07 1.50521e-05 0.000265983 1.50646e-05 0 1 1 0 13 111493644
4 5 0 0 3.14159 0 -1.25 0.15 2 2 -nan -nan -nan -nan 1 0 0 1 13 0
4 5 0 0 3.14159 0 -1 0.15 1 1 2.96094e-05 1.26796e-05 0.000291586 1.27173e-05 0 1 1 0 13 111493545
4 5 0 0 3.14159 0 -1 0.15 2 2 -nan -nan -nan -nan 1 0 0 1 13 0
4 5 0 0 3.14159 0 -0.75 0.15 1 1 2.60722e-05 1.02021e-05 0.000274224 1.02213e-05 0 1 1 0 13 111493192
4 5 0 0 3.14159 0 -0.75 0.15 2 2 -nan -nan -nan -nan 1 0 0 1 13 0
4 5 0 0 3.14159 0 -0.5 0.15 1 1 5.88126e-05 8.25015e-06 0.000285701 8.18858e-06 0 1 1 0 13 111493052
4 5 0 0 3.14159 0 -0.5 0.15 2 2 -nan -nan -nan -nan 1 0 0 1 13 0
4 5 0 0 3.14159 0 -0.25 0.15 1 1 9.84383e-05 6.98657e-06 0.000334027 6.90203e-06 0 1 1 0 13 111492922
4 5 0 0 3.14159 0 -0.25 0.15 2 2 -nan -nan -nan -nan 1 0 0 1 13 0
4 5 0 0 3.14159 0 0 0.15 1 1 1.15019e-05 7.14041e-06 0.000457257 6.7775e-06 0 1 1 0 13 111492444
4 5 0 0 3.14159 0 0 0.15 2 2 -nan -nan -nan -nan 1 0 0 1 13 0
4 5 0 0 3.14159 0 0.25 0.15 1 1 -0.000104375 7.01906e-06 0.000342712 6.95585e-06 0 1 1 0 13 111492547
4 5 0 0 3.14159 0 0.25 0.15 2 2 -nan -nan -nan -nan 1 0 0 1 13 0
4 5 0 0 3.14159 0 0.5 0.15 1 1 -7.11304e-05 8.19238e-06 0.000285402 8.20725e-06 0 1 1 0 13 111493156
4 5 0 0 3.14159 0 0.5 0.15 2 2 -nan -nan -nan -nan 1 0 0 1 13 0
4 5 0 0 3.14159 0 0.75 0.15 1 1 -3.78e-05 1.02067e-05 0.000262392 1.0209e-05 0 1 1 0 13 111492843
4 5 0 0 3.14159 0 0.75 0.15 2 2 -nan -nan -nan -nan 1 0 0 1 13 0
4 5 0 0 3.14159 0 1 0.15 1 1 -1.74157e-05 1.2592e-05 0.000270021 1.26161e-05 0 1 1 0 13 111492970
4 5 0 0 3.14159 0 1 0.15 2 2 -nan -nan -nan -nan 1 0 0 1 13 0
4 5 0 0 3.14159 0 1.25 0.15 1 1 -6.02146e-05 1.51256e-05 0.000282038 1.49579e-05 0 1 1 0 13 111493302
4 5 0 0 3.14159 0 1.25 0.15 2 2 -nan -nan -nan -nan 1 0 0 1 13 0
4 5 0 0 3.14159 0 1.5 0.15 1 1 -2.07985e-05 1.75513e-05 0.000295977 1.77155e-05 0 1 1 0 13 111493263
4 5 0 0 3.14159 0 1.5 0.15 2 2 -nan -nan -nan -nan 1 0 0 1 13 0
4 5 0 0 3.14159 0 1.75 0.15 1 1 -6.30082e-05 2.04992e-05 0.000348524 2.03846e-05 0 1 1 0 13 111493421
4 5 0 0 3.14159 0 1.75 0.15 2 2 -nan -nan -nan -nan 1 0 0 1 13 0
4 5 0 0 3.14159 0 2 0.15 1 1 -5.05193e-05 2.33264e-05 0.00034209 2.33853e-05 0 1 1 0 13 111493496
4 5 0 0 3.14159 0 2 0.15 2 2 -nan -nan -nan -nan 1 0 0 1 13 0
4 5 0 0 3.14159 0 2.25 0.15 1 1 -6.41357e-05 2.63139e-05 0.000306711 2.61711e-05 0 1 1 0 13 111493432
4 5 0 0 3.14159 0 2.25 0.15 2 2 -nan -nan -nan -nan 1 0 0 1 13 0
4 5 0 0 3.14159 0 2.5 0.15 1 1 -0.000114302 2.90517e-05 0.000312839 2.90455e-05 0 1 1 0 13 111493676
4 5 0 0 3.14159 0 2.5 0.15 2 2 -nan -nan -nan -nan 1 0 0 1 13 0
4 5 0 0 3.14159 0 2.75 0.15 1 1 -0.000135453 3.25289e-05 0.000356183 3.26972e-05 0 1 1 0 13 111493961
4 5 0 0 3.14159 0 2.75 0.15 2 2 -nan -nan -nan -nan 1 0 0 1 13 0
4 5 0 0 3.14159 0 3 0.15 1 1 -0.000108302 3.50111e-05 0.000323927 3.55195e-05 0 1 1 0 13 111493914
4 5 0 0 3.14159 0 3 0.15 2 2 -nan -nan -nan -nan 1 0 0 1 13 0
4 5 0 0 3.14159 0 3.25 0.15 1 1 -0.000163296 3.8918e-05 0.000289125 3.8167e-05 0 1 1 0 13 111493950
4 5 0 0 3.14159 0 3.25 0.15 2 2 -nan -nan -nan -nan 1 0 0 1 13 0
4 5 0 0 3.14159 0 3.5 0.15 1 1 -0.00011015 4.22129e-05 0.000344083 4.25131e-05 0 1 1 0 13 111494103
4 5 0 0 3.14159 0 3.5 0.15 2 2 -nan -nan -nan -nan 1 0 0 1 13 0
4 5 0 0 3.14159 0 3.75 0.15 1 1 -0.000225766 4.55422e-05 0.000383072 4.58171e-05 0 1 1 0 13 111493994
4 5 0 0 3.14159 0 3.75 0.15 2 2 -nan -nan -nan -nan 1 0 0 1 13 0
4 5 0 0 3.14159 0 4 0.15 1 1 -0.000242625 4.9213e-05 0.00027411 4.92145e-05 0 1 1 0 13 111494118
4 5 0 0 3.14159 0 4 0.15 2 2 -nan -nan -nan -nan 1 0 0 1 13 0
4 5 0 0 3.14159 0 -4 0.15 1 1 0.000204851 4.90575e-05 0.000402682 4.97257e-05 0 1 0 1 14 111477101
4 5 0 0 3.14159 0 -4 0.15 2 2 -nan -nan -nan -nan 1 0 1 0 14 0
4 5 0 0 3.14159 0 -3.75 0.15 1 1 0.0001192 4.56697e-05 0.000412242 4.58908e-05 0 1 0 1 14 111477130
4 5 0 0 3.14159 0 -3.75 0.15 2 2 -nan -nan -nan -nan 1 0 1 0 14 0
4 5 0 0 3.14159 0 -3.5 0.15 1 1 0.000144858 4.28216e-05 0.000325429 4.24576e-05 0 1 0 1 14 111476945
4 5 0 0 3.14159 0 -3.5 0.15 2 2 -nan -nan -nan -nan 1 0 1 0 14 0
4 5 0 0 3.14159 0 -3.25 0.15 1 1 9.46187e-05 3.90291e-05 0.000334557 3.86238e-05 0 1 0 1 14 111476689
4 5 0 0 3.14159 0 -3.25 0.15 2 2 -nan -nan -nan -nan 1 0 1 0 14 0
4 5 0 0 3.14159 0 -3 0.15 1 1 8.71942e-05 3.5825e-05 0.000302681 3.5281e-05 0 1 0 1 14 111476557
4 5 0 0 3.14159 0 -3 0.15 2 2 -nan -nan -nan -nan 1 0 1 0 14 0
4 5 0 0 3.14159 0 -2.75 0.15 1 1 6.70477e-05 3.22597e-05 0.000354749 3.25131e-05 0 1 0 1 14 111476595
4 5 0 0 3.14159 0 -2.75 0.15 2 2 -nan -nan -nan -nan 1 0 1 0 14 0
4 5 0 0 3.14159 0 -2.5 0.15 1 1 9.30714e-05 2.89653e-05 0.000370015 2.92286e-05 0 1 0 1 14 111476545
4 5 0 0 3.14159 0 -2.5 0.15 2 2 -nan -nan -nan -nan 1 0 1 0 14 0
4 5 0 0 3.14159 0 -2.25 0.15 1 1 7.4554e-05 2.62689e-05 0.000327112 2.60682e-05 0 1 0 1 14 111476397
4 5 0 0 3.14159 0 -2.25 0.15 2 2 -nan -nan -nan -nan 1 0 1 0 14 0
4 5 0 0 3.14159 0 -2 0.15 1 1 6.99498e-05 2.3311e-05 0.000317456 2.30684e-05 0 1 0 1 14 111476106
4 5 0 0 3.14159 0 -2 0.15 2 2 -nan -nan -nan -nan 1 0 1 0 14 0
4 5 0 0 3.14159 0 -1.75 0.15 1 1 4.91612e-05 2.04683e-05 0.000353803 2.05544e-05 0 1 0 1 14 111475927
4 5 0 0 3.14159 0 -1.75 0.15 2 2 -nan -nan -nan -nan 1 0 1 0 14 0
4 5 0 0 3.14159 0 -1.5 0.15 1 1 4.58632e-05 1.7753e-05 0.000308429 1.77831e-05 0 1 0 1 14 111475744
4 5 0 0 3.14159 0 -1.5 0.15 2 2 -nan -nan -nan -nan 1 0 1 0 14 0
4 5 0 0 3.14159 0 -1.25 0.15 1 1 3.06069e-05 1.50573e-05 0.000294493 1.50479e-05 0 1 0 1 14 111475872
4 5 0 0 3.14159 0 -1.25 0.15 2 2 -nan -nan -nan -nan 1 0 1 0 14 0
4 5 0 0 3.14159 0 -1 0.15 1 1 3.50094e-05 1.26156e-05 0.000273383 1.26377e-05 0 1 0 1 14 111475450
4 5 0 0 3.14159 0 -1 0.15 2 2 -nan -nan -nan -nan 1 0 1 0 14 0
4 5 0 0 3.14159 0 -0.75 0.15 1 1 3.59661e-05 1.02476e-05 0.000252688 1.01419e-05 0 1 0 1 14 111475217
4 5 0 0 3.14159 0 -0.75 0.15 2 2 -nan -nan -nan -nan 1 0 1 0 14 0
4 5 0 0 3.14159 0 -0.5 0.15 1 1 6.89056e-05 8.25137e-06 0.000291249 8.21663e-06 0 1 0 1 14 111475317
4 5 0 0 3.14159 0 -0.5 0.15 2 2 -nan -nan -nan -nan 1 0 1 0 14 0
4 5 0 0 3.14159 0 -0.25 0.15 1 1 9.46785e-05 6.95844e-06 0.000332361 6.94988e-06 0 1 0 1 14 111474927
4 5 0 0 3.14159 0 -0.25 0.15 2 2 -nan -nan -nan -nan 1 0 1 0 14 0
4 5 0 0 3.14159 0 0 0.15 1 1 1.14145e-05 7.1293e-06 0.000445431 6.71085e-06 0 1 0 1 14 111474769
4 5 0 0 3.14159 0 0 0.15 2 2 -nan -nan -nan -nan 1 0 1 0 14 0
4 5 0 0 3.14159 0 0.25 0.15 1 1 -0.000100904 6.97249e-06 0.000339141 6.9292e-06 0 1 0 1 14 111475021
4 5 0 0 3.14159 0 0.25 0.15 2 2 -nan -nan -nan -nan 1 0 1 0 14 0
4 5 0 0 3.14159 0 0.5 0.15 1 1 -6.37737e-05 8.27911e-06 0.000277563 8.1317e-06 0 1 0 1 14 111475157
4 5 0 0 3.14159 0 0.5 0.15 2 2 -nan -nan -nan -nan 1 0 1 0 14 0
4 5 0 0 3.14159 0 0.75 0.15 1 1 -3.21055e-05 1.02665e-05 0.000265476 1.02659e-05 0 1 0 1 14 111475007
4 5 0 0 3.14159 0 0.75 0.15 2 2 -nan -nan -nan -nan 1 0 1 0 14 0
4 5 0 0 3.14159 0 1 0.15 1 1 -4.00881e-05 1.2579e-05 0.000302331 1.26188e-05 0 1 0 1 14 111475905
4 5 0 0 3.14159 0 1 0.15 2 2 -nan -nan -nan -nan 1 0 1 0 14 0
4 5 0 0 3.14159 0 1.25 0.15 1 1 -3.66786e-05 1.51475e-05 0.000264987 1.50205e-05 0 1 0 1 14 111475844
4 5 0 0 3.14159 0 1.25 0.15 2 2 -nan -nan -nan -nan 1 0 1 0 14 0
4 5 0 0 3.14159 0 1.5 0.15 1 1 -2.63142e-05 1.79016e-05 0.000296286 1.78415e-05 0 1 0 1 14 111476126
4 5 0 0 3.14159 0 1.5 0.15 2 2 -nan -nan -nan -nan 1 0 1 0 14 0
4 5 0 0 3.14159 0 1.75 0.15 1 1 -3.08775e-05 2.04252e-05 0.000404992 2.06561e-05 0 1 0 1 14 111476339
4 5 0 0 3.14159 0 1.75 0.15 2 2 -nan -nan -nan -nan 1 0 1 0 14 0
4 5 0 0 3.14159 0 2 0.15 1 1 -4.07421e-05 2.32109e-05 0.000295379 2.32436e-05 0 1 0 1 14 111476501
4 5 0 0 3.14159 0 2 0.15 2 2 -nan -nan -nan -nan 1 0 1 0 14 0
4 5 0 0 3.14159 0 2.25 0.15 1 1 -8.67241e-05 2.6469e-05 0.000366882 2.65108e-05 0 1 0 1 14 111476845
4 5 0 0 3.14159 0 2.25 0.15 2 2 -nan -nan -nan -nan 1 0 1 0 14 0
4 5 0 0 3.14159 0 2.5 0.15 1 1 -0.000111486 2.94013e-05 0.000324405 2.92827e-05 0 1 0 1 14 111476710
4 5 0 0 3.14159 0 2.5 0.15 2 2 -nan -nan -nan -nan 1 0 1 0 14 0
4 5 0 0 3.14159 0 2.75 0.15 1 1 -0.00010216 3.21012e-05 0.000410114 3.24244e-05 0 1 0 1 14 111477280
4 5 0 0 3.14159 0 2.75 0.15 2 2 -nan -nan -nan -nan 1 0 1 0 14 0
4 5 0 0 3.14159 0 3 0.15 1 1 -0.000162499 3.52833e-05 0.000346216 3.56138e-05 0 1 0 1 14 111477005
4 5 0 0 3.14159 0 3 0.15 2 2 -nan -nan -nan -nan 1 0 1 0 14 0
4 5 0 0 3.14159 0 3.25 0.15 1 1 -0.000116312 3.87004e-05 0.000364454 3.91839e-05 0 1 0 1 14 111477299
4 5 0 0 3.14159 0 3.25 0.15 2 2 -nan -nan -nan -nan 1 0 1 0 14 0
4 5 0 0 3.14159 0 3.5 0.15 1 1 -0.000124637 4.28974e-05 0.000370064 4.23915e-05 0 1 0 1 14 111477952
4 5 0 0 3.14159 0 3.5 0.15 2 2 -nan -nan -nan -nan 1 0 1 0 14 0
4 5 0 0 3.14159 0 3.75 0.15 1 1 -0.000215805 4.63358e-05 0.00037984 4.61304e-05 0 1 0 1 14 111477743
4 5 0 0 3.14159 0 3.75 0.15 2 2 -nan -nan -nan -nan 1 0 1 0 14 0
4 5 0 0 3.14159 0 4 0.15 1 1 -0.000188693 4.95198e-05 0.000418051 4.99533e-05 0 1 0 1 14 111477623
4 5 0 0 3.14159 0 4 0.15 2 2 -nan -nan -nan -nan 1 0 1 0 14 0
