3.141589999999999883e+00 3.141589999999999883e+00 -2.700594900000000045e-04 4.579649999999999428e-05
3.141589999999999883e+00 3.141589999999999883e+00 -6.202426770000000209e-04 5.968908000000000281e-05
3.141589999999999883e+00 3.141589999999999883e+00 -1.243777589999999975e-03 7.932942000000000118e-05
3.141589999999999883e+00 3.141589999999999883e+00 -1.971388170000000321e-03 1.076079600000000145e-04
3.141589999999999883e+00 3.141589999999999883e+00 -3.252077370000000175e-03 1.498524299999999770e-04
3.141589999999999883e+00 3.141589999999999883e+00 -4.992757199999999645e-03 2.151321300000000086e-04
3.141589999999999883e+00 3.141589999999999883e+00 -7.856840159999999712e-03 3.193073999999999847e-04
3.141589999999999883e+00 3.141589999999999883e+00 -1.132095419999999859e-02 4.873454999999999844e-04
3.141589999999999883e+00 3.141589999999999883e+00 -1.854405000000000289e-02 7.416162000000001316e-04
3.141589999999999883e+00 3.141589999999999883e+00 -2.285215919999999609e-02 1.053824400000000000e-03
3.141589999999999883e+00 3.141589999999999883e+00 -2.513594789999999690e-02 1.207935899999999915e-03
3.141589999999999883e+00 3.141589999999999883e+00 -2.217042360000000614e-02 1.048647599999999978e-03
3.141589999999999883e+00 3.141589999999999883e+00 -1.786200569999999918e-02 7.413228000000000439e-04
3.141589999999999883e+00 3.141589999999999883e+00 -1.293361380000000033e-02 4.861341000000000251e-04
3.141589999999999883e+00 3.141589999999999883e+00 -7.895982599999998644e-03 3.191552999999999968e-04
3.141589999999999883e+00 3.141589999999999883e+00 -5.011317899999999381e-03 2.148005700000000162e-04
3.141589999999999883e+00 3.141589999999999883e+00 -3.430060830000000120e-03 1.501271100000000020e-04
3.141589999999999883e+00 3.141589999999999883e+00 -1.959107670000000221e-03 1.076712299999999954e-04
3.141589999999999883e+00 3.141589999999999883e+00 -1.205654580000000082e-03 7.911701999999999624e-05
3.141589999999999883e+00 3.141589999999999883e+00 -4.988195999999999429e-04 5.966964000000000491e-05
3.141589999999999883e+00 3.141589999999999883e+00 -2.377241100000000512e-04 4.568318999999999586e-05
