0.000000000000000000e+00 0.000000000000000000e+00 5.939629140000000224e-02 2.715879000000000036e-03
7.853980000000000405e-01 0.000000000000000000e+00 2.782459529999999764e-02 1.297911600000000104e-03
1.570799999999999974e+00 0.000000000000000000e+00 5.613770099999999298e-03 5.239262999999999646e-04
2.356189999999999785e+00 0.000000000000000000e+00 -3.292742933999999715e-03 2.032257600000000192e-04
3.141589999999999883e+00 0.000000000000000000e+00 -5.761637369999999397e-03 1.118401199999999947e-04
3.141589999999999883e+00 7.853980000000000405e-01 -7.608821819999999313e-03 1.998242100000000043e-04
3.141589999999999883e+00 1.570799999999999974e+00 -1.436802041400000139e-02 5.589912000000000700e-04
3.141589999999999883e+00 2.356189999999999785e+00 -2.174599736999999894e-02 1.230359700000000119e-03
3.141589999999999883e+00 3.141589999999999883e+00 -2.494490430000000092e-02 1.556462100000000027e-03
2.356189999999999785e+00 2.356189999999999785e+00 -1.796831099999999723e-02 1.202840399999999862e-03
1.570799999999999974e+00 1.570799999999999974e+00 -5.841836100000000025e-03 9.721199999999999286e-04
7.853980000000000405e-01 7.853980000000000405e-01 1.856571360000000212e-02 1.286336699999999925e-03
0.000000000000000000e+00 0.000000000000000000e+00 5.939629140000000224e-02 2.715879000000000036e-03
