 1  1  1  1   0.658685766149
 1  1  1  3   0.157865411523
 1  1  1  7  -0.053598632028
 1  1  2  2   0.384565953378
 1  1  2  4  -0.139543887982
 1  1  2 10   0.017261081165
 1  1  3  1   0.157865411523
 1  1  3  3   0.453143415584
 1  1  3  7  -0.063602016999
 1  1  4  2  -0.139543887982
 1  1  4  4   0.580572168855
 1  1  4 10  -0.110856090052
 1  1  5  5   0.649015550990
 1  1  6  6   0.649015550990
 1  1  7  1  -0.053598632028
 1  1  7  3  -0.063602016999
 1  1  7  7   0.624751561209
 1  1  8  8   0.597688582074
 1  1  9  9   0.597688582074
 1  1 10  2   0.017261081165
 1  1 10  4  -0.110856090052
 1  1 10 10   0.668421778293
 1  2  1  2   0.056081871046
 1  2  1  4  -0.068629918876
 1  2  1 10   0.015260819197
 1  2  2  1   0.056081871046
 1  2  2  3  -0.024121642736
 1  2  2  7   0.045936182807
 1  2  3  2  -0.024121642736
 1  2  3  4  -0.048268355749
 1  2  3 10   0.024425096113
 1  2  4  1  -0.068629918876
 1  2  4  3  -0.048268355749
 1  2  4  7  -0.067188715432
 1  2  5  8   0.077918404548
 1  2  5  9  -0.004711124738
 1  2  6  8   0.004711124738
 1  2  6  9   0.077918404548
 1  2  7  2   0.045936182807
 1  2  7  4  -0.067188715432
 1  2  7 10  -0.069996650310
 1  2  8  5   0.077918404548
 1  2  8  6   0.004711124738
 1  2  9  5  -0.004711124738
 1  2  9  6   0.077918404548
 1  2 10  1   0.015260819197
 1  2 10  3   0.024425096113
 1  2 10  7  -0.069996650310
 1  3  1  1   0.157865411523
 1  3  1  3   0.084957750109
 1  3  1  7  -0.034350617561
 1  3  2  2   0.034076887542
 1  3  2  4  -0.053403334786
 1  3  2 10   0.016327210244
 1  3  3  1   0.084957750109
 1  3  3  3   0.075322795005
 1  3  3  7  -0.030960887250
 1  3  4  2  -0.053403334786
 1  3  4  4   0.131356586315
 1  3  4 10  -0.068689286054
 1  3  5  5   0.138829876478
 1  3  6  6   0.138829876478
 1  3  7  1  -0.034350617561
 1  3  7  3  -0.030960887250
 1  3  7  7   0.136725336159
 1  3  8  8   0.111139024324
 1  3  9  9   0.111139024324
 1  3 10  2   0.016327210244
 1  3 10  4  -0.068689286054
 1  3 10 10   0.170183888320
 1  4  1  2  -0.068629918876
 1  4  1  4   0.119196234791
 1  4  1 10  -0.045918752353
 1  4  2  1  -0.068629918876
 1  4  2  3  -0.000978157973
 1  4  2  7  -0.057401292872
 1  4  3  2  -0.000978157973
 1  4  3  4   0.072716672758
 1  4  3 10  -0.055488131221
 1  4  4  1   0.119196234791
 1  4  4  3   0.072716672758
 1  4  4  7   0.091691580859
 1  4  5  8  -0.107876877878
 1  4  5  9   0.006522482474
 1  4  6  8  -0.006522482474
 1  4  6  9  -0.107876877878
 1  4  7  2  -0.057401292872
 1  4  7  4   0.091691580859
 1  4  7 10   0.088520418124
 1  4  8  5  -0.107876877878
 1  4  8  6  -0.006522482474
 1  4  9  5   0.006522482474
 1  4  9  6  -0.107876877878
 1  4 10  1  -0.045918752353
 1  4 10  3  -0.055488131221
 1  4 10  7   0.088520418124
 1  5  1  5   0.122612142833
 1  5  2  8   0.056664732188
 1  5  2  9  -0.003426079155
 1  5  3  5   0.025386944625
 1  5  4  8  -0.073090071041
 1  5  4  9   0.004419192664
 1  5  5  1   0.122612142833
 1  5  5  3   0.025386944625
 1  5  5  7  -0.031321147365
 1  5  7  5  -0.031321147365
 1  5  8  2   0.056664732188
 1  5  8  4  -0.073090071041
 1  5  8 10   0.027916600786
 1  5  9  2  -0.003426079155
 1  5  9  4   0.004419192664
 1  5  9 10  -0.001687901457
 1  5 10  8   0.027916600786
 1  5 10  9  -0.001687901457
 1  6  1  6   0.122612142833
 1  6  2  8   0.003426079155
 1  6  2  9   0.056664732188
 1  6  3  6   0.025386944625
 1  6  4  8  -0.004419192664
 1  6  4  9  -0.073090071041
 1  6  6  1   0.122612142833
 1  6  6  3   0.025386944625
 1  6  6  7  -0.031321147365
 1  6  7  6  -0.031321147365
 1  6  8  2   0.003426079155
 1  6  8  4  -0.004419192664
 1  6  8 10   0.001687901457
 1  6  9  2   0.056664732188
 1  6  9  4  -0.073090071041
 1  6  9 10   0.027916600786
 1  6 10  8   0.001687901457
 1  6 10  9   0.027916600786
 1  7  1  1  -0.053598632028
 1  7  1  3  -0.034350617561
 1  7  1  7   0.077918042413
 1  7  2  2   0.018605714750
 1  7  2  4  -0.006911187248
 1  7  2 10  -0.032356641265
 1  7  3  1  -0.034350617561
 1  7  3  3  -0.026712206469
 1  7  3  7   0.032084514306
 1  7  4  2  -0.006911187248
 1  7  4  4   0.013560764598
 1  7  4 10   0.056916074098
 1  7  5  5  -0.057249220898
 1  7  6  6  -0.057249220898
 1  7  7  1   0.077918042413
 1  7  7  3   0.032084514306
 1  7  7  7  -0.003087980670
 1  7  8  8  -0.003152985968
 1  7  9  9  -0.003152985968
 1  7 10  2  -0.032356641265
 1  7 10  4   0.056916074098
 1  7 10 10  -0.007725728393
 1  8  1  8   0.055775604088
 1  8  2  5   0.029267335959
 1  8  2  6   0.001769569991
 1  8  3  8   0.007795377616
 1  8  4  5  -0.041504604249
 1  8  4  6  -0.002509463187
 1  8  5  2   0.029267335959
 1  8  5  4  -0.041504604249
 1  8  5 10   0.014084915165
 1  8  6  2   0.001769569991
 1  8  6  4  -0.002509463187
 1  8  6 10   0.000851606147
 1  8  7  8   0.027096629031
 1  8  8  1   0.055775604088
 1  8  8  3   0.007795377616
 1  8  8  7   0.027096629031
 1  8 10  5   0.014084915165
 1  8 10  6   0.000851606147
 1  9  1  9   0.055775604088
 1  9  2  5  -0.001769569991
 1  9  2  6   0.029267335959
 1  9  3  9   0.007795377616
 1  9  4  5   0.002509463187
 1  9  4  6  -0.041504604249
 1  9  5  2  -0.001769569991
 1  9  5  4   0.002509463187
 1  9  5 10  -0.000851606147
 1  9  6  2   0.029267335959
 1  9  6  4  -0.041504604249
 1  9  6 10   0.014084915165
 1  9  7  9   0.027096629031
 1  9  9  1   0.055775604088
 1  9  9  3   0.007795377616
 1  9  9  7   0.027096629031
 1  9 10  5  -0.000851606147
 1  9 10  6   0.014084915165
 1 10  1  2   0.015260819197
 1 10  1  4  -0.045918752353
 1 10  1 10   0.063522132305
 1 10  2  1   0.015260819197
 1 10  2  3   0.013148738694
 1 10  2  7  -0.007244194855
 1 10  3  2   0.013148738694
 1 10  3  4  -0.036167195245
 1 10  3 10   0.043251972479
 1 10  4  1  -0.045918752353
 1 10  4  3  -0.036167195245
 1 10  4  7   0.005932844378
 1 10  5  8   0.033262353497
 1 10  5  9  -0.002011117878
 1 10  6  8   0.002011117878
 1 10  6  9   0.033262353497
 1 10  7  2  -0.007244194855
 1 10  7  4   0.005932844378
 1 10  7 10   0.002738267812
 1 10  8  5   0.033262353497
 1 10  8  6   0.002011117878
 1 10  9  5  -0.002011117878
 1 10  9  6   0.033262353497
 1 10 10  1   0.063522132305
 1 10 10  3   0.043251972479
 1 10 10  7   0.002738267812
 2  1  1  2   0.056081871046
 2  1  1  4  -0.068629918876
 2  1  1 10   0.015260819197
 2  1  2  1   0.056081871046
 2  1  2  3  -0.024121642736
 2  1  2  7   0.045936182807
 2  1  3  2  -0.024121642736
 2  1  3  4  -0.048268355749
 2  1  3 10   0.024425096113
 2  1  4  1  -0.068629918876
 2  1  4  3  -0.048268355749
 2  1  4  7  -0.067188715432
 2  1  5  8   0.077918404548
 2  1  5  9  -0.004711124738
 2  1  6  8   0.004711124738
 2  1  6  9   0.077918404548
 2  1  7  2   0.045936182807
 2  1  7  4  -0.067188715432
 2  1  7 10  -0.069996650310
 2  1  8  5   0.077918404548
 2  1  8  6   0.004711124738
 2  1  9  5  -0.004711124738
 2  1  9  6   0.077918404548
 2  1 10  1   0.015260819197
 2  1 10  3   0.024425096113
 2  1 10  7  -0.069996650310
 2  2  1  1   0.384565953378
 2  2  1  3   0.034076887542
 2  2  1  7   0.018605714750
 2  2  2  2   0.334639383742
 2  2  2  4  -0.050655706131
 2  2  2 10  -0.016750935205
 2  2  3  1   0.034076887542
 2  2  3  3   0.320400372757
 2  2  3  7  -0.016253954109
 2  2  4  2  -0.050655706131
 2  2  4  4   0.380797111598
 2  2  4 10  -0.001723176754
 2  2  5  5   0.382384579847
 2  2  6  6   0.382384579847
 2  2  7  1   0.018605714750
 2  2  7  3  -0.016253954109
 2  2  7  7   0.404020242005
 2  2  8  8   0.390939485412
 2  2  9  9   0.390939485412
 2  2 10  2  -0.016750935205
 2  2 10  4  -0.001723176754
 2  2 10 10   0.411816309314
 2  3  1  2  -0.024121642736
 2  3  1  4  -0.000978157973
 2  3  1 10   0.013148738694
 2  3  2  1  -0.024121642736
 2  3  2  3   0.038837558593
 2  3  2  7  -0.016376622438
 2  3  3  2   0.038837558593
 2  3  3  4   0.013353924012
 2  3  3 10   0.009375157110
 2  3  4  1  -0.000978157973
 2  3  4  3   0.013353924012
 2  3  4  7   0.019513359223
 2  3  5  8  -0.019096978472
 2  3  5  9   0.001154646944
 2  3  6  8  -0.001154646944
 2  3  6  9  -0.019096978472
 2  3  7  2  -0.016376622438
 2  3  7  4   0.019513359223
 2  3  7 10   0.025326820474
 2  3  8  5  -0.019096978472
 2  3  8  6  -0.001154646944
 2  3  9  5   0.001154646944
 2  3  9  6  -0.019096978472
 2  3 10  1   0.013148738694
 2  3 10  3   0.009375157110
 2  3 10  7   0.025326820474
 2  4  1  1  -0.139543887982
 2  4  1  3  -0.053403334786
 2  4  1  7  -0.006911187248
 2  4  2  2  -0.050655706131
 2  4  2  4   0.060640838776
 2  4  2 10   0.005039191307
 2  4  3  1  -0.053403334786
 2  4  3  3  -0.067974564321
 2  4  3  7   0.011913916990
 2  4  4  2   0.060640838776
 2  4  4  4  -0.135310955604
 2  4  4 10   0.024195004270
 2  4  5  5  -0.132686794307
 2  4  6  6  -0.132686794307
 2  4  7  1  -0.006911187248
 2  4  7  3   0.011913916990
 2  4  7  7  -0.146261878821
 2  4  8  8  -0.131579794152
 2  4  9  9  -0.131579794152
 2  4 10  2   0.005039191307
 2  4 10  4   0.024195004270
 2  4 10 10  -0.162398463027
 2  5  1  8   0.029267335959
 2  5  1  9  -0.001769569991
 2  5  2  5   0.016211761828
 2  5  3  8   0.002059121265
 2  5  3  9  -0.000124499176
 2  5  4  5  -0.021021124659
 2  5  5  2   0.016211761828
 2  5  5  4  -0.021021124659
 2  5  5 10   0.005099088720
 2  5  7  8   0.016491785157
 2  5  7  9  -0.000997131005
 2  5  8  1   0.029267335959
 2  5  8  3   0.002059121265
 2  5  8  7   0.016491785157
 2  5  9  1  -0.001769569991
 2  5  9  3  -0.000124499176
 2  5  9  7  -0.000997131005
 2  5 10  5   0.005099088720
 2  6  1  8   0.001769569991
 2  6  1  9   0.029267335959
 2  6  2  6   0.016211761828
 2  6  3  8   0.000124499176
 2  6  3  9   0.002059121265
 2  6  4  6  -0.021021124659
 2  6  6  2   0.016211761828
 2  6  6  4  -0.021021124659
 2  6  6 10   0.005099088720
 2  6  7  8   0.000997131005
 2  6  7  9   0.016491785157
 2  6  8  1   0.001769569991
 2  6  8  3   0.000124499176
 2  6  8  7   0.000997131005
 2  6  9  1   0.029267335959
 2  6  9  3   0.002059121265
 2  6  9  7   0.016491785157
 2  6 10  6   0.005099088720
 2  7  1  2   0.045936182807
 2  7  1  4  -0.057401292872
 2  7  1 10  -0.007244194855
 2  7  2  1   0.045936182807
 2  7  2  3  -0.016376622438
 2  7  2  7   0.050898722143
 2  7  3  2  -0.016376622438
 2  7  3  4  -0.032784548506
 2  7  3 10   0.014777909460
 2  7  4  1  -0.057401292872
 2  7  4  3  -0.032784548506
 2  7  4  7  -0.072308645169
 2  7  5  8   0.059732623833
 2  7  5  9  -0.003611570892
 2  7  6  8   0.003611570892
 2  7  6  9   0.059732623833
 2  7  7  2   0.050898722143
 2  7  7  4  -0.072308645169
 2  7  7 10  -0.073351070592
 2  7  8  5   0.059732623833
 2  7  8  6   0.003611570892
 2  7  9  5  -0.003611570892
 2  7  9  6   0.059732623833
 2  7 10  1  -0.007244194855
 2  7 10  3   0.014777909460
 2  7 10  7  -0.073351070592
 2  8  1  5   0.056664732188
 2  8  1  6   0.003426079155
 2  8  2  8   0.037957717568
 2  8  3  5   0.005966054945
 2  8  3  6   0.000360721311
 2  8  4  8  -0.043459483922
 2  8  5  1   0.056664732188
 2  8  5  3   0.005966054945
 2  8  5  7   0.002246632063
 2  8  6  1   0.003426079155
 2  8  6  3   0.000360721311
 2  8  6  7   0.000135836507
 2  8  7  5   0.002246632063
 2  8  7  6   0.000135836507
 2  8  8  2   0.037957717568
 2  8  8  4  -0.043459483922
 2  8  8 10   0.003883416076
 2  8 10  8   0.003883416076
 2  9  1  5  -0.003426079155
 2  9  1  6   0.056664732188
 2  9  2  9   0.037957717568
 2  9  3  5  -0.000360721311
 2  9  3  6   0.005966054945
 2  9  4  9  -0.043459483922
 2  9  5  1  -0.003426079155
 2  9  5  3  -0.000360721311
 2  9  5  7  -0.000135836507
 2  9  6  1   0.056664732188
 2  9  6  3   0.005966054945
 2  9  6  7   0.002246632063
 2  9  7  5  -0.000135836507
 2  9  7  6   0.002246632063
 2  9  9  2   0.037957717568
 2  9  9  4  -0.043459483922
 2  9  9 10   0.003883416076
 2  9 10  9   0.003883416076
 2 10  1  1   0.017261081165
 2 10  1  3   0.016327210244
 2 10  1  7  -0.032356641265
 2 10  2  2  -0.016750935205
 2 10  2  4   0.005039191307
 2 10  2 10   0.026455550635
 2 10  3  1   0.016327210244
 2 10  3  3   0.011104854914
 2 10  3  7  -0.006409066591
 2 10  4  2   0.005039191307
 2 10  4  4  -0.005919739085
 2 10  4 10  -0.042857187386
 2 10  5  5   0.015899261355
 2 10  6  6   0.015899261355
 2 10  7  1  -0.032356641265
 2 10  7  3  -0.006409066591
 2 10  7  7  -0.022882378864
 2 10  8  8  -0.003869423004
 2 10  9  9  -0.003869423004
 2 10 10  2   0.026455550635
 2 10 10  4  -0.042857187386
 2 10 10 10  -0.007890625256
 3  1  1  1   0.157865411523
 3  1  1  3   0.084957750109
 3  1  1  7  -0.034350617561
 3  1  2  2   0.034076887542
 3  1  2  4  -0.053403334786
 3  1  2 10   0.016327210244
 3  1  3  1   0.084957750109
 3  1  3  3   0.075322795005
 3  1  3  7  -0.030960887250
 3  1  4  2  -0.053403334786
 3  1  4  4   0.131356586315
 3  1  4 10  -0.068689286054
 3  1  5  5   0.138829876478
 3  1  6  6   0.138829876478
 3  1  7  1  -0.034350617561
 3  1  7  3  -0.030960887250
 3  1  7  7   0.136725336159
 3  1  8  8   0.111139024324
 3  1  9  9   0.111139024324
 3  1 10  2   0.016327210244
 3  1 10  4  -0.068689286054
 3  1 10 10   0.170183888320
 3  2  1  2  -0.024121642736
 3  2  1  4  -0.000978157973
 3  2  1 10   0.013148738694
 3  2  2  1  -0.024121642736
 3  2  2  3   0.038837558593
 3  2  2  7  -0.016376622438
 3  2  3  2   0.038837558593
 3  2  3  4   0.013353924012
 3  2  3 10   0.009375157110
 3  2  4  1  -0.000978157973
 3  2  4  3   0.013353924012
 3  2  4  7   0.019513359223
 3  2  5  8  -0.019096978472
 3  2  5  9   0.001154646944
 3  2  6  8  -0.001154646944
 3  2  6  9  -0.019096978472
 3  2  7  2  -0.016376622438
 3  2  7  4   0.019513359223
 3  2  7 10   0.025326820474
 3  2  8  5  -0.019096978472
 3  2  8  6  -0.001154646944
 3  2  9  5   0.001154646944
 3  2  9  6  -0.019096978472
 3  2 10  1   0.013148738694
 3  2 10  3   0.009375157110
 3  2 10  7   0.025326820474
 3  3  1  1   0.453143415584
 3  3  1  3   0.075322795005
 3  3  1  7  -0.026712206469
 3  3  2  2   0.320400372757
 3  3  2  4  -0.067974564321
 3  3  2 10   0.011104854914
 3  3  3  1   0.075322795005
 3  3  3  3   0.359737151211
 3  3  3  7  -0.031554198999
 3  3  4  2  -0.067974564321
 3  3  4  4   0.413037955143
 3  3  4 10  -0.059169003183
 3  3  5  5   0.441411353017
 3  3  6  6   0.441411353017
 3  3  7  1  -0.026712206469
 3  3  7  3  -0.031554198999
 3  3  7  7   0.433432819416
 3  3  8  8   0.418574596582
 3  3  9  9   0.418574596582
 3  3 10  2   0.011104854914
 3  3 10  4  -0.059169003183
 3  3 10 10   0.463249785445
 3  4  1  2  -0.048268355749
 3  4  1  4   0.072716672758
 3  4  1 10  -0.036167195245
 3  4  2  1  -0.048268355749
 3  4  2  3   0.013353924012
 3  4  2  7  -0.032784548506
 3  4  3  2   0.013353924012
 3  4  3  4   0.057026418096
 3  4  3 10  -0.037279966606
 3  4  4  1   0.072716672758
 3  4  4  3   0.057026418096
 3  4  4  7   0.055383916426
 3  4  5  8  -0.065177888408
 3  4  5  9   0.003940804028
 3  4  6  8  -0.003940804028
 3  4  6  9  -0.065177888408
 3  4  7  2  -0.032784548506
 3  4  7  4   0.055383916426
 3  4  7 10   0.052624090510
 3  4  8  5  -0.065177888408
 3  4  8  6  -0.003940804028
 3  4  9  5   0.003940804028
 3  4  9  6  -0.065177888408
 3  4 10  1  -0.036167195245
 3  4 10  3  -0.037279966606
 3  4 10  7   0.052624090510
 3  5  1  5   0.025386944625
 3  5  2  8   0.005966054945
 3  5  2  9  -0.000360721311
 3  5  3  5   0.014322498624
 3  5  4  8  -0.015929617348
 3  5  4  9   0.000963141055
 3  5  5  1   0.025386944625
 3  5  5  3   0.014322498624
 3  5  5  7  -0.012052056199
 3  5  7  5  -0.012052056199
 3  5  8  2   0.005966054945
 3  5  8  4  -0.015929617348
 3  5  8 10   0.009976516465
 3  5  9  2  -0.000360721311
 3  5  9  4   0.000963141055
 3  5  9 10  -0.000603202976
 3  5 10  8   0.009976516465
 3  5 10  9  -0.000603202976
 3  6  1  6   0.025386944625
 3  6  2  8   0.000360721311
 3  6  2  9   0.005966054945
 3  6  3  6   0.014322498624
 3  6  4  8  -0.000963141055
 3  6  4  9  -0.015929617348
 3  6  6  1   0.025386944625
 3  6  6  3   0.014322498624
 3  6  6  7  -0.012052056199
 3  6  7  6  -0.012052056199
 3  6  8  2   0.000360721311
 3  6  8  4  -0.000963141055
 3  6  8 10   0.000603202976
 3  6  9  2   0.005966054945
 3  6  9  4  -0.015929617348
 3  6  9 10   0.009976516465
 3  6 10  8   0.000603202976
 3  6 10  9   0.009976516465
 3  7  1  1  -0.063602016999
 3  7  1  3  -0.030960887250
 3  7  1  7   0.032084514306
 3  7  2  2  -0.016253954109
 3  7  2  4   0.011913916990
 3  7  2 10  -0.006409066591
 3  7  3  1  -0.030960887250
 3  7  3  3  -0.031554198999
 3  7  3  7   0.025041837448
 3  7  4  2   0.011913916990
 3  7  4  4  -0.032109527452
 3  7  4 10   0.025396520196
 3  7  5  5  -0.060038088974
 3  7  6  6  -0.060038088974
 3  7  7  1   0.032084514306
 3  7  7  3   0.025041837448
 3  7  7  7  -0.052559813640
 3  7  8  8  -0.039189231166
 3  7  9  9  -0.039189231166
 3  7 10  2  -0.006409066591
 3  7 10  4   0.025396520196
 3  7 10 10  -0.057897046397
 3  8  1  8   0.007795377616
 3  8  2  5   0.002059121265
 3  8  2  6   0.000124499176
 3  8  3  8   0.007547811744
 3  8  4  5  -0.009117264527
 3  8  4  6  -0.000551250641
 3  8  5  2   0.002059121265
 3  8  5  4  -0.009117264527
 3  8  5 10   0.006577562434
 3  8  6  2   0.000124499176
 3  8  6  4  -0.000551250641
 3  8  6 10   0.000397694451
 3  8  7  8   0.000507272459
 3  8  8  1   0.007795377616
 3  8  8  3   0.007547811744
 3  8  8  7   0.000507272459
 3  8 10  5   0.006577562434
 3  8 10  6   0.000397694451
 3  9  1  9   0.007795377616
 3  9  2  5  -0.000124499176
 3  9  2  6   0.002059121265
 3  9  3  9   0.007547811744
 3  9  4  5   0.000551250641
 3  9  4  6  -0.009117264527
 3  9  5  2  -0.000124499176
 3  9  5  4   0.000551250641
 3  9  5 10  -0.000397694451
 3  9  6  2   0.002059121265
 3  9  6  4  -0.009117264527
 3  9  6 10   0.006577562434
 3  9  7  9   0.000507272459
 3  9  9  1   0.007795377616
 3  9  9  3   0.007547811744
 3  9  9  7   0.000507272459
 3  9 10  5  -0.000397694451
 3  9 10  6   0.006577562434
 3 10  1  2   0.024425096113
 3 10  1  4  -0.055488131221
 3 10  1 10   0.043251972479
 3 10  2  1   0.024425096113
 3 10  2  3   0.009375157110
 3 10  2  7   0.014777909460
 3 10  3  2   0.009375157110
 3 10  3  4  -0.037279966606
 3 10  3 10   0.042421213773
 3 10  4  1  -0.055488131221
 3 10  4  3  -0.037279966606
 3 10  4  7  -0.022282618444
 3 10  5  8   0.038112165484
 3 10  5  9  -0.002304348590
 3 10  6  8   0.002304348590
 3 10  6  9   0.038112165484
 3 10  7  2   0.014777909460
 3 10  7  4  -0.022282618444
 3 10  7 10  -0.028304868464
 3 10  8  5   0.038112165484
 3 10  8  6   0.002304348590
 3 10  9  5  -0.002304348590
 3 10  9  6   0.038112165484
 3 10 10  1   0.043251972479
 3 10 10  3   0.042421213773
 3 10 10  7  -0.028304868464
 4  1  1  2  -0.068629918876
 4  1  1  4   0.119196234791
 4  1  1 10  -0.045918752353
 4  1  2  1  -0.068629918876
 4  1  2  3  -0.000978157973
 4  1  2  7  -0.057401292872
 4  1  3  2  -0.000978157973
 4  1  3  4   0.072716672758
 4  1  3 10  -0.055488131221
 4  1  4  1   0.119196234791
 4  1  4  3   0.072716672758
 4  1  4  7   0.091691580859
 4  1  5  8  -0.107876877878
 4  1  5  9   0.006522482474
 4  1  6  8  -0.006522482474
 4  1  6  9  -0.107876877878
 4  1  7  2  -0.057401292872
 4  1  7  4   0.091691580859
 4  1  7 10   0.088520418124
 4  1  8  5  -0.107876877878
 4  1  8  6  -0.006522482474
 4  1  9  5   0.006522482474
 4  1  9  6  -0.107876877878
 4  1 10  1  -0.045918752353
 4  1 10  3  -0.055488131221
 4  1 10  7   0.088520418124
 4  2  1  1  -0.139543887982
 4  2  1  3  -0.053403334786
 4  2  1  7  -0.006911187248
 4  2  2  2  -0.050655706131
 4  2  2  4   0.060640838776
 4  2  2 10   0.005039191307
 4  2  3  1  -0.053403334786
 4  2  3  3  -0.067974564321
 4  2  3  7   0.011913916990
 4  2  4  2   0.060640838776
 4  2  4  4  -0.135310955604
 4  2  4 10   0.024195004270
 4  2  5  5  -0.132686794307
 4  2  6  6  -0.132686794307
 4  2  7  1  -0.006911187248
 4  2  7  3   0.011913916990
 4  2  7  7  -0.146261878821
 4  2  8  8  -0.131579794152
 4  2  9  9  -0.131579794152
 4  2 10  2   0.005039191307
 4  2 10  4   0.024195004270
 4  2 10 10  -0.162398463027
 4  3  1  2  -0.048268355749
 4  3  1  4   0.072716672758
 4  3  1 10  -0.036167195245
 4  3  2  1  -0.048268355749
 4  3  2  3   0.013353924012
 4  3  2  7  -0.032784548506
 4  3  3  2   0.013353924012
 4  3  3  4   0.057026418096
 4  3  3 10  -0.037279966606
 4  3  4  1   0.072716672758
 4  3  4  3   0.057026418096
 4  3  4  7   0.055383916426
 4  3  5  8  -0.065177888408
 4  3  5  9   0.003940804028
 4  3  6  8  -0.003940804028
 4  3  6  9  -0.065177888408
 4  3  7  2  -0.032784548506
 4  3  7  4   0.055383916426
 4  3  7 10   0.052624090510
 4  3  8  5  -0.065177888408
 4  3  8  6  -0.003940804028
 4  3  9  5   0.003940804028
 4  3  9  6  -0.065177888408
 4  3 10  1  -0.036167195245
 4  3 10  3  -0.037279966606
 4  3 10  7   0.052624090510
 4  4  1  1   0.580572168855
 4  4  1  3   0.131356586315
 4  4  1  7   0.013560764598
 4  4  2  2   0.380797111598
 4  4  2  4  -0.135310955604
 4  4  2 10  -0.005919739085
 4  4  3  1   0.131356586315
 4  4  3  3   0.413037955143
 4  4  3  7  -0.032109527452
 4  4  4  2  -0.135310955604
 4  4  4  4   0.574735620468
 4  4  4 10  -0.068976728213
 4  4  5  5   0.556257409973
 4  4  6  6   0.556257409973
 4  4  7  1   0.013560764598
 4  4  7  3  -0.032109527452
 4  4  7  7   0.589989426540
 4  4  8  8   0.551495418131
 4  4  9  9   0.551495418131
 4  4 10  2  -0.005919739085
 4  4 10  4  -0.068976728213
 4  4 10 10   0.638674797944
 4  5  1  8  -0.041504604249
 4  5  1  9   0.002509463187
 4  5  2  5  -0.021021124659
 4  5  3  8  -0.009117264527
 4  5  3  9   0.000551250641
 4  5  4  5   0.033105368998
 4  5  5  2  -0.021021124659
 4  5  5  4   0.033105368998
 4  5  5 10  -0.011094572781
 4  5  7  8  -0.020868622539
 4  5  7  9   0.001261764592
 4  5  8  1  -0.041504604249
 4  5  8  3  -0.009117264527
 4  5  8  7  -0.020868622539
 4  5  9  1   0.002509463187
 4  5  9  3   0.000551250641
 4  5  9  7   0.001261764592
 4  5 10  5  -0.011094572781
 4  6  1  8  -0.002509463187
 4  6  1  9  -0.041504604249
 4  6  2  6  -0.021021124659
 4  6  3  8  -0.000551250641
 4  6  3  9  -0.009117264527
 4  6  4  6   0.033105368998
 4  6  6  2  -0.021021124659
 4  6  6  4   0.033105368998
 4  6  6 10  -0.011094572781
 4  6  7  8  -0.001261764592
 4  6  7  9  -0.020868622539
 4  6  8  1  -0.002509463187
 4  6  8  3  -0.000551250641
 4  6  8  7  -0.001261764592
 4  6  9  1  -0.041504604249
 4  6  9  3  -0.009117264527
 4  6  9  7  -0.020868622539
 4  6 10  6  -0.011094572781
 4  7  1  2  -0.067188715432
 4  7  1  4   0.091691580859
 4  7  1 10   0.005932844378
 4  7  2  1  -0.067188715432
 4  7  2  3   0.019513359223
 4  7  2  7  -0.072308645169
 4  7  3  2   0.019513359223
 4  7  3  4   0.055383916426
 4  7  3 10  -0.022282618444
 4  7  4  1   0.091691580859
 4  7  4  3   0.055383916426
 4  7  4  7   0.113534586997
 4  7  5  8  -0.088579889049
 4  7  5  9   0.005355742447
 4  7  6  8  -0.005355742447
 4  7  6  9  -0.088579889049
 4  7  7  2  -0.072308645169
 4  7  7  4   0.113534586997
 4  7  7 10   0.102741066896
 4  7  8  5  -0.088579889049
 4  7  8  6  -0.005355742447
 4  7  9  5   0.005355742447
 4  7  9  6  -0.088579889049
 4  7 10  1   0.005932844378
 4  7 10  3  -0.022282618444
 4  7 10  7   0.102741066896
 4  8  1  5  -0.073090071041
 4  8  1  6  -0.004419192664
 4  8  2  8  -0.043459483922
 4  8  3  5  -0.015929617348
 4  8  3  6  -0.000963141055
 4  8  4  8   0.060224271731
 4  8  5  1  -0.073090071041
 4  8  5  3  -0.015929617348
 4  8  5  7  -0.001002981761
 4  8  6  1  -0.004419192664
 4  8  6  3  -0.000963141055
 4  8  6  7  -0.000060642569
 4  8  7  5  -0.001002981761
 4  8  7  6  -0.000060642569
 4  8  8  2  -0.043459483922
 4  8  8  4   0.060224271731
 4  8  8 10  -0.008699726285
 4  8 10  8  -0.008699726285
 4  9  1  5   0.004419192664
 4  9  1  6  -0.073090071041
 4  9  2  9  -0.043459483922
 4  9  3  5   0.000963141055
 4  9  3  6  -0.015929617348
 4  9  4  9   0.060224271731
 4  9  5  1   0.004419192664
 4  9  5  3   0.000963141055
 4  9  5  7   0.000060642569
 4  9  6  1  -0.073090071041
 4  9  6  3  -0.015929617348
 4  9  6  7  -0.001002981761
 4  9  7  5   0.000060642569
 4  9  7  6  -0.001002981761
 4  9  9  2  -0.043459483922
 4  9  9  4   0.060224271731
 4  9  9 10  -0.008699726285
 4  9 10  9  -0.008699726285
 4 10  1  1  -0.110856090052
 4 10  1  3  -0.068689286054
 4 10  1  7   0.056916074098
 4 10  2  2  -0.001723176754
 4 10  2  4   0.024195004270
 4 10  2 10  -0.042857187386
 4 10  3  1  -0.068689286054
 4 10  3  3  -0.059169003183
 4 10  3  7   0.025396520196
 4 10  4  2   0.024195004270
 4 10  4  4  -0.068976728213
 4 10  4 10   0.100935649260
 4 10  5  5  -0.094758326712
 4 10  6  6  -0.094758326712
 4 10  7  1   0.056916074098
 4 10  7  3   0.025396520196
 4 10  7  7  -0.044407733149
 4 10  8  8  -0.057222007946
 4 10  9  9  -0.057222007946
 4 10 10  2  -0.042857187386
 4 10 10  4   0.100935649260
 4 10 10 10  -0.097040391907
 5  1  1  5   0.122612142833
 5  1  2  8   0.056664732188
 5  1  2  9  -0.003426079155
 5  1  3  5   0.025386944625
 5  1  4  8  -0.073090071041
 5  1  4  9   0.004419192664
 5  1  5  1   0.122612142833
 5  1  5  3   0.025386944625
 5  1  5  7  -0.031321147365
 5  1  7  5  -0.031321147365
 5  1  8  2   0.056664732188
 5  1  8  4  -0.073090071041
 5  1  8 10   0.027916600786
 5  1  9  2  -0.003426079155
 5  1  9  4   0.004419192664
 5  1  9 10  -0.001687901457
 5  1 10  8   0.027916600786
 5  1 10  9  -0.001687901457
 5  2  1  8   0.029267335959
 5  2  1  9  -0.001769569991
 5  2  2  5   0.016211761828
 5  2  3  8   0.002059121265
 5  2  3  9  -0.000124499176
 5  2  4  5  -0.021021124659
 5  2  5  2   0.016211761828
 5  2  5  4  -0.021021124659
 5  2  5 10   0.005099088720
 5  2  7  8   0.016491785157
 5  2  7  9  -0.000997131005
 5  2  8  1   0.029267335959
 5  2  8  3   0.002059121265
 5  2  8  7   0.016491785157
 5  2  9  1  -0.001769569991
 5  2  9  3  -0.000124499176
 5  2  9  7  -0.000997131005
 5  2 10  5   0.005099088720
 5  3  1  5   0.025386944625
 5  3  2  8   0.005966054945
 5  3  2  9  -0.000360721311
 5  3  3  5   0.014322498624
 5  3  4  8  -0.015929617348
 5  3  4  9   0.000963141055
 5  3  5  1   0.025386944625
 5  3  5  3   0.014322498624
 5  3  5  7  -0.012052056199
 5  3  7  5  -0.012052056199
 5  3  8  2   0.005966054945
 5  3  8  4  -0.015929617348
 5  3  8 10   0.009976516465
 5  3  9  2  -0.000360721311
 5  3  9  4   0.000963141055
 5  3  9 10  -0.000603202976
 5  3 10  8   0.009976516465
 5  3 10  9  -0.000603202976
 5  4  1  8  -0.041504604249
 5  4  1  9   0.002509463187
 5  4  2  5  -0.021021124659
 5  4  3  8  -0.009117264527
 5  4  3  9   0.000551250641
 5  4  4  5   0.033105368998
 5  4  5  2  -0.021021124659
 5  4  5  4   0.033105368998
 5  4  5 10  -0.011094572781
 5  4  7  8  -0.020868622539
 5  4  7  9   0.001261764592
 5  4  8  1  -0.041504604249
 5  4  8  3  -0.009117264527
 5  4  8  7  -0.020868622539
 5  4  9  1   0.002509463187
 5  4  9  3   0.000551250641
 5  4  9  7   0.001261764592
 5  4 10  5  -0.011094572781
 5  5  1  1   0.649015550990
 5  5  1  3   0.138829876478
 5  5  1  7  -0.057249220898
 5  5  2  2   0.382384579847
 5  5  2  4  -0.132686794307
 5  5  2 10   0.015899261355
 5  5  3  1   0.138829876478
 5  5  3  3   0.441411353017
 5  5  3  7  -0.060038088974
 5  5  4  2  -0.132686794307
 5  5  4  4   0.556257409973
 5  5  4 10  -0.094758326712
 5  5  5  5   0.701393492898
 5  5  6  6   0.628064157198
 5  5  7  1  -0.057249220898
 5  5  7  3  -0.060038088974
 5  5  7  7   0.609239168192
 5  5  8  8   0.635110289763
 5  5  8  9  -0.003428827301
 5  5  9  8  -0.003428827301
 5  5  9  9   0.578607420060
 5  5 10  2   0.015899261355
 5  5 10  4  -0.094758326712
 5  5 10 10   0.629231069951
 5  6  5  6   0.036664667850
 5  6  6  5   0.036664667850
 5  6  8  8   0.003428827301
 5  6  8  9   0.028251434852
 5  6  9  8   0.028251434852
 5  6  9  9  -0.003428827301
 5  7  1  5  -0.031321147365
 5  7  2  8   0.002246632063
 5  7  2  9  -0.000135836507
 5  7  3  5  -0.012052056199
 5  7  4  8  -0.001002981761
 5  7  4  9   0.000060642569
 5  7  5  1  -0.031321147365
 5  7  5  3  -0.012052056199
 5  7  5  7   0.036653099454
 5  7  7  5   0.036653099454
 5  7  8  2   0.002246632063
 5  7  8  4  -0.001002981761
 5  7  8 10  -0.020580698771
 5  7  9  2  -0.000135836507
 5  7  9  4   0.000060642569
 5  7  9 10   0.001244356063
 5  7 10  8  -0.020580698771
 5  7 10  9   0.001244356063
 5  8  1  2   0.077918404548
 5  8  1  4  -0.107876877878
 5  8  1 10   0.033262353497
 5  8  2  1   0.077918404548
 5  8  2  3  -0.019096978472
 5  8  2  7   0.059732623833
 5  8  3  2  -0.019096978472
 5  8  3  4  -0.065177888408
 5  8  3 10   0.038112165484
 5  8  4  1  -0.107876877878
 5  8  4  3  -0.065177888408
 5  8  4  7  -0.088579889049
 5  8  5  8   0.149924847449
 5  8  5  9  -0.007876927859
 5  8  6  8   0.007876927859
 5  8  6  9   0.110631892452
 5  8  7  2   0.059732623833
 5  8  7  4  -0.088579889049
 5  8  7 10  -0.091766294732
 5  8  8  5   0.149924847449
 5  8  8  6   0.007876927859
 5  8  9  5  -0.007876927859
 5  8  9  6   0.110631892452
 5  8 10  1   0.033262353497
 5  8 10  3   0.038112165484
 5  8 10  7  -0.091766294732
 5  9  1  2  -0.004711124738
 5  9  1  4   0.006522482474
 5  9  1 10  -0.002011117878
 5  9  2  1  -0.004711124738
 5  9  2  3   0.001154646944
 5  9  2  7  -0.003611570892
 5  9  3  2   0.001154646944
 5  9  3  4   0.003940804028
 5  9  3 10  -0.002304348590
 5  9  4  1   0.006522482474
 5  9  4  3   0.003940804028
 5  9  4  7   0.005355742447
 5  9  5  8  -0.007876927859
 5  9  5  9   0.020122734551
 5  9  6  8   0.019170220446
 5  9  6  9  -0.007876927859
 5  9  7  2  -0.003611570892
 5  9  7  4   0.005355742447
 5  9  7 10   0.005548399813
 5  9  8  5  -0.007876927859
 5  9  8  6   0.019170220446
 5  9  9  5   0.020122734551
 5  9  9  6  -0.007876927859
 5  9 10  1  -0.002011117878
 5  9 10  3  -0.002304348590
 5  9 10  7   0.005548399813
 5 10  1  8   0.014084915165
 5 10  1  9  -0.000851606147
 5 10  2  5   0.005099088720
 5 10  3  8   0.006577562434
 5 10  3  9  -0.000397694451
 5 10  4  5  -0.011094572781
 5 10  5  2   0.005099088720
 5 10  5  4  -0.011094572781
 5 10  5 10   0.016814064096
 5 10  7  8  -0.007229315851
 5 10  7  9   0.000437100951
 5 10  8  1   0.014084915165
 5 10  8  3   0.006577562434
 5 10  8  7  -0.007229315851
 5 10  9  1  -0.000851606147
 5 10  9  3  -0.000397694451
 5 10  9  7   0.000437100951
 5 10 10  5   0.016814064096
 6  1  1  6   0.122612142833
 6  1  2  8   0.003426079155
 6  1  2  9   0.056664732188
 6  1  3  6   0.025386944625
 6  1  4  8  -0.004419192664
 6  1  4  9  -0.073090071041
 6  1  6  1   0.122612142833
 6  1  6  3   0.025386944625
 6  1  6  7  -0.031321147365
 6  1  7  6  -0.031321147365
 6  1  8  2   0.003426079155
 6  1  8  4  -0.004419192664
 6  1  8 10   0.001687901457
 6  1  9  2   0.056664732188
 6  1  9  4  -0.073090071041
 6  1  9 10   0.027916600786
 6  1 10  8   0.001687901457
 6  1 10  9   0.027916600786
 6  2  1  8   0.001769569991
 6  2  1  9   0.029267335959
 6  2  2  6   0.016211761828
 6  2  3  8   0.000124499176
 6  2  3  9   0.002059121265
 6  2  4  6  -0.021021124659
 6  2  6  2   0.016211761828
 6  2  6  4  -0.021021124659
 6  2  6 10   0.005099088720
 6  2  7  8   0.000997131005
 6  2  7  9   0.016491785157
 6  2  8  1   0.001769569991
 6  2  8  3   0.000124499176
 6  2  8  7   0.000997131005
 6  2  9  1   0.029267335959
 6  2  9  3   0.002059121265
 6  2  9  7   0.016491785157
 6  2 10  6   0.005099088720
 6  3  1  6   0.025386944625
 6  3  2  8   0.000360721311
 6  3  2  9   0.005966054945
 6  3  3  6   0.014322498624
 6  3  4  8  -0.000963141055
 6  3  4  9  -0.015929617348
 6  3  6  1   0.025386944625
 6  3  6  3   0.014322498624
 6  3  6  7  -0.012052056199
 6  3  7  6  -0.012052056199
 6  3  8  2   0.000360721311
 6  3  8  4  -0.000963141055
 6  3  8 10   0.000603202976
 6  3  9  2   0.005966054945
 6  3  9  4  -0.015929617348
 6  3  9 10   0.009976516465
 6  3 10  8   0.000603202976
 6  3 10  9   0.009976516465
 6  4  1  8  -0.002509463187
 6  4  1  9  -0.041504604249
 6  4  2  6  -0.021021124659
 6  4  3  8  -0.000551250641
 6  4  3  9  -0.009117264527
 6  4  4  6   0.033105368998
 6  4  6  2  -0.021021124659
 6  4  6  4   0.033105368998
 6  4  6 10  -0.011094572781
 6  4  7  8  -0.001261764592
 6  4  7  9  -0.020868622539
 6  4  8  1  -0.002509463187
 6  4  8  3  -0.000551250641
 6  4  8  7  -0.001261764592
 6  4  9  1  -0.041504604249
 6  4  9  3  -0.009117264527
 6  4  9  7  -0.020868622539
 6  4 10  6  -0.011094572781
 6  5  5  6   0.036664667850
 6  5  6  5   0.036664667850
 6  5  8  8   0.003428827301
 6  5  8  9   0.028251434852
 6  5  9  8   0.028251434852
 6  5  9  9  -0.003428827301
 6  6  1  1   0.649015550990
 6  6  1  3   0.138829876478
 6  6  1  7  -0.057249220898
 6  6  2  2   0.382384579847
 6  6  2  4  -0.132686794307
 6  6  2 10   0.015899261355
 6  6  3  1   0.138829876478
 6  6  3  3   0.441411353017
 6  6  3  7  -0.060038088974
 6  6  4  2  -0.132686794307
 6  6  4  4   0.556257409973
 6  6  4 10  -0.094758326712
 6  6  5  5   0.628064157198
 6  6  6  6   0.701393492898
 6  6  7  1  -0.057249220898
 6  6  7  3  -0.060038088974
 6  6  7  7   0.609239168192
 6  6  8  8   0.578607420060
 6  6  8  9   0.003428827301
 6  6  9  8   0.003428827301
 6  6  9  9   0.635110289763
 6  6 10  2   0.015899261355
 6  6 10  4  -0.094758326712
 6  6 10 10   0.629231069951
 6  7  1  6  -0.031321147365
 6  7  2  8   0.000135836507
 6  7  2  9   0.002246632063
 6  7  3  6  -0.012052056199
 6  7  4  8  -0.000060642569
 6  7  4  9  -0.001002981761
 6  7  6  1  -0.031321147365
 6  7  6  3  -0.012052056199
 6  7  6  7   0.036653099454
 6  7  7  6   0.036653099454
 6  7  8  2   0.000135836507
 6  7  8  4  -0.000060642569
 6  7  8 10  -0.001244356063
 6  7  9  2   0.002246632063
 6  7  9  4  -0.001002981761
 6  7  9 10  -0.020580698771
 6  7 10  8  -0.001244356063
 6  7 10  9  -0.020580698771
 6  8  1  2   0.004711124738
 6  8  1  4  -0.006522482474
 6  8  1 10   0.002011117878
 6  8  2  1   0.004711124738
 6  8  2  3  -0.001154646944
 6  8  2  7   0.003611570892
 6  8  3  2  -0.001154646944
 6  8  3  4  -0.003940804028
 6  8  3 10   0.002304348590
 6  8  4  1  -0.006522482474
 6  8  4  3  -0.003940804028
 6  8  4  7  -0.005355742447
 6  8  5  8   0.007876927859
 6  8  5  9   0.019170220446
 6  8  6  8   0.020122734551
 6  8  6  9   0.007876927859
 6  8  7  2   0.003611570892
 6  8  7  4  -0.005355742447
 6  8  7 10  -0.005548399813
 6  8  8  5   0.007876927859
 6  8  8  6   0.020122734551
 6  8  9  5   0.019170220446
 6  8  9  6   0.007876927859
 6  8 10  1   0.002011117878
 6  8 10  3   0.002304348590
 6  8 10  7  -0.005548399813
 6  9  1  2   0.077918404548
 6  9  1  4  -0.107876877878
 6  9  1 10   0.033262353497
 6  9  2  1   0.077918404548
 6  9  2  3  -0.019096978472
 6  9  2  7   0.059732623833
 6  9  3  2  -0.019096978472
 6  9  3  4  -0.065177888408
 6  9  3 10   0.038112165484
 6  9  4  1  -0.107876877878
 6  9  4  3  -0.065177888408
 6  9  4  7  -0.088579889049
 6  9  5  8   0.110631892452
 6  9  5  9  -0.007876927859
 6  9  6  8   0.007876927859
 6  9  6  9   0.149924847449
 6  9  7  2   0.059732623833
 6  9  7  4  -0.088579889049
 6  9  7 10  -0.091766294732
 6  9  8  5   0.110631892452
 6  9  8  6   0.007876927859
 6  9  9  5  -0.007876927859
 6  9  9  6   0.149924847449
 6  9 10  1   0.033262353497
 6  9 10  3   0.038112165484
 6  9 10  7  -0.091766294732
 6 10  1  8   0.000851606147
 6 10  1  9   0.014084915165
 6 10  2  6   0.005099088720
 6 10  3  8   0.000397694451
 6 10  3  9   0.006577562434
 6 10  4  6  -0.011094572781
 6 10  6  2   0.005099088720
 6 10  6  4  -0.011094572781
 6 10  6 10   0.016814064096
 6 10  7  8  -0.000437100951
 6 10  7  9  -0.007229315851
 6 10  8  1   0.000851606147
 6 10  8  3   0.000397694451
 6 10  8  7  -0.000437100951
 6 10  9  1   0.014084915165
 6 10  9  3   0.006577562434
 6 10  9  7  -0.007229315851
 6 10 10  6   0.016814064096
 7  1  1  1  -0.053598632028
 7  1  1  3  -0.034350617561
 7  1  1  7   0.077918042413
 7  1  2  2   0.018605714750
 7  1  2  4  -0.006911187248
 7  1  2 10  -0.032356641265
 7  1  3  1  -0.034350617561
 7  1  3  3  -0.026712206469
 7  1  3  7   0.032084514306
 7  1  4  2  -0.006911187248
 7  1  4  4   0.013560764598
 7  1  4 10   0.056916074098
 7  1  5  5  -0.057249220898
 7  1  6  6  -0.057249220898
 7  1  7  1   0.077918042413
 7  1  7  3   0.032084514306
 7  1  7  7  -0.003087980670
 7  1  8  8  -0.003152985968
 7  1  9  9  -0.003152985968
 7  1 10  2  -0.032356641265
 7  1 10  4   0.056916074098
 7  1 10 10  -0.007725728393
 7  2  1  2   0.045936182807
 7  2  1  4  -0.057401292872
 7  2  1 10  -0.007244194855
 7  2  2  1   0.045936182807
 7  2  2  3  -0.016376622438
 7  2  2  7   0.050898722143
 7  2  3  2  -0.016376622438
 7  2  3  4  -0.032784548506
 7  2  3 10   0.014777909460
 7  2  4  1  -0.057401292872
 7  2  4  3  -0.032784548506
 7  2  4  7  -0.072308645169
 7  2  5  8   0.059732623833
 7  2  5  9  -0.003611570892
 7  2  6  8   0.003611570892
 7  2  6  9   0.059732623833
 7  2  7  2   0.050898722143
 7  2  7  4  -0.072308645169
 7  2  7 10  -0.073351070592
 7  2  8  5   0.059732623833
 7  2  8  6   0.003611570892
 7  2  9  5  -0.003611570892
 7  2  9  6   0.059732623833
 7  2 10  1  -0.007244194855
 7  2 10  3   0.014777909460
 7  2 10  7  -0.073351070592
 7  3  1  1  -0.063602016999
 7  3  1  3  -0.030960887250
 7  3  1  7   0.032084514306
 7  3  2  2  -0.016253954109
 7  3  2  4   0.011913916990
 7  3  2 10  -0.006409066591
 7  3  3  1  -0.030960887250
 7  3  3  3  -0.031554198999
 7  3  3  7   0.025041837448
 7  3  4  2   0.011913916990
 7  3  4  4  -0.032109527452
 7  3  4 10   0.025396520196
 7  3  5  5  -0.060038088974
 7  3  6  6  -0.060038088974
 7  3  7  1   0.032084514306
 7  3  7  3   0.025041837448
 7  3  7  7  -0.052559813640
 7  3  8  8  -0.039189231166
 7  3  9  9  -0.039189231166
 7  3 10  2  -0.006409066591
 7  3 10  4   0.025396520196
 7  3 10 10  -0.057897046397
 7  4  1  2  -0.067188715432
 7  4  1  4   0.091691580859
 7  4  1 10   0.005932844378
 7  4  2  1  -0.067188715432
 7  4  2  3   0.019513359223
 7  4  2  7  -0.072308645169
 7  4  3  2   0.019513359223
 7  4  3  4   0.055383916426
 7  4  3 10  -0.022282618444
 7  4  4  1   0.091691580859
 7  4  4  3   0.055383916426
 7  4  4  7   0.113534586997
 7  4  5  8  -0.088579889049
 7  4  5  9   0.005355742447
 7  4  6  8  -0.005355742447
 7  4  6  9  -0.088579889049
 7  4  7  2  -0.072308645169
 7  4  7  4   0.113534586997
 7  4  7 10   0.102741066896
 7  4  8  5  -0.088579889049
 7  4  8  6  -0.005355742447
 7  4  9  5   0.005355742447
 7  4  9  6  -0.088579889049
 7  4 10  1   0.005932844378
 7  4 10  3  -0.022282618444
 7  4 10  7   0.102741066896
 7  5  1  5  -0.031321147365
 7  5  2  8   0.002246632063
 7  5  2  9  -0.000135836507
 7  5  3  5  -0.012052056199
 7  5  4  8  -0.001002981761
 7  5  4  9   0.000060642569
 7  5  5  1  -0.031321147365
 7  5  5  3  -0.012052056199
 7  5  5  7   0.036653099454
 7  5  7  5   0.036653099454
 7  5  8  2   0.002246632063
 7  5  8  4  -0.001002981761
 7  5  8 10  -0.020580698771
 7  5  9  2  -0.000135836507
 7  5  9  4   0.000060642569
 7  5  9 10   0.001244356063
 7  5 10  8  -0.020580698771
 7  5 10  9   0.001244356063
 7  6  1  6  -0.031321147365
 7  6  2  8   0.000135836507
 7  6  2  9   0.002246632063
 7  6  3  6  -0.012052056199
 7  6  4  8  -0.000060642569
 7  6  4  9  -0.001002981761
 7  6  6  1  -0.031321147365
 7  6  6  3  -0.012052056199
 7  6  6  7   0.036653099454
 7  6  7  6   0.036653099454
 7  6  8  2   0.000135836507
 7  6  8  4  -0.000060642569
 7  6  8 10  -0.001244356063
 7  6  9  2   0.002246632063
 7  6  9  4  -0.001002981761
 7  6  9 10  -0.020580698771
 7  6 10  8  -0.001244356063
 7  6 10  9  -0.020580698771
 7  7  1  1   0.624751561209
 7  7  1  3   0.136725336159
 7  7  1  7  -0.003087980670
 7  7  2  2   0.404020242005
 7  7  2  4  -0.146261878821
 7  7  2 10  -0.022882378864
 7  7  3  1   0.136725336159
 7  7  3  3   0.433432819416
 7  7  3  7  -0.052559813640
 7  7  4  2  -0.146261878821
 7  7  4  4   0.589989426540
 7  7  4 10  -0.044407733149
 7  7  5  5   0.609239168192
 7  7  6  6   0.609239168192
 7  7  7  1  -0.003087980670
 7  7  7  3  -0.052559813640
 7  7  7  7   0.659052973316
 7  7  8  8   0.588129785581
 7  7  9  9   0.588129785581
 7  7 10  2  -0.022882378864
 7  7 10  4  -0.044407733149
 7  7 10 10   0.678889001923
 7  8  1  8   0.027096629031
 7  8  2  5   0.016491785157
 7  8  2  6   0.000997131005
 7  8  3  8   0.000507272459
 7  8  4  5  -0.020868622539
 7  8  4  6  -0.001261764592
 7  8  5  2   0.016491785157
 7  8  5  4  -0.020868622539
 7  8  5 10  -0.007229315851
 7  8  6  2   0.000997131005
 7  8  6  4  -0.001261764592
 7  8  6 10  -0.000437100951
 7  8  7  8   0.030027242616
 7  8  8  1   0.027096629031
 7  8  8  3   0.000507272459
 7  8  8  7   0.030027242616
 7  8 10  5  -0.007229315851
 7  8 10  6  -0.000437100951
 7  9  1  9   0.027096629031
 7  9  2  5  -0.000997131005
 7  9  2  6   0.016491785157
 7  9  3  9   0.000507272459
 7  9  4  5   0.001261764592
 7  9  4  6  -0.020868622539
 7  9  5  2  -0.000997131005
 7  9  5  4   0.001261764592
 7  9  5 10   0.000437100951
 7  9  6  2   0.016491785157
 7  9  6  4  -0.020868622539
 7  9  6 10  -0.007229315851
 7  9  7  9   0.030027242616
 7  9  9  1   0.027096629031
 7  9  9  3   0.000507272459
 7  9  9  7   0.030027242616
 7  9 10  5   0.000437100951
 7  9 10  6  -0.007229315851
 7 10  1  2  -0.069996650310
 7 10  1  4   0.088520418124
 7 10  1 10   0.002738267812
 7 10  2  1  -0.069996650310
 7 10  2  3   0.025326820474
 7 10  2  7  -0.073351070592
 7 10  3  2   0.025326820474
 7 10  3  4   0.052624090510
 7 10  3 10  -0.028304868464
 7 10  4  1   0.088520418124
 7 10  4  3   0.052624090510
 7 10  4  7   0.102741066896
 7 10  5  8  -0.091766294732
 7 10  5  9   0.005548399813
 7 10  6  8  -0.005548399813
 7 10  6  9  -0.091766294732
 7 10  7  2  -0.073351070592
 7 10  7  4   0.102741066896
 7 10  7 10   0.124157375939
 7 10  8  5  -0.091766294732
 7 10  8  6  -0.005548399813
 7 10  9  5   0.005548399813
 7 10  9  6  -0.091766294732
 7 10 10  1   0.002738267812
 7 10 10  3  -0.028304868464
 7 10 10  7   0.124157375939
 8  1  1  8   0.055775604088
 8  1  2  5   0.029267335959
 8  1  2  6   0.001769569991
 8  1  3  8   0.007795377616
 8  1  4  5  -0.041504604249
 8  1  4  6  -0.002509463187
 8  1  5  2   0.029267335959
 8  1  5  4  -0.041504604249
 8  1  5 10   0.014084915165
 8  1  6  2   0.001769569991
 8  1  6  4  -0.002509463187
 8  1  6 10   0.000851606147
 8  1  7  8   0.027096629031
 8  1  8  1   0.055775604088
 8  1  8  3   0.007795377616
 8  1  8  7   0.027096629031
 8  1 10  5   0.014084915165
 8  1 10  6   0.000851606147
 8  2  1  5   0.056664732188
 8  2  1  6   0.003426079155
 8  2  2  8   0.037957717568
 8  2  3  5   0.005966054945
 8  2  3  6   0.000360721311
 8  2  4  8  -0.043459483922
 8  2  5  1   0.056664732188
 8  2  5  3   0.005966054945
 8  2  5  7   0.002246632063
 8  2  6  1   0.003426079155
 8  2  6  3   0.000360721311
 8  2  6  7   0.000135836507
 8  2  7  5   0.002246632063
 8  2  7  6   0.000135836507
 8  2  8  2   0.037957717568
 8  2  8  4  -0.043459483922
 8  2  8 10   0.003883416076
 8  2 10  8   0.003883416076
 8  3  1  8   0.007795377616
 8  3  2  5   0.002059121265
 8  3  2  6   0.000124499176
 8  3  3  8   0.007547811744
 8  3  4  5  -0.009117264527
 8  3  4  6  -0.000551250641
 8  3  5  2   0.002059121265
 8  3  5  4  -0.009117264527
 8  3  5 10   0.006577562434
 8  3  6  2   0.000124499176
 8  3  6  4  -0.000551250641
 8  3  6 10   0.000397694451
 8  3  7  8   0.000507272459
 8  3  8  1   0.007795377616
 8  3  8  3   0.007547811744
 8  3  8  7   0.000507272459
 8  3 10  5   0.006577562434
 8  3 10  6   0.000397694451
 8  4  1  5  -0.073090071041
 8  4  1  6  -0.004419192664
 8  4  2  8  -0.043459483922
 8  4  3  5  -0.015929617348
 8  4  3  6  -0.000963141055
 8  4  4  8   0.060224271731
 8  4  5  1  -0.073090071041
 8  4  5  3  -0.015929617348
 8  4  5  7  -0.001002981761
 8  4  6  1  -0.004419192664
 8  4  6  3  -0.000963141055
 8  4  6  7  -0.000060642569
 8  4  7  5  -0.001002981761
 8  4  7  6  -0.000060642569
 8  4  8  2  -0.043459483922
 8  4  8  4   0.060224271731
 8  4  8 10  -0.008699726285
 8  4 10  8  -0.008699726285
 8  5  1  2   0.077918404548
 8  5  1  4  -0.107876877878
 8  5  1 10   0.033262353497
 8  5  2  1   0.077918404548
 8  5  2  3  -0.019096978472
 8  5  2  7   0.059732623833
 8  5  3  2  -0.019096978472
 8  5  3  4  -0.065177888408
 8  5  3 10   0.038112165484
 8  5  4  1  -0.107876877878
 8  5  4  3  -0.065177888408
 8  5  4  7  -0.088579889049
 8  5  5  8   0.149924847449
 8  5  5  9  -0.007876927859
 8  5  6  8   0.007876927859
 8  5  6  9   0.110631892452
 8  5  7  2   0.059732623833
 8  5  7  4  -0.088579889049
 8  5  7 10  -0.091766294732
 8  5  8  5   0.149924847449
 8  5  8  6   0.007876927859
 8  5  9  5  -0.007876927859
 8  5  9  6   0.110631892452
 8  5 10  1   0.033262353497
 8  5 10  3   0.038112165484
 8  5 10  7  -0.091766294732
 8  6  1  2   0.004711124738
 8  6  1  4  -0.006522482474
 8  6  1 10   0.002011117878
 8  6  2  1   0.004711124738
 8  6  2  3  -0.001154646944
 8  6  2  7   0.003611570892
 8  6  3  2  -0.001154646944
 8  6  3  4  -0.003940804028
 8  6  3 10   0.002304348590
 8  6  4  1  -0.006522482474
 8  6  4  3  -0.003940804028
 8  6  4  7  -0.005355742447
 8  6  5  8   0.007876927859
 8  6  5  9   0.019170220446
 8  6  6  8   0.020122734551
 8  6  6  9   0.007876927859
 8  6  7  2   0.003611570892
 8  6  7  4  -0.005355742447
 8  6  7 10  -0.005548399813
 8  6  8  5   0.007876927859
 8  6  8  6   0.020122734551
 8  6  9  5   0.019170220446
 8  6  9  6   0.007876927859
 8  6 10  1   0.002011117878
 8  6 10  3   0.002304348590
 8  6 10  7  -0.005548399813
 8  7  1  8   0.027096629031
 8  7  2  5   0.016491785157
 8  7  2  6   0.000997131005
 8  7  3  8   0.000507272459
 8  7  4  5  -0.020868622539
 8  7  4  6  -0.001261764592
 8  7  5  2   0.016491785157
 8  7  5  4  -0.020868622539
 8  7  5 10  -0.007229315851
 8  7  6  2   0.000997131005
 8  7  6  4  -0.001261764592
 8  7  6 10  -0.000437100951
 8  7  7  8   0.030027242616
 8  7  8  1   0.027096629031
 8  7  8  3   0.000507272459
 8  7  8  7   0.030027242616
 8  7 10  5  -0.007229315851
 8  7 10  6  -0.000437100951
 8  8  1  1   0.597688582074
 8  8  1  3   0.111139024324
 8  8  1  7  -0.003152985968
 8  8  2  2   0.390939485412
 8  8  2  4  -0.131579794152
 8  8  2 10  -0.003869423004
 8  8  3  1   0.111139024324
 8  8  3  3   0.418574596582
 8  8  3  7  -0.039189231166
 8  8  4  2  -0.131579794152
 8  8  4  4   0.551495418131
 8  8  4 10  -0.057222007946
 8  8  5  5   0.635110289763
 8  8  5  6   0.003428827301
 8  8  6  5   0.003428827301
 8  8  6  6   0.578607420060
 8  8  7  1  -0.003152985968
 8  8  7  3  -0.039189231166
 8  8  7  7   0.588129785581
 8  8  8  8   0.627312909809
 8  8  9  9   0.565208068800
 8  8 10  2  -0.003869423004
 8  8 10  4  -0.057222007946
 8  8 10 10   0.607793327600
 8  9  5  5  -0.003428827301
 8  9  5  6   0.028251434852
 8  9  6  5   0.028251434852
 8  9  6  6   0.003428827301
 8  9  8  9   0.031052420504
 8  9  9  8   0.031052420504
 8 10  1  5   0.027916600786
 8 10  1  6   0.001687901457
 8 10  2  8   0.003883416076
 8 10  3  5   0.009976516465
 8 10  3  6   0.000603202976
 8 10  4  8  -0.008699726285
 8 10  5  1   0.027916600786
 8 10  5  3   0.009976516465
 8 10  5  7  -0.020580698771
 8 10  6  1   0.001687901457
 8 10  6  3   0.000603202976
 8 10  6  7  -0.001244356063
 8 10  7  5  -0.020580698771
 8 10  7  6  -0.001244356063
 8 10  8  2   0.003883416076
 8 10  8  4  -0.008699726285
 8 10  8 10   0.022103752298
 8 10 10  8   0.022103752298
 9  1  1  9   0.055775604088
 9  1  2  5  -0.001769569991
 9  1  2  6   0.029267335959
 9  1  3  9   0.007795377616
 9  1  4  5   0.002509463187
 9  1  4  6  -0.041504604249
 9  1  5  2  -0.001769569991
 9  1  5  4   0.002509463187
 9  1  5 10  -0.000851606147
 9  1  6  2   0.029267335959
 9  1  6  4  -0.041504604249
 9  1  6 10   0.014084915165
 9  1  7  9   0.027096629031
 9  1  9  1   0.055775604088
 9  1  9  3   0.007795377616
 9  1  9  7   0.027096629031
 9  1 10  5  -0.000851606147
 9  1 10  6   0.014084915165
 9  2  1  5  -0.003426079155
 9  2  1  6   0.056664732188
 9  2  2  9   0.037957717568
 9  2  3  5  -0.000360721311
 9  2  3  6   0.005966054945
 9  2  4  9  -0.043459483922
 9  2  5  1  -0.003426079155
 9  2  5  3  -0.000360721311
 9  2  5  7  -0.000135836507
 9  2  6  1   0.056664732188
 9  2  6  3   0.005966054945
 9  2  6  7   0.002246632063
 9  2  7  5  -0.000135836507
 9  2  7  6   0.002246632063
 9  2  9  2   0.037957717568
 9  2  9  4  -0.043459483922
 9  2  9 10   0.003883416076
 9  2 10  9   0.003883416076
 9  3  1  9   0.007795377616
 9  3  2  5  -0.000124499176
 9  3  2  6   0.002059121265
 9  3  3  9   0.007547811744
 9  3  4  5   0.000551250641
 9  3  4  6  -0.009117264527
 9  3  5  2  -0.000124499176
 9  3  5  4   0.000551250641
 9  3  5 10  -0.000397694451
 9  3  6  2   0.002059121265
 9  3  6  4  -0.009117264527
 9  3  6 10   0.006577562434
 9  3  7  9   0.000507272459
 9  3  9  1   0.007795377616
 9  3  9  3   0.007547811744
 9  3  9  7   0.000507272459
 9  3 10  5  -0.000397694451
 9  3 10  6   0.006577562434
 9  4  1  5   0.004419192664
 9  4  1  6  -0.073090071041
 9  4  2  9  -0.043459483922
 9  4  3  5   0.000963141055
 9  4  3  6  -0.015929617348
 9  4  4  9   0.060224271731
 9  4  5  1   0.004419192664
 9  4  5  3   0.000963141055
 9  4  5  7   0.000060642569
 9  4  6  1  -0.073090071041
 9  4  6  3  -0.015929617348
 9  4  6  7  -0.001002981761
 9  4  7  5   0.000060642569
 9  4  7  6  -0.001002981761
 9  4  9  2  -0.043459483922
 9  4  9  4   0.060224271731
 9  4  9 10  -0.008699726285
 9  4 10  9  -0.008699726285
 9  5  1  2  -0.004711124738
 9  5  1  4   0.006522482474
 9  5  1 10  -0.002011117878
 9  5  2  1  -0.004711124738
 9  5  2  3   0.001154646944
 9  5  2  7  -0.003611570892
 9  5  3  2   0.001154646944
 9  5  3  4   0.003940804028
 9  5  3 10  -0.002304348590
 9  5  4  1   0.006522482474
 9  5  4  3   0.003940804028
 9  5  4  7   0.005355742447
 9  5  5  8  -0.007876927859
 9  5  5  9   0.020122734551
 9  5  6  8   0.019170220446
 9  5  6  9  -0.007876927859
 9  5  7  2  -0.003611570892
 9  5  7  4   0.005355742447
 9  5  7 10   0.005548399813
 9  5  8  5  -0.007876927859
 9  5  8  6   0.019170220446
 9  5  9  5   0.020122734551
 9  5  9  6  -0.007876927859
 9  5 10  1  -0.002011117878
 9  5 10  3  -0.002304348590
 9  5 10  7   0.005548399813
 9  6  1  2   0.077918404548
 9  6  1  4  -0.107876877878
 9  6  1 10   0.033262353497
 9  6  2  1   0.077918404548
 9  6  2  3  -0.019096978472
 9  6  2  7   0.059732623833
 9  6  3  2  -0.019096978472
 9  6  3  4  -0.065177888408
 9  6  3 10   0.038112165484
 9  6  4  1  -0.107876877878
 9  6  4  3  -0.065177888408
 9  6  4  7  -0.088579889049
 9  6  5  8   0.110631892452
 9  6  5  9  -0.007876927859
 9  6  6  8   0.007876927859
 9  6  6  9   0.149924847449
 9  6  7  2   0.059732623833
 9  6  7  4  -0.088579889049
 9  6  7 10  -0.091766294732
 9  6  8  5   0.110631892452
 9  6  8  6   0.007876927859
 9  6  9  5  -0.007876927859
 9  6  9  6   0.149924847449
 9  6 10  1   0.033262353497
 9  6 10  3   0.038112165484
 9  6 10  7  -0.091766294732
 9  7  1  9   0.027096629031
 9  7  2  5  -0.000997131005
 9  7  2  6   0.016491785157
 9  7  3  9   0.000507272459
 9  7  4  5   0.001261764592
 9  7  4  6  -0.020868622539
 9  7  5  2  -0.000997131005
 9  7  5  4   0.001261764592
 9  7  5 10   0.000437100951
 9  7  6  2   0.016491785157
 9  7  6  4  -0.020868622539
 9  7  6 10  -0.007229315851
 9  7  7  9   0.030027242616
 9  7  9  1   0.027096629031
 9  7  9  3   0.000507272459
 9  7  9  7   0.030027242616
 9  7 10  5   0.000437100951
 9  7 10  6  -0.007229315851
 9  8  5  5  -0.003428827301
 9  8  5  6   0.028251434852
 9  8  6  5   0.028251434852
 9  8  6  6   0.003428827301
 9  8  8  9   0.031052420504
 9  8  9  8   0.031052420504
 9  9  1  1   0.597688582074
 9  9  1  3   0.111139024324
 9  9  1  7  -0.003152985968
 9  9  2  2   0.390939485412
 9  9  2  4  -0.131579794152
 9  9  2 10  -0.003869423004
 9  9  3  1   0.111139024324
 9  9  3  3   0.418574596582
 9  9  3  7  -0.039189231166
 9  9  4  2  -0.131579794152
 9  9  4  4   0.551495418131
 9  9  4 10  -0.057222007946
 9  9  5  5   0.578607420060
 9  9  5  6  -0.003428827301
 9  9  6  5  -0.003428827301
 9  9  6  6   0.635110289763
 9  9  7  1  -0.003152985968
 9  9  7  3  -0.039189231166
 9  9  7  7   0.588129785581
 9  9  8  8   0.565208068800
 9  9  9  9   0.627312909809
 9  9 10  2  -0.003869423004
 9  9 10  4  -0.057222007946
 9  9 10 10   0.607793327600
 9 10  1  5  -0.001687901457
 9 10  1  6   0.027916600786
 9 10  2  9   0.003883416076
 9 10  3  5  -0.000603202976
 9 10  3  6   0.009976516465
 9 10  4  9  -0.008699726285
 9 10  5  1  -0.001687901457
 9 10  5  3  -0.000603202976
 9 10  5  7   0.001244356063
 9 10  6  1   0.027916600786
 9 10  6  3   0.009976516465
 9 10  6  7  -0.020580698771
 9 10  7  5   0.001244356063
 9 10  7  6  -0.020580698771
 9 10  9  2   0.003883416076
 9 10  9  4  -0.008699726285
 9 10  9 10   0.022103752298
 9 10 10  9   0.022103752298
10  1  1  2   0.015260819197
10  1  1  4  -0.045918752353
10  1  1 10   0.063522132305
10  1  2  1   0.015260819197
10  1  2  3   0.013148738694
10  1  2  7  -0.007244194855
10  1  3  2   0.013148738694
10  1  3  4  -0.036167195245
10  1  3 10   0.043251972479
10  1  4  1  -0.045918752353
10  1  4  3  -0.036167195245
10  1  4  7   0.005932844378
10  1  5  8   0.033262353497
10  1  5  9  -0.002011117878
10  1  6  8   0.002011117878
10  1  6  9   0.033262353497
10  1  7  2  -0.007244194855
10  1  7  4   0.005932844378
10  1  7 10   0.002738267812
10  1  8  5   0.033262353497
10  1  8  6   0.002011117878
10  1  9  5  -0.002011117878
10  1  9  6   0.033262353497
10  1 10  1   0.063522132305
10  1 10  3   0.043251972479
10  1 10  7   0.002738267812
10  2  1  1   0.017261081165
10  2  1  3   0.016327210244
10  2  1  7  -0.032356641265
10  2  2  2  -0.016750935205
10  2  2  4   0.005039191307
10  2  2 10   0.026455550635
10  2  3  1   0.016327210244
10  2  3  3   0.011104854914
10  2  3  7  -0.006409066591
10  2  4  2   0.005039191307
10  2  4  4  -0.005919739085
10  2  4 10  -0.042857187386
10  2  5  5   0.015899261355
10  2  6  6   0.015899261355
10  2  7  1  -0.032356641265
10  2  7  3  -0.006409066591
10  2  7  7  -0.022882378864
10  2  8  8  -0.003869423004
10  2  9  9  -0.003869423004
10  2 10  2   0.026455550635
10  2 10  4  -0.042857187386
10  2 10 10  -0.007890625256
10  3  1  2   0.024425096113
10  3  1  4  -0.055488131221
10  3  1 10   0.043251972479
10  3  2  1   0.024425096113
10  3  2  3   0.009375157110
10  3  2  7   0.014777909460
10  3  3  2   0.009375157110
10  3  3  4  -0.037279966606
10  3  3 10   0.042421213773
10  3  4  1  -0.055488131221
10  3  4  3  -0.037279966606
10  3  4  7  -0.022282618444
10  3  5  8   0.038112165484
10  3  5  9  -0.002304348590
10  3  6  8   0.002304348590
10  3  6  9   0.038112165484
10  3  7  2   0.014777909460
10  3  7  4  -0.022282618444
10  3  7 10  -0.028304868464
10  3  8  5   0.038112165484
10  3  8  6   0.002304348590
10  3  9  5  -0.002304348590
10  3  9  6   0.038112165484
10  3 10  1   0.043251972479
10  3 10  3   0.042421213773
10  3 10  7  -0.028304868464
10  4  1  1  -0.110856090052
10  4  1  3  -0.068689286054
10  4  1  7   0.056916074098
10  4  2  2  -0.001723176754
10  4  2  4   0.024195004270
10  4  2 10  -0.042857187386
10  4  3  1  -0.068689286054
10  4  3  3  -0.059169003183
10  4  3  7   0.025396520196
10  4  4  2   0.024195004270
10  4  4  4  -0.068976728213
10  4  4 10   0.100935649260
10  4  5  5  -0.094758326712
10  4  6  6  -0.094758326712
10  4  7  1   0.056916074098
10  4  7  3   0.025396520196
10  4  7  7  -0.044407733149
10  4  8  8  -0.057222007946
10  4  9  9  -0.057222007946
10  4 10  2  -0.042857187386
10  4 10  4   0.100935649260
10  4 10 10  -0.097040391907
10  5  1  8   0.014084915165
10  5  1  9  -0.000851606147
10  5  2  5   0.005099088720
10  5  3  8   0.006577562434
10  5  3  9  -0.000397694451
10  5  4  5  -0.011094572781
10  5  5  2   0.005099088720
10  5  5  4  -0.011094572781
10  5  5 10   0.016814064096
10  5  7  8  -0.007229315851
10  5  7  9   0.000437100951
10  5  8  1   0.014084915165
10  5  8  3   0.006577562434
10  5  8  7  -0.007229315851
10  5  9  1  -0.000851606147
10  5  9  3  -0.000397694451
10  5  9  7   0.000437100951
10  5 10  5   0.016814064096
10  6  1  8   0.000851606147
10  6  1  9   0.014084915165
10  6  2  6   0.005099088720
10  6  3  8   0.000397694451
10  6  3  9   0.006577562434
10  6  4  6  -0.011094572781
10  6  6  2   0.005099088720
10  6  6  4  -0.011094572781
10  6  6 10   0.016814064096
10  6  7  8  -0.000437100951
10  6  7  9  -0.007229315851
10  6  8  1   0.000851606147
10  6  8  3   0.000397694451
10  6  8  7  -0.000437100951
10  6  9  1   0.014084915165
10  6  9  3   0.006577562434
10  6  9  7  -0.007229315851
10  6 10  6   0.016814064096
10  7  1  2  -0.069996650310
10  7  1  4   0.088520418124
10  7  1 10   0.002738267812
10  7  2  1  -0.069996650310
10  7  2  3   0.025326820474
10  7  2  7  -0.073351070592
10  7  3  2   0.025326820474
10  7  3  4   0.052624090510
10  7  3 10  -0.028304868464
10  7  4  1   0.088520418124
10  7  4  3   0.052624090510
10  7  4  7   0.102741066896
10  7  5  8  -0.091766294732
10  7  5  9   0.005548399813
10  7  6  8  -0.005548399813
10  7  6  9  -0.091766294732
10  7  7  2  -0.073351070592
10  7  7  4   0.102741066896
10  7  7 10   0.124157375939
10  7  8  5  -0.091766294732
10  7  8  6  -0.005548399813
10  7  9  5   0.005548399813
10  7  9  6  -0.091766294732
10  7 10  1   0.002738267812
10  7 10  3  -0.028304868464
10  7 10  7   0.124157375939
10  8  1  5   0.027916600786
10  8  1  6   0.001687901457
10  8  2  8   0.003883416076
10  8  3  5   0.009976516465
10  8  3  6   0.000603202976
10  8  4  8  -0.008699726285
10  8  5  1   0.027916600786
10  8  5  3   0.009976516465
10  8  5  7  -0.020580698771
10  8  6  1   0.001687901457
10  8  6  3   0.000603202976
10  8  6  7  -0.001244356063
10  8  7  5  -0.020580698771
10  8  7  6  -0.001244356063
10  8  8  2   0.003883416076
10  8  8  4  -0.008699726285
10  8  8 10   0.022103752298
10  8 10  8   0.022103752298
10  9  1  5  -0.001687901457
10  9  1  6   0.027916600786
10  9  2  9   0.003883416076
10  9  3  5  -0.000603202976
10  9  3  6   0.009976516465
10  9  4  9  -0.008699726285
10  9  5  1  -0.001687901457
10  9  5  3  -0.000603202976
10  9  5  7   0.001244356063
10  9  6  1   0.027916600786
10  9  6  3   0.009976516465
10  9  6  7  -0.020580698771
10  9  7  5   0.001244356063
10  9  7  6  -0.020580698771
10  9  9  2   0.003883416076
10  9  9  4  -0.008699726285
10  9  9 10   0.022103752298
10  9 10  9   0.022103752298
10 10  1  1   0.668421778293
10 10  1  3   0.170183888320
10 10  1  7  -0.007725728393
10 10  2  2   0.411816309314
10 10  2  4  -0.162398463027
10 10  2 10  -0.007890625256
10 10  3  1   0.170183888320
10 10  3  3   0.463249785445
10 10  3  7  -0.057897046397
10 10  4  2  -0.162398463027
10 10  4  4   0.638674797944
10 10  4 10  -0.097040391907
10 10  5  5   0.629231069951
10 10  6  6   0.629231069951
10 10  7  1  -0.007725728393
10 10  7  3  -0.057897046397
10 10  7  7   0.678889001923
10 10  8  8   0.607793327600
10 10  9  9   0.607793327600
10 10 10  2  -0.007890625256
10 10 10  4  -0.097040391907
10 10 10 10   0.765719390561
