0.000000000000000000e+00 0.000000000000000000e+00 -3.615442296468708572e-02 3.002337776776711851e-04 -7.304757730097877211e-02 1.638383107806096065e-04
2.617990000000000039e-01 0.000000000000000000e+00 -3.592639630825752300e-02 3.020790776375366100e-04 -7.342000397191968120e-02 1.647275854472289006e-04
5.235990000000000366e-01 0.000000000000000000e+00 -3.518106310461311531e-02 3.051250406203438975e-04 -7.447852086743718403e-02 1.666567602351175866e-04
7.853980000000000405e-01 0.000000000000000000e+00 -3.392779222786583559e-02 3.089668179930278417e-04 -7.611163717277968921e-02 1.703862524334780019e-04
1.047198000000000073e+00 0.000000000000000000e+00 -3.206777887534351112e-02 3.134009814818279681e-04 -7.849948086056145191e-02 1.771461208067776549e-04
1.308996999999999966e+00 0.000000000000000000e+00 -2.949638997493866238e-02 3.182254183907103117e-04 -8.172176863528847479e-02 1.869028824445801839e-04
1.570796000000000081e+00 0.000000000000000000e+00 -2.605648791999504860e-02 3.231383530441206799e-04 -8.581283638008926906e-02 2.002278509342210683e-04
1.832595999999999892e+00 0.000000000000000000e+00 -2.179000449380187610e-02 3.275498935063964252e-04 -9.077900319352957825e-02 2.167200253435954663e-04
2.094395000000000007e+00 0.000000000000000000e+00 -1.676380833745780286e-02 3.305008946921849863e-04 -9.625988800882442908e-02 2.374842430760188317e-04
2.356193999999999900e+00 0.000000000000000000e+00 -1.117792207250863090e-02 3.317288093977397421e-04 -1.017805260221798097e-01 2.615328856683448995e-04
2.617993999999999932e+00 0.000000000000000000e+00 -5.769058596850711734e-03 3.303052453553288574e-04 -1.066371646329298400e-01 2.852058611367720969e-04
2.879792999999999825e+00 0.000000000000000000e+00 -1.637593955439096234e-03 3.279231934928864651e-04 -1.099310634928916397e-01 3.033181736374770216e-04
3.141592999999999858e+00 0.000000000000000000e+00 -6.019562749193101711e-05 3.267597910627045247e-04 -1.109819824645343900e-01 3.100066339787643831e-04
3.141592999999999858e+00 2.617990000000000039e-01 1.417686337842399271e-03 3.285165954884720603e-04 -1.096780038943304947e-01 3.031392980505662822e-04
3.141592999999999858e+00 5.235990000000000366e-01 5.422357385756701800e-03 3.310813373745547222e-04 -1.064052516637349205e-01 2.859760571383242514e-04
3.141592999999999858e+00 7.853980000000000405e-01 1.088847289513281830e-02 3.323085123429326908e-04 -1.017676061697573575e-01 2.622908539923539221e-04
3.141592999999999858e+00 1.047198000000000073e+00 1.656054596159346054e-02 3.304674336200045734e-04 -9.639718218183004894e-02 2.380845572055343231e-04
3.141592999999999858e+00 1.308996999999999966e+00 2.164684547326018588e-02 3.259396009888880204e-04 -9.101726702509758959e-02 2.172795961446169250e-04
3.141592999999999858e+00 1.570796000000000081e+00 2.597222775814509582e-02 3.203739363701392398e-04 -8.608783855565588228e-02 2.001855724696583426e-04
3.141592999999999858e+00 1.832595999999999892e+00 2.936216153353854094e-02 3.151085207338303294e-04 -8.185995647297653055e-02 1.869880669631969971e-04
3.141592999999999858e+00 2.094395000000000007e+00 3.179409307236285426e-02 3.104672819672875525e-04 -7.851396252242344442e-02 1.770981510435923919e-04
3.141592999999999858e+00 2.356193999999999900e+00 3.352101389672650089e-02 3.065925185167248448e-04 -7.612231957349262224e-02 1.702945839403347320e-04
3.141592999999999858e+00 2.617993999999999932e+00 3.473714462932465247e-02 3.034477802968851400e-04 -7.452417247224304986e-02 1.662701756603720367e-04
3.141592999999999858e+00 2.879792999999999825e+00 3.548127879671444246e-02 3.010731832245490402e-04 -7.358898681602267511e-02 1.640903523875438235e-04
3.141592999999999858e+00 3.141592999999999858e+00 3.571723668051381140e-02 3.002112761730398841e-04 -7.326943574069393061e-02 1.633544613378218075e-04
2.879792999999999825e+00 2.879792999999999825e+00 3.517784012527848392e-02 3.016758315393490431e-04 -7.384503451201168689e-02 1.648966586694849902e-04
2.617993999999999932e+00 2.617993999999999932e+00 3.361485698073634482e-02 3.050384629771821883e-04 -7.578983665251480539e-02 1.701336784404882969e-04
2.356193999999999900e+00 2.356193999999999900e+00 3.046709674779752089e-02 3.094035042153607941e-04 -7.934773727793542619e-02 1.820359947104075631e-04
2.094395000000000007e+00 2.094395000000000007e+00 2.471194526716572956e-02 3.150583635784848691e-04 -8.437464547519529789e-02 2.025282488711681360e-04
1.832595999999999892e+00 1.832595999999999892e+00 1.476856740892157870e-02 3.181743636517930926e-04 -9.007158684130650572e-02 2.324560165347387458e-04
1.570796000000000081e+00 1.570796000000000081e+00 7.976409299478978351e-05 3.152521316538571105e-04 -9.296679287826142835e-02 2.556257165868455186e-04
1.308996999999999966e+00 1.308996999999999966e+00 -1.484273540389497055e-02 3.183007433479556570e-04 -8.998178948016655188e-02 2.334989270322317470e-04
1.047198000000000073e+00 1.047198000000000073e+00 -2.491755684296844547e-02 3.169110655111646510e-04 -8.426627544790658841e-02 2.035753152401478978e-04
7.853980000000000405e-01 7.853980000000000405e-01 -3.069455299356051159e-02 3.118432929925387754e-04 -7.919616489806599602e-02 1.831411342459258996e-04
5.235990000000000366e-01 5.235990000000000366e-01 -3.387562243855951616e-02 3.071627657001473142e-04 -7.566313625663154130e-02 1.707415791251913487e-04
2.617990000000000039e-01 2.617990000000000039e-01 -3.551321430875994944e-02 3.032651646315286153e-04 -7.367896035762855345e-02 1.649824479823447832e-04
0.000000000000000000e+00 0.000000000000000000e+00 -3.615442296468708572e-02 3.002337776776711851e-04 -7.304757730097877211e-02 1.638383107806096065e-04
