8.238021144281759689e-01 1.654722916479999927e-03 -6.906999563788800145e-02 2.843116410719999918e-04
8.465207666076639548e-01 1.757338785984000106e-03 -7.332402529841600125e-02 3.526577886400000198e-04
9.042702943163966056e-01 1.943325751040000026e-03 -8.647665998651360431e-02 5.399160382400000190e-04
9.685408406640864110e-01 2.096712048480000104e-03 -1.061690553055199965e-01 7.918317278399999689e-04
1.000179572846585652e+00 2.137504351839999983e-03 -1.169935097335219193e-01 9.246788756800000415e-04
1.031931552478208003e+00 2.096943177280000126e-03 -1.060796332475839876e-01 7.918160462399999842e-04
1.096366775096480062e+00 1.943178205439999914e-03 -8.649519230265918790e-02 5.398835332800000280e-04
1.153573480535795115e+00 1.757433183552000074e-03 -7.348071396358399343e-02 3.526940481279999796e-04
1.176090935918671976e+00 1.654910171280000054e-03 -6.903292000777598580e-02 2.842954616159999834e-04
1.130108604482489509e+00 1.817343620319999921e-03 -7.771009359632001512e-02 4.134592100959999777e-04
9.994423769633695720e-01 1.956109897119999962e-03 -9.493989755574720746e-02 6.460020332799999709e-04
8.702469251461759647e-01 1.817514275039999998e-03 -7.773909347393280489e-02 4.135353893439999966e-04
8.238021144281759689e-01 1.654722916479999927e-03 -6.906999563788800145e-02 2.843116410719999918e-04
