9.639904832000000257e-01 1.406213920000000134e-04 -7.326267200000000090e-02 8.232356000000000298e-05
9.663770863999999738e-01 1.436163040000000069e-04 -7.619588800000000328e-02 8.745938400000000112e-05
9.741309087999999727e-01 1.519122319999999997e-04 -8.590744000000000158e-02 1.043698880000000056e-04
9.891562287999999814e-01 1.592187360000000195e-04 -1.015322079999999988e-01 1.355762079999999999e-04
9.999303572208000368e-01 1.577019439999999956e-04 -1.106854879999999985e-01 1.586359520000000058e-04
1.010949703999999949e+00 1.592448480000000085e-04 -1.015440160000000008e-01 1.355577680000000110e-04
1.025743303999999911e+00 1.519149040000000023e-04 -8.587726400000000870e-02 1.043634159999999947e-04
1.033607985600000001e+00 1.436391040000000027e-04 -7.624407999999999186e-02 8.749034399999999854e-05
1.036027934400000072e+00 1.406098799999999887e-04 -7.325262400000000229e-02 8.230856800000000589e-05
1.030682319999999930e+00 1.465591040000000086e-04 -7.934361599999999182e-02 9.353073599999999388e-05
1.000213521387200100e+00 1.529824399999999969e-04 -9.298065599999999487e-02 1.265988400000000146e-04
9.694588976000000358e-01 1.465434960000000064e-04 -7.941833599999999216e-02 9.352203999999999270e-05
9.639904832000000257e-01 1.406213920000000134e-04 -7.326267200000000090e-02 8.232356000000000298e-05
