6.820327897343360091e-01 7.562019228800000333e-03 -6.863476319680000826e-02 7.134695233599999730e-04
7.301822597452800601e-01 8.251539424000000483e-03 -7.877041225599998309e-02 1.077264125600000105e-03
8.381203478860800304e-01 9.508281116800000599e-03 -1.082910286522240084e-01 2.136612924800000007e-03
9.472018103337600525e-01 1.057486775040000077e-02 -1.459844713940799676e-01 3.535719190400000121e-03
9.995436683002879574e-01 1.088820334560000082e-02 -1.634437155667199937e-01 4.205947286399999881e-03
1.052254492583488021e+00 1.057578446560000079e-02 -1.461129777310400113e-01 3.536688916800000138e-03
1.162653286040639999e+00 9.510541423999999133e-03 -1.081678136057600131e-01 2.136373622400000033e-03
1.272214275323360066e+00 8.250734129600000022e-03 -7.868862154272000808e-02 1.077081420320000075e-03
1.318122327201391997e+00 7.562789868319999553e-03 -6.879979917040000836e-02 7.135025459200000425e-04
1.226934730506239912e+00 8.643466169599999666e-03 -8.940969282422400743e-02 1.408975145599999966e-03
1.000955455100480007e+00 9.573793719999999438e-03 -1.260270953995200061e-01 2.658632489600000048e-03
7.731317344486400289e-01 8.644653868799999363e-03 -8.917805148287999417e-02 1.409160956000000096e-03
6.820327897343360091e-01 7.562019228800000333e-03 -6.863476319680000826e-02 7.134695233599999730e-04
