1.623636120606080091e+00 8.179794694592000537e-02 -2.929310172103423704e-01 1.417230106649599967e-02
1.653018256345599957e+00 8.378079054975999529e-02 -3.383919719994624153e-01 1.740256321407999962e-02
1.753405076536576068e+00 9.299060404415999959e-02 -4.576834818644480163e-01 2.684534045248000017e-02
1.903856192759040056e+00 1.031126524895999985e-01 -6.276350202725120564e-01 3.961675018880000260e-02
2.011991052016051107e+00 1.023127733695999991e-01 -7.149096746967039673e-01 4.619160904959999925e-02
2.101665696818431961e+00 1.004911696288000034e-01 -6.292620580743679692e-01 3.960862550400000293e-02
2.219325164344576162e+00 9.593829868927999938e-02 -4.526457061051391562e-01 2.686170678336000095e-02
2.329043451770111961e+00 8.359883412415999859e-02 -3.373094309515263789e-01 1.774474641407999820e-02
2.361470949509068884e+00 7.961438914623999996e-02 -2.906878424673535743e-01 1.453697301849599978e-02
2.296547756109311944e+00 8.818548503232000180e-02 -3.727966553085439450e-01 2.045347948607999927e-02
1.995286469958911901e+00 9.317282848511999893e-02 -5.258966234273281248e-01 3.217398997631999713e-02
1.721682060525824065e+00 8.587165875199999354e-02 -3.740539417194752025e-01 2.048288243264000108e-02
1.623636120606080091e+00 8.179794694592000537e-02 -2.929310172103423704e-01 1.417230106649599967e-02
