1.699905106360320106e+00 6.299160539552000060e-01 -3.467182857438719235e-01 6.064557676159999799e-02
1.777992545331199770e+00 6.867677681375999876e-01 -5.062413214807039985e-01 9.219074647680000623e-02
2.026499588175359801e+00 7.974521695999999826e-01 -8.931224243199998858e-01 1.841408269760000105e-01
1.936456997895680043e+00 8.957255467679999805e-01 -1.356957021583360401e+00 3.059877023040000199e-01
1.956766697234560093e+00 9.160635593599999460e-01 -1.546532084687360031e+00 3.635729371199999949e-01
1.902804713024000005e+00 8.965059568959999892e-01 -1.324679329843200026e+00 3.064483158399999851e-01
2.015974566295040127e+00 8.022403888319999954e-01 -9.261025974630400226e-01 1.846428381119999962e-01
2.145792667827199907e+00 7.217101540511999813e-01 -4.863387982489600359e-01 9.215430376960000169e-02
2.420886431059200206e+00 6.555123818847999884e-01 -3.571555855761920362e-01 6.070994580800000151e-02
2.079466335152639900e+00 7.245805460480000404e-01 -6.428210290534399629e-01 1.207491093952000050e-01
2.047003309025920093e+00 8.133946804160000488e-01 -1.056799143362560089e+00 2.297472447360000003e-01
1.886606492738560181e+00 7.230128680640000027e-01 -6.470974967935998468e-01 1.210739771008000065e-01
1.699905106360320106e+00 6.299160539552000060e-01 -3.467182857438719235e-01 6.064557676159999799e-02
