8.237291618454799513e-01 5.736571417920000027e-03 -6.905635998764639294e-02 9.715768512959999841e-04
8.454035567040000254e-01 5.892506482560000251e-03 -7.361101834156641432e-02 1.191377534080000035e-03
9.025939576035360012e-01 6.519190578559999616e-03 -8.663722350052799337e-02 1.829995765280000020e-03
9.680518293406400465e-01 7.187451201599999798e-03 -1.061884695109120147e-01 2.692893604800000035e-03
1.000962669320323295e+00 7.144536121599999977e-03 -1.169475672525440019e-01 3.139332393600000135e-03
1.032453710999152063e+00 7.023326412799999786e-03 -1.062216750024479878e-01 2.692257488000000202e-03
1.095690563544736040e+00 6.703805570879999703e-03 -8.629871951957120146e-02 1.830952032960000021e-03
1.153389604354432052e+00 5.880977343360000061e-03 -7.360885427967039929e-02 1.212773754079999938e-03
1.175212198733716740e+00 5.600468469439999833e-03 -6.889451758620959709e-02 9.944346744960000546e-04
1.130223702146031961e+00 6.185677422720000165e-03 -7.765586239278400582e-02 1.397695442080000008e-03
9.996081682160320447e-01 6.534426805920000303e-03 -9.482141359380800993e-02 2.190442903520000047e-03
8.706377154268639673e-01 6.041462880799999824e-03 -7.772097634946720235e-02 1.399653312640000095e-03
8.237291618454799513e-01 5.736571417920000027e-03 -6.905635998764639294e-02 9.715768512959999841e-04
