1.775248851199999978e+00 1.631497792000000070e-03 -3.036875520000000828e-01 1.041176160000000005e-03
1.783822822399999897e+00 1.672949823999999924e-03 -3.221396480000000562e-01 1.109331423999999899e-03
1.817412300800000047e+00 1.789047391999999941e-03 -3.911759999999999682e-01 1.334826047999999920e-03
1.913964876799999937e+00 1.893162176000000047e-03 -5.110305280000000394e-01 1.752740607999999983e-03
1.999259270444800007e+00 1.874253663999999936e-03 -5.776570880000000408e-01 2.058244352000000200e-03
2.086473215999999908e+00 1.893641408000000049e-03 -5.109080959999999783e-01 1.752484128000000039e-03
2.181124704000000136e+00 1.789023904000000120e-03 -3.908656640000000571e-01 1.334834015999999957e-03
2.216581529599999989e+00 1.673330304000000086e-03 -3.227967999999999948e-01 1.109853343999999981e-03
2.225621030400000144e+00 1.631319520000000089e-03 -3.036304640000000443e-01 1.040961568000000085e-03
2.203412479999999896e+00 1.714382144000000047e-03 -3.440184960000000070e-01 1.190180735999999979e-03
2.002150778355200167e+00 1.806900960000000023e-03 -4.558082560000000227e-01 1.632800160000000018e-03
1.797789241600000087e+00 1.714069215999999927e-03 -3.447007359999999521e-01 1.189970399999999966e-03
1.775248851199999978e+00 1.631497792000000070e-03 -3.036875520000000828e-01 1.041176160000000005e-03
