6.813892326035200231e-01 4.118541254719999822e-02 -6.836533649899198539e-02 3.932348500800000000e-03
7.231194662472000267e-01 4.487933913759999810e-02 -7.922341463654400395e-02 5.968231476799999713e-03
8.364370211817599987e-01 5.202795999200000160e-02 -1.077323383959999936e-01 1.189539089600000037e-02
9.418328974212799576e-01 5.834043124800000063e-02 -1.466082640161600059e-01 1.974285434399999928e-02
9.979464390433600007e-01 5.965771051999999713e-02 -1.648415939289600007e-01 2.345746267999999912e-02
1.048202780566400039e+00 5.838972633600000156e-02 -1.445708494432000057e-01 1.977212191999999993e-02
1.166855118317440043e+00 5.232681443199999755e-02 -1.099745155814400022e-01 1.192694830400000024e-02
1.270825300691200033e+00 4.706470467519999895e-02 -7.806083709856001529e-02 5.965809649600000396e-03
1.325077129799200115e+00 4.278542721280000072e-02 -6.895654337851199467e-02 3.936330380000000254e-03
1.227193443962240060e+00 4.731969093599999732e-02 -8.934822271584001718e-02 7.810143571199999919e-03
1.002487160437919966e+00 5.303623246400000074e-02 -1.241248897041600102e-01 1.483306825600000031e-02
7.705218053281600588e-01 4.722158167200000284e-02 -8.962306426959998351e-02 7.830430684800000762e-03
6.813892326035200231e-01 4.118541254719999822e-02 -6.836533649899198539e-02 3.932348500800000000e-03
