1.883397599999999894e+00 2.808943999999999851e-03 -2.901503999999999750e-01 9.301727999999999993e-04
1.884838559999999941e+00 2.814192000000000082e-03 -2.899376000000000175e-01 9.300816000000000161e-04
1.886923520000000076e+00 2.832896000000000112e-03 -2.948575999999999975e-01 9.462399999999999934e-04
1.890521279999999971e+00 2.829008000000000043e-03 -2.989952000000000165e-01 9.620352000000000417e-04
1.898001279999999902e+00 2.846703999999999814e-03 -3.057103999999999933e-01 9.851344000000000593e-04
1.910146239999999995e+00 2.858223999999999921e-03 -3.155328000000000022e-01 1.027691199999999916e-03
1.920519359999999898e+00 2.870544000000000047e-03 -3.283055999999999752e-01 1.074440000000000074e-03
1.939964639999999907e+00 2.895232000000000187e-03 -3.418416000000000232e-01 1.128310399999999910e-03
1.950908160000000002e+00 2.900512000000000055e-03 -3.573375999999999775e-01 1.199959999999999916e-03
1.966543520000000100e+00 2.916496000000000192e-03 -3.736720000000000041e-01 1.278329599999999911e-03
1.984271520000000066e+00 2.904256000000000025e-03 -3.843407999999999825e-01 1.347105599999999905e-03
1.994840815999999961e+00 2.908064000000000135e-03 -3.930991999999999820e-01 1.403111999999999979e-03
2.000122608159999871e+00 2.901551999999999951e-03 -3.978064000000000044e-01 1.432462399999999934e-03
2.005110575999999867e+00 2.905183999999999891e-03 -3.934911999999999854e-01 1.407188800000000028e-03
2.016902879999999953e+00 2.910096000000000037e-03 -3.862079999999999957e-01 1.348800000000000042e-03
2.031357600000000208e+00 2.903999999999999897e-03 -3.723967999999999723e-01 1.278667199999999893e-03
2.047946080000000002e+00 2.906975999999999918e-03 -3.555632000000000237e-01 1.189790399999999951e-03
2.062031999999999865e+00 2.879727999999999802e-03 -3.394655999999999785e-01 1.129572799999999967e-03
2.076993120000000026e+00 2.878176000000000085e-03 -3.285199999999999787e-01 1.077747200000000061e-03
2.089426399999999795e+00 2.852128000000000215e-03 -3.147536000000000223e-01 1.025134399999999947e-03
2.097944800000000054e+00 2.840800000000000096e-03 -3.060927999999999982e-01 9.936319999999999354e-04
2.104396799999999956e+00 2.838096000000000022e-03 -3.011936000000000058e-01 9.707439999999999472e-04
2.112244959999999949e+00 2.821615999999999881e-03 -2.922752000000000128e-01 9.376335999999999872e-04
2.117274399999999890e+00 2.821071999999999989e-03 -2.912368000000000179e-01 9.325791999999999632e-04
2.119115840000000084e+00 2.813855999999999996e-03 -2.900784000000000140e-01 9.282319999999999720e-04
2.118174240000000097e+00 2.820368000000000180e-03 -2.918671999999999933e-01 9.358288000000000413e-04
2.108589279999999899e+00 2.830416000000000095e-03 -2.976112000000000202e-01 9.584720000000000349e-04
2.099538879999999885e+00 2.842560000000000052e-03 -3.077536000000000160e-01 1.000620800000000081e-03
2.075780959999999897e+00 2.860768000000000078e-03 -3.229712000000000138e-01 1.068131200000000010e-03
2.041262720000000197e+00 2.867552000000000208e-03 -3.356111999999999984e-01 1.152451199999999934e-03
1.999491219200000058e+00 2.870656000000000076e-03 -3.439936000000000105e-01 1.210163200000000062e-03
1.955298879999999961e+00 2.869360000000000053e-03 -3.375871999999999762e-01 1.160057599999999916e-03
1.924575839999999927e+00 2.867904000000000113e-03 -3.234576000000000118e-01 1.072321599999999982e-03
1.907310080000000019e+00 2.839855999999999978e-03 -3.096320000000000183e-01 1.011495999999999966e-03
1.892740000000000089e+00 2.834479999999999899e-03 -2.982255999999999796e-01 9.586704000000000362e-04
1.884517119999999935e+00 2.819840000000000107e-03 -2.926143999999999967e-01 9.411407999999999796e-04
1.883397599999999894e+00 2.808943999999999851e-03 -2.901503999999999750e-01 9.301727999999999993e-04
