1.784644303999999959e+00 5.754232800000000023e-03 -2.956601439999999581e-01 7.150638879999999696e-04
1.783436827200000074e+00 5.790737919999999588e-03 -2.976579040000000287e-01 7.247550559999999887e-04
1.792524491680000054e+00 5.885305280000000146e-03 -3.041004159999999845e-01 7.596808000000000467e-04
1.810344897760000071e+00 5.991402560000000203e-03 -3.130742720000000423e-01 8.181902399999999064e-04
1.816200505599999904e+00 6.103247359999999441e-03 -3.248077279999999623e-01 8.959795199999999633e-04
1.844351489599999949e+00 6.246893600000000095e-03 -3.421626368000000307e-01 9.955196799999999329e-04
1.870217084160000098e+00 6.346247200000000241e-03 -3.616944687999999464e-01 1.113344640000000097e-03
1.893978743199999926e+00 6.447302079999999921e-03 -3.843792288000000279e-01 1.246640960000000098e-03
1.918539216000000103e+00 6.510252640000000271e-03 -4.053375124799999951e-01 1.381175039999999951e-03
1.952319876800000076e+00 6.563642400000000744e-03 -4.306200975999999736e-01 1.520882719999999818e-03
1.976470190079999911e+00 6.584587999999999726e-03 -4.451622880000000171e-01 1.628987199999999995e-03
1.998474836800000043e+00 6.605328799999999993e-03 -4.565435103999999633e-01 1.701046560000000259e-03
2.000693757600000122e+00 6.612995199999999185e-03 -4.642747745599999920e-01 1.738241439999999938e-03
2.004831296159999887e+00 6.609092000000000439e-03 -4.629290944000000185e-01 1.726975840000000064e-03
2.025621768000000156e+00 6.592343999999999982e-03 -4.470299840000000469e-01 1.631284960000000056e-03
2.044426552000000008e+00 6.570921599999999738e-03 -4.278182992000000295e-01 1.514530240000000168e-03
2.081162806400000065e+00 6.519417920000000234e-03 -4.062527918399999605e-01 1.383565119999999749e-03
2.106877316799999900e+00 6.439066880000000187e-03 -3.843331887999999474e-01 1.248738239999999796e-03
2.126091124799999843e+00 6.352056800000000295e-03 -3.620940143999999972e-01 1.119424960000000007e-03
2.160608388800000057e+00 6.246104000000000586e-03 -3.411974848000000060e-01 9.967766400000000436e-04
2.183699883200000080e+00 6.124331040000000059e-03 -3.274809599999999876e-01 9.035827199999999382e-04
2.195706248960000107e+00 5.998615359999999973e-03 -3.129399680000000128e-01 8.214443199999999726e-04
2.213973859199999783e+00 5.872513119999999733e-03 -3.012778559999999550e-01 7.554336000000000037e-04
2.209209630400000179e+00 5.790881280000000075e-03 -2.963080319999999990e-01 7.243748799999999129e-04
2.218969910399999801e+00 5.763360959999999991e-03 -2.961363360000000000e-01 7.147489919999999069e-04
2.220038121600000025e+00 5.834412320000000214e-03 -2.981927200000000222e-01 7.346561120000000755e-04
2.195461451199999914e+00 5.973700639999999368e-03 -3.097736959999999873e-01 8.025681600000000426e-04
2.169182350399999848e+00 6.135320639999999708e-03 -3.287217599999999740e-01 9.123224000000000524e-04
2.126344571199999756e+00 6.264993279999999699e-03 -3.524535791999999779e-01 1.056977599999999948e-03
2.068327832480000072e+00 6.367725119999999815e-03 -3.750811247999999432e-01 1.210952319999999971e-03
2.002428606400000088e+00 6.380874880000000741e-03 -3.831842992000000225e-01 1.290692800000000024e-03
1.930613723200000020e+00 6.358416959999999181e-03 -3.736945728000000133e-01 1.204135999999999965e-03
1.875466855360000018e+00 6.269227520000000137e-03 -3.506081392000000019e-01 1.050217279999999956e-03
1.832729827200000106e+00 6.129613919999999695e-03 -3.293729280000000093e-01 9.165544000000000078e-04
1.799898977600000061e+00 5.966869280000000261e-03 -3.108582559999999995e-01 8.053430400000000881e-04
1.792254379200000081e+00 5.830502880000000381e-03 -2.999010879999999823e-01 7.381675199999999503e-04
1.784644303999999959e+00 5.754232800000000023e-03 -2.956601439999999581e-01 7.150638879999999696e-04
