8.473201759999999805e-01 1.627300199999999995e-03 -7.391503599999998952e-02 1.787659719999999924e-04
8.487094068000000657e-01 1.637265479999999978e-03 -7.441447600000000717e-02 1.811887639999999972e-04
8.557251229200000253e-01 1.663494319999999976e-03 -7.602510399999999613e-02 1.899202000000000117e-04
8.682182244399999638e-01 1.694066639999999976e-03 -7.826856800000001058e-02 2.045475599999999766e-04
8.797700264000000159e-01 1.726201840000000020e-03 -8.120193199999999056e-02 2.239948799999999908e-04
8.987992724000000155e-01 1.765532399999999915e-03 -8.554065920000000767e-02 2.488799199999999832e-04
9.181356710400000454e-01 1.792194800000000048e-03 -9.042361719999998659e-02 2.783361600000000243e-04
9.367365857999999657e-01 1.818317519999999941e-03 -9.609480720000000697e-02 3.116602400000000246e-04
9.548770039999999737e-01 1.833128160000000069e-03 -1.013343781199999988e-01 3.452937599999999878e-04
9.738133691999999453e-01 1.844611600000000112e-03 -1.076550243999999934e-01 3.802206799999999546e-04
9.875339875199999895e-01 1.848131999999999943e-03 -1.112905720000000043e-01 4.072467999999999986e-04
9.979237492000000431e-01 1.851557199999999837e-03 -1.141358775999999908e-01 4.252616400000000648e-04
9.998345144000000406e-01 1.852868799999999759e-03 -1.160686936399999980e-01 4.345603599999999845e-04
1.002774584039999972e+00 1.852860000000000010e-03 -1.157322736000000046e-01 4.317439600000000160e-04
1.012607121999999915e+00 1.850480000000000050e-03 -1.117574960000000117e-01 4.078212400000000141e-04
1.025344738000000033e+00 1.846690399999999926e-03 -1.069545748000000074e-01 3.786325600000000420e-04
1.045004501600000024e+00 1.835632480000000052e-03 -1.015631979599999901e-01 3.458912799999999373e-04
1.063282329199999987e+00 1.816345720000000184e-03 -9.608329719999998686e-02 3.121845599999999491e-04
1.081032781200000015e+00 1.793923199999999853e-03 -9.052350359999999929e-02 2.798562400000000018e-04
1.102529597199999989e+00 1.765190000000000032e-03 -8.529937120000000150e-02 2.491941600000000109e-04
1.120448470799999985e+00 1.731566759999999920e-03 -8.187023999999999690e-02 2.258956799999999846e-04
1.133656062240000040e+00 1.695981839999999947e-03 -7.823499200000000320e-02 2.053610799999999932e-04
1.145884864799999958e+00 1.660593279999999887e-03 -7.531946399999998876e-02 1.888584000000000009e-04
1.149617107599999910e+00 1.637177320000000099e-03 -7.407700799999999974e-02 1.810937199999999782e-04
1.153623077600000046e+00 1.629500239999999997e-03 -7.403408400000000000e-02 1.786872479999999767e-04
1.150808430399999915e+00 1.649341080000000029e-03 -7.454818000000000555e-02 1.836640280000000189e-04
1.134579362800000046e+00 1.689393159999999765e-03 -7.744342399999999682e-02 2.006420400000000106e-04
1.112263887599999945e+00 1.737233159999999931e-03 -8.218043999999999349e-02 2.280806000000000131e-04
1.080666342800000068e+00 1.775746319999999944e-03 -8.811339479999999447e-02 2.642443999999999869e-04
1.042532058119999938e+00 1.807110279999999975e-03 -9.377028119999998579e-02 3.027380799999999927e-04
1.000495407600000108e+00 1.811979720000000179e-03 -9.579607480000000563e-02 3.226732000000000059e-04
9.571337307999999711e-01 1.804675239999999851e-03 -9.342364320000000333e-02 3.010339999999999913e-04
9.198728138399999699e-01 1.777088879999999971e-03 -8.765203480000000047e-02 2.625543199999999890e-04
8.884039568000000608e-01 1.735395480000000070e-03 -8.234323200000000231e-02 2.291386000000000020e-04
8.643375443999999908e-01 1.687709319999999933e-03 -7.771456399999999987e-02 2.013357600000000220e-04
8.525704948000000227e-01 1.648000720000000101e-03 -7.497527199999999559e-02 1.845418799999999876e-04
8.473201759999999805e-01 1.627300199999999995e-03 -7.391503599999998952e-02 1.787659719999999924e-04
