1.883052799999999971e+00 4.777420799999999509e-03 -2.901587200000000366e-01 2.601744000000000018e-03
1.889491040000000011e+00 4.789551999999999872e-03 -2.883932799999999741e-01 2.621046400000000276e-03
1.888619040000000027e+00 4.814950400000000269e-03 -2.948624000000000245e-01 2.655081599999999879e-03
1.892745759999999944e+00 4.854335999999999894e-03 -2.979590400000000083e-01 2.767737599999999919e-03
1.902439839999999993e+00 4.908281599999999786e-03 -3.071497599999999939e-01 2.878313599999999736e-03
1.910075680000000053e+00 4.959270400000000134e-03 -3.147244799999999731e-01 3.028035200000000170e-03
1.919316479999999991e+00 5.022623999999999839e-03 -3.267132800000000503e-01 3.233598399999999991e-03
1.939874560000000026e+00 5.092911999999999786e-03 -3.414694400000000130e-01 3.480742399999999914e-03
1.951619519999999941e+00 5.142544000000000629e-03 -3.576508800000000043e-01 3.765606400000000038e-03
1.972368703999999973e+00 5.160032000000000160e-03 -3.730643200000000048e-01 4.116782399999999523e-03
1.984938080000000049e+00 5.139859200000000163e-03 -3.906054400000000815e-01 4.427526399999999474e-03
1.993282111999999939e+00 5.108508799999999725e-03 -3.932031999999999750e-01 4.700142400000000172e-03
1.998226739199999935e+00 5.094710399999999827e-03 -4.003926399999999663e-01 4.800049600000000014e-03
2.003392031999999823e+00 5.103356800000000137e-03 -3.958374399999999849e-01 4.690500799999999630e-03
2.013881023999999798e+00 5.142220799999999703e-03 -3.840207999999999400e-01 4.444057599999999726e-03
2.025840255999999950e+00 5.163583999999999709e-03 -3.669964800000000138e-01 4.118996800000000041e-03
2.043818847999999910e+00 5.136886400000000366e-03 -3.559263999999999761e-01 3.770294400000000126e-03
2.069635040000000092e+00 5.087532799999999918e-03 -3.407055999999999973e-01 3.479884800000000201e-03
2.078041439999999795e+00 5.038639999999999612e-03 -3.270646400000000176e-01 3.229724800000000062e-03
2.087430079999999855e+00 4.952979199999999783e-03 -3.160153600000000229e-01 3.026151999999999835e-03
2.094840319999999867e+00 4.900480000000000461e-03 -3.047004799999999958e-01 2.867284799999999731e-03
2.105448959999999925e+00 4.844691199999999996e-03 -3.004195199999999955e-01 2.724929600000000271e-03
2.112271840000000012e+00 4.819142400000000354e-03 -2.930860800000000266e-01 2.674803199999999971e-03
2.116811199999999893e+00 4.789446399999999424e-03 -2.875407999999999853e-01 2.617361600000000111e-03
2.112561439999999902e+00 4.778099200000000130e-03 -2.918796800000000302e-01 2.600750399999999900e-03
2.114245120000000089e+00 4.791900800000000252e-03 -2.909907199999999805e-01 2.616512000000000091e-03
2.107716640000000030e+00 4.840703999999999493e-03 -2.972505599999999970e-01 2.744871999999999763e-03
2.096915360000000117e+00 4.914355199999999660e-03 -3.104038399999999864e-01 2.924105599999999965e-03
2.072315679999999993e+00 4.984278400000000109e-03 -3.214361600000000263e-01 3.219894399999999757e-03
2.043546495999999824e+00 5.022918400000000484e-03 -3.348748799999999859e-01 3.599022400000000035e-03
1.998098747200000025e+00 5.023923199999999652e-03 -3.476025600000000049e-01 3.847839999999999941e-03
1.962577471999999990e+00 5.040944000000000327e-03 -3.382694400000000323e-01 3.620620800000000014e-03
1.924763039999999981e+00 4.978697600000000015e-03 -3.236729600000000096e-01 3.198143999999999987e-03
1.903056639999999966e+00 4.915532799999999640e-03 -3.088028800000000018e-01 2.920555200000000094e-03
1.896314559999999982e+00 4.842803200000000627e-03 -2.975062400000000329e-01 2.725683199999999647e-03
1.883905120000000100e+00 4.797702399999999312e-03 -2.911468799999999968e-01 2.630955199999999994e-03
1.883052799999999971e+00 4.777420799999999509e-03 -2.901587200000000366e-01 2.601744000000000018e-03
