5 0 0 0.0000000 0.0000000 0 0.6283190 3 3 -0.1859349 0.0060274 -0.2097776 0.0027114
5 0 0 0.3926990 0.0000000 0 0.6283190 3 3 -0.1849539 0.0060399 -0.2106471 0.0027278
5 0 0 0.7853980 0.0000000 0 0.6283190 3 3 -0.1839429 0.0060782 -0.2174537 0.0027990
5 0 0 1.1781000 0.0000000 0 0.6283190 3 3 -0.1744452 0.0061281 -0.2267307 0.0029255
5 0 0 1.5708000 0.0000000 0 0.6283190 3 3 -0.1714275 0.0061841 -0.2440624 0.0031198
5 0 0 1.9634900 0.0000000 0 0.6283190 3 3 -0.1618189 0.0062138 -0.2591107 0.0033268
5 0 0 2.3561900 0.0000000 0 0.6283190 3 3 -0.1471456 0.0062271 -0.2700407 0.0034534
5 0 0 2.7488900 0.0000000 0 0.6283190 3 3 -0.1398520 0.0062488 -0.2760397 0.0034544
5 0 0 3.1415900 0.0000000 0 0.6283190 3 3 -0.1337817 0.0062576 -0.2763196 0.0034283
5 0 0 3.1415900 0.3926990 0 0.6283190 3 3 -0.1318418 0.0062611 -0.2747528 0.0033723
5 0 0 3.1415900 0.7853980 0 0.6283190 3 3 -0.1165113 0.0062473 -0.2760492 0.0032651
5 0 0 3.1415900 1.1781000 0 0.6283190 3 3 -0.0927891 0.0062136 -0.2761449 0.0031712
5 0 0 3.1415900 1.5708000 0 0.6283190 3 3 -0.0665025 0.0061637 -0.2765110 0.0030749
5 0 0 3.1415900 1.9634900 0 0.6283190 3 3 -0.0382993 0.0061203 -0.2739711 0.0029634
5 0 0 3.1415900 2.3561900 0 0.6283190 3 3 -0.0172739 0.0060849 -0.2686764 0.0028544
5 0 0 3.1415900 2.7488900 0 0.6283190 3 3 -0.0032445 0.0060574 -0.2641501 0.0027805
5 0 0 3.1415900 3.1415900 0 0.6283190 3 3 0.0025218 0.0060476 -0.2636684 0.0027547
5 0 0 2.7488900 2.7488900 0 0.6283190 3 3 -0.0102335 0.0060669 -0.2667084 0.0028050
5 0 0 2.3561900 2.3561900 0 0.6283190 3 3 -0.0349864 0.0061030 -0.2707481 0.0029244
5 0 0 1.9634900 1.9634900 0 0.6283190 3 3 -0.0739676 0.0061607 -0.2685912 0.0029911
5 0 0 1.5708000 1.5708000 0 0.6283190 3 3 -0.1153480 0.0061776 -0.2635610 0.0031592
5 0 0 1.1781000 1.1781000 0 0.6283190 3 3 -0.1557056 0.0061653 -0.2482384 0.0031651
5 0 0 0.7853980 0.7853980 0 0.6283190 3 3 -0.1765532 0.0061193 -0.2277055 0.0028971
5 0 0 0.3926990 0.3926990 0 0.6283190 3 3 -0.1837885 0.0060493 -0.2137055 0.0027508
5 0 0 0.0000000 0.0000000 0 0.6283190 3 3 -0.1859349 0.0060274 -0.2097776 0.0027114
