4.000000000000000000e+00 5.000000000000000278e-02 0.000000000000000000e+00 2.000000000000000000e+00 0.000000000000000000e+00 0.000000000000000000e+00 0.000000000000000000e+00 0.000000000000000000e+00 0.000000000000000000e+00 0.000000000000000000e+00
4.000000000000000000e+00 5.000000000000000278e-02 0.000000000000000000e+00 2.000000000000000000e+00 7.853980000000000405e-01 0.000000000000000000e+00 0.000000000000000000e+00 0.000000000000000000e+00 0.000000000000000000e+00 0.000000000000000000e+00
4.000000000000000000e+00 5.000000000000000278e-02 0.000000000000000000e+00 2.000000000000000000e+00 1.570796000000000081e+00 0.000000000000000000e+00 0.000000000000000000e+00 0.000000000000000000e+00 0.000000000000000000e+00 0.000000000000000000e+00
4.000000000000000000e+00 5.000000000000000278e-02 0.000000000000000000e+00 2.000000000000000000e+00 2.356193999999999900e+00 0.000000000000000000e+00 0.000000000000000000e+00 0.000000000000000000e+00 0.000000000000000000e+00 0.000000000000000000e+00
4.000000000000000000e+00 5.000000000000000278e-02 0.000000000000000000e+00 2.000000000000000000e+00 3.141592999999999858e+00 0.000000000000000000e+00 0.000000000000000000e+00 0.000000000000000000e+00 0.000000000000000000e+00 0.000000000000000000e+00
4.000000000000000000e+00 5.000000000000000278e-02 0.000000000000000000e+00 2.000000000000000000e+00 3.141592999999999858e+00 7.853980000000000405e-01 0.000000000000000000e+00 0.000000000000000000e+00 0.000000000000000000e+00 0.000000000000000000e+00
4.000000000000000000e+00 5.000000000000000278e-02 0.000000000000000000e+00 2.000000000000000000e+00 3.141592999999999858e+00 1.570796000000000081e+00 0.000000000000000000e+00 0.000000000000000000e+00 0.000000000000000000e+00 0.000000000000000000e+00
4.000000000000000000e+00 5.000000000000000278e-02 0.000000000000000000e+00 2.000000000000000000e+00 3.141592999999999858e+00 2.356193999999999900e+00 0.000000000000000000e+00 0.000000000000000000e+00 0.000000000000000000e+00 0.000000000000000000e+00
4.000000000000000000e+00 5.000000000000000278e-02 0.000000000000000000e+00 2.000000000000000000e+00 3.141592999999999858e+00 3.141592999999999858e+00 0.000000000000000000e+00 0.000000000000000000e+00 0.000000000000000000e+00 0.000000000000000000e+00
4.000000000000000000e+00 5.000000000000000278e-02 0.000000000000000000e+00 2.000000000000000000e+00 2.356193999999999900e+00 2.356193999999999900e+00 0.000000000000000000e+00 0.000000000000000000e+00 0.000000000000000000e+00 0.000000000000000000e+00
4.000000000000000000e+00 5.000000000000000278e-02 0.000000000000000000e+00 2.000000000000000000e+00 1.570796000000000081e+00 1.570796000000000081e+00 0.000000000000000000e+00 0.000000000000000000e+00 0.000000000000000000e+00 0.000000000000000000e+00
4.000000000000000000e+00 5.000000000000000278e-02 0.000000000000000000e+00 2.000000000000000000e+00 7.853980000000000405e-01 7.853980000000000405e-01 0.000000000000000000e+00 0.000000000000000000e+00 0.000000000000000000e+00 0.000000000000000000e+00
