0.000000000000000000e+00 0.000000000000000000e+00 5.892983186534785089e-02 3.516896768877862678e-03
7.853980000000000405e-01 0.000000000000000000e+00 3.014520065143624222e-02 1.500458349950036917e-03
1.570796000000000081e+00 0.000000000000000000e+00 5.749981155849727583e-03 5.445581553309414681e-04
2.356193999999999900e+00 0.000000000000000000e+00 -3.013893136916472645e-03 1.931271382631974366e-04
3.141592999999999858e+00 0.000000000000000000e+00 -5.618131302516021948e-03 1.150095773080842139e-04
3.141592999999999858e+00 7.853980000000000405e-01 -7.322600971598348940e-03 1.935580972995027164e-04
3.141592999999999858e+00 1.570796000000000081e+00 -1.456586501287045025e-02 5.782607285468305399e-04
3.141592999999999858e+00 2.356193999999999900e+00 -2.361940894877601754e-02 1.496115884505337147e-03
3.141592999999999858e+00 3.141592999999999858e+00 -2.485607353643102396e-02 1.636395989978207174e-03
2.356193999999999900e+00 2.356193999999999900e+00 -1.977017264025721782e-02 1.381477157110647287e-03
1.570796000000000081e+00 1.570796000000000081e+00 -5.231869315385935353e-03 1.070736193171458947e-03
7.853980000000000405e-01 7.853980000000000405e-01 1.966497156717193079e-02 1.486457111119840382e-03
