4.000000000000000000e+00 5.000000000000000278e-02 0.000000000000000000e+00 2.000000000000000000e+00 0.000000000000000000e+00 0.000000000000000000e+00 0.000000000000000000e+00 0.000000000000000000e+00 6.437273511016717090e-03 1.240087511952567376e-04
4.000000000000000000e+00 5.000000000000000278e-02 0.000000000000000000e+00 2.000000000000000000e+00 7.853980000000000405e-01 0.000000000000000000e+00 0.000000000000000000e+00 0.000000000000000000e+00 3.275191369735063959e-03 6.623138017113877466e-05
4.000000000000000000e+00 5.000000000000000278e-02 0.000000000000000000e+00 2.000000000000000000e+00 1.570796000000000081e+00 0.000000000000000000e+00 0.000000000000000000e+00 0.000000000000000000e+00 6.461401379976498913e-04 3.362470098989055287e-05
4.000000000000000000e+00 5.000000000000000278e-02 0.000000000000000000e+00 2.000000000000000000e+00 2.356193999999999900e+00 0.000000000000000000e+00 0.000000000000000000e+00 0.000000000000000000e+00 -3.472120358440433457e-04 1.209704483785603297e-05
4.000000000000000000e+00 5.000000000000000278e-02 0.000000000000000000e+00 2.000000000000000000e+00 3.141592999999999858e+00 0.000000000000000000e+00 0.000000000000000000e+00 0.000000000000000000e+00 -6.271846450466811397e-04 6.531718856856270131e-06
4.000000000000000000e+00 5.000000000000000278e-02 0.000000000000000000e+00 2.000000000000000000e+00 3.141592999999999858e+00 7.853980000000000405e-01 0.000000000000000000e+00 0.000000000000000000e+00 -8.452414701278787319e-04 1.007859034058974717e-05
4.000000000000000000e+00 5.000000000000000278e-02 0.000000000000000000e+00 2.000000000000000000e+00 3.141592999999999858e+00 1.570796000000000081e+00 0.000000000000000000e+00 0.000000000000000000e+00 -1.659177720543613234e-03 3.137622145995456080e-05
4.000000000000000000e+00 5.000000000000000278e-02 0.000000000000000000e+00 2.000000000000000000e+00 3.141592999999999858e+00 2.356193999999999900e+00 0.000000000000000000e+00 0.000000000000000000e+00 -2.569795915289179236e-03 7.308428890379561481e-05
4.000000000000000000e+00 5.000000000000000278e-02 0.000000000000000000e+00 2.000000000000000000e+00 3.141592999999999858e+00 3.141592999999999858e+00 0.000000000000000000e+00 0.000000000000000000e+00 -2.895046331196511700e-03 9.154279893015754364e-05
4.000000000000000000e+00 5.000000000000000278e-02 0.000000000000000000e+00 2.000000000000000000e+00 2.356193999999999900e+00 2.356193999999999900e+00 0.000000000000000000e+00 0.000000000000000000e+00 -2.217172445335284601e-03 6.914709903960664192e-05
4.000000000000000000e+00 5.000000000000000278e-02 0.000000000000000000e+00 2.000000000000000000e+00 1.570796000000000081e+00 1.570796000000000081e+00 0.000000000000000000e+00 0.000000000000000000e+00 -5.984672105776846175e-04 5.102946579806989688e-05
4.000000000000000000e+00 5.000000000000000278e-02 0.000000000000000000e+00 2.000000000000000000e+00 7.853980000000000405e-01 7.853980000000000405e-01 0.000000000000000000e+00 0.000000000000000000e+00 2.250029767999174850e-03 6.429631028896372162e-05
