4.000000000000000000e+00 5.000000000000000278e-02 0.000000000000000000e+00 2.000000000000000000e+00 0.000000000000000000e+00 0.000000000000000000e+00 0.000000000000000000e+00 0.000000000000000000e+00 1.104855851330438889e-04 3.705673175333017134e-04
4.000000000000000000e+00 5.000000000000000278e-02 0.000000000000000000e+00 2.000000000000000000e+00 7.853980000000000405e-01 0.000000000000000000e+00 0.000000000000000000e+00 0.000000000000000000e+00 7.427536931340744100e-05 1.529972567601043472e-04
4.000000000000000000e+00 5.000000000000000278e-02 0.000000000000000000e+00 2.000000000000000000e+00 1.570796000000000081e+00 0.000000000000000000e+00 0.000000000000000000e+00 0.000000000000000000e+00 -7.253342903235661467e-06 5.030319464219002297e-05
4.000000000000000000e+00 5.000000000000000278e-02 0.000000000000000000e+00 2.000000000000000000e+00 2.356193999999999900e+00 0.000000000000000000e+00 0.000000000000000000e+00 0.000000000000000000e+00 1.233502063110195613e-05 1.772376291986117955e-05
4.000000000000000000e+00 5.000000000000000278e-02 0.000000000000000000e+00 2.000000000000000000e+00 3.141592999999999858e+00 0.000000000000000000e+00 0.000000000000000000e+00 0.000000000000000000e+00 2.947833656012079617e-06 1.098341703073726584e-05
4.000000000000000000e+00 5.000000000000000278e-02 0.000000000000000000e+00 2.000000000000000000e+00 3.141592999999999858e+00 7.853980000000000405e-01 0.000000000000000000e+00 0.000000000000000000e+00 3.161913995028443756e-05 1.899867454333084639e-05
4.000000000000000000e+00 5.000000000000000278e-02 0.000000000000000000e+00 2.000000000000000000e+00 3.141592999999999858e+00 1.570796000000000081e+00 0.000000000000000000e+00 0.000000000000000000e+00 4.074827466911873147e-05 5.606913953436792100e-05
4.000000000000000000e+00 5.000000000000000278e-02 0.000000000000000000e+00 2.000000000000000000e+00 3.141592999999999858e+00 2.356193999999999900e+00 0.000000000000000000e+00 0.000000000000000000e+00 -5.458285679704504896e-05 1.493077178683209928e-04
4.000000000000000000e+00 5.000000000000000278e-02 0.000000000000000000e+00 2.000000000000000000e+00 3.141592999999999858e+00 3.141592999999999858e+00 0.000000000000000000e+00 0.000000000000000000e+00 1.332603827041755956e-04 1.570957492530444810e-04
4.000000000000000000e+00 5.000000000000000278e-02 0.000000000000000000e+00 2.000000000000000000e+00 2.356193999999999900e+00 2.356193999999999900e+00 0.000000000000000000e+00 0.000000000000000000e+00 2.048659641781582709e-05 1.370406855810053532e-04
4.000000000000000000e+00 5.000000000000000278e-02 0.000000000000000000e+00 2.000000000000000000e+00 1.570796000000000081e+00 1.570796000000000081e+00 0.000000000000000000e+00 0.000000000000000000e+00 1.714839775702512069e-05 1.074710112287397549e-04
4.000000000000000000e+00 5.000000000000000278e-02 0.000000000000000000e+00 2.000000000000000000e+00 7.853980000000000405e-01 7.853980000000000405e-01 0.000000000000000000e+00 0.000000000000000000e+00 -6.503292720229382191e-05 1.521329619213497293e-04
