4.000000000000000000e+00 5.000000000000000278e-02 0.000000000000000000e+00 2.000000000000000000e+00 0.000000000000000000e+00 0.000000000000000000e+00 0.000000000000000000e+00 0.000000000000000000e+00 -1.125002209825769302e-05 1.267733645824654009e-03
4.000000000000000000e+00 5.000000000000000278e-02 0.000000000000000000e+00 2.000000000000000000e+00 7.853980000000000405e-01 0.000000000000000000e+00 0.000000000000000000e+00 0.000000000000000000e+00 -1.125002209825769302e-05 1.267733645824654009e-03
4.000000000000000000e+00 5.000000000000000278e-02 0.000000000000000000e+00 2.000000000000000000e+00 1.570796000000000081e+00 0.000000000000000000e+00 0.000000000000000000e+00 0.000000000000000000e+00 -1.125002209825769302e-05 1.267733645824654009e-03
4.000000000000000000e+00 5.000000000000000278e-02 0.000000000000000000e+00 2.000000000000000000e+00 2.356193999999999900e+00 0.000000000000000000e+00 0.000000000000000000e+00 0.000000000000000000e+00 -1.125002209825769302e-05 1.267733645824654009e-03
4.000000000000000000e+00 5.000000000000000278e-02 0.000000000000000000e+00 2.000000000000000000e+00 3.141592999999999858e+00 0.000000000000000000e+00 0.000000000000000000e+00 0.000000000000000000e+00 -1.125002209825769302e-05 1.267733645824654009e-03
4.000000000000000000e+00 5.000000000000000278e-02 0.000000000000000000e+00 2.000000000000000000e+00 3.141592999999999858e+00 7.853980000000000405e-01 0.000000000000000000e+00 0.000000000000000000e+00 -1.125002209825769302e-05 1.267733645824654009e-03
4.000000000000000000e+00 5.000000000000000278e-02 0.000000000000000000e+00 2.000000000000000000e+00 3.141592999999999858e+00 1.570796000000000081e+00 0.000000000000000000e+00 0.000000000000000000e+00 -3.053577426669945225e-05 1.267729570441136809e-03
4.000000000000000000e+00 5.000000000000000278e-02 0.000000000000000000e+00 2.000000000000000000e+00 3.141592999999999858e+00 2.356193999999999900e+00 0.000000000000000000e+00 0.000000000000000000e+00 -3.696435832284670250e-05 1.267609355528355941e-03
4.000000000000000000e+00 5.000000000000000278e-02 0.000000000000000000e+00 2.000000000000000000e+00 3.141592999999999858e+00 3.141592999999999858e+00 0.000000000000000000e+00 0.000000000000000000e+00 1.607146014036813198e-06 1.266588090938929262e-03
4.000000000000000000e+00 5.000000000000000278e-02 0.000000000000000000e+00 2.000000000000000000e+00 2.356193999999999900e+00 2.356193999999999900e+00 0.000000000000000000e+00 0.000000000000000000e+00 -1.928575216844176092e-05 1.267673539968504348e-03
4.000000000000000000e+00 5.000000000000000278e-02 0.000000000000000000e+00 2.000000000000000000e+00 1.570796000000000081e+00 1.570796000000000081e+00 0.000000000000000000e+00 0.000000000000000000e+00 -1.125002209825769302e-05 1.267733645824654009e-03
4.000000000000000000e+00 5.000000000000000278e-02 0.000000000000000000e+00 2.000000000000000000e+00 7.853980000000000405e-01 7.853980000000000405e-01 0.000000000000000000e+00 0.000000000000000000e+00 -1.125002209825769302e-05 1.267733645824654009e-03
