4.000000000000000000e+00 5.000000000000000278e-02 0.000000000000000000e+00 2.000000000000000000e+00 0.000000000000000000e+00 0.000000000000000000e+00 0.000000000000000000e+00 0.000000000000000000e+00 2.785667996092327028e-03 1.269671798448637713e-03
4.000000000000000000e+00 5.000000000000000278e-02 0.000000000000000000e+00 2.000000000000000000e+00 7.853980000000000405e-01 0.000000000000000000e+00 0.000000000000000000e+00 0.000000000000000000e+00 8.801937070986171063e-03 1.269627540288713243e-03
4.000000000000000000e+00 5.000000000000000278e-02 0.000000000000000000e+00 2.000000000000000000e+00 1.570796000000000081e+00 0.000000000000000000e+00 0.000000000000000000e+00 0.000000000000000000e+00 -1.440551459090337605e-02 1.269544977007034791e-03
4.000000000000000000e+00 5.000000000000000278e-02 0.000000000000000000e+00 2.000000000000000000e+00 2.356193999999999900e+00 0.000000000000000000e+00 0.000000000000000000e+00 0.000000000000000000e+00 -1.150538917136049583e-01 1.261245120619702625e-03
4.000000000000000000e+00 5.000000000000000278e-02 0.000000000000000000e+00 2.000000000000000000e+00 3.141592999999999858e+00 0.000000000000000000e+00 0.000000000000000000e+00 0.000000000000000000e+00 -2.267869060707572437e-01 1.236594539122090218e-03
4.000000000000000000e+00 5.000000000000000278e-02 0.000000000000000000e+00 2.000000000000000000e+00 3.141592999999999858e+00 7.853980000000000405e-01 0.000000000000000000e+00 0.000000000000000000e+00 -1.260224594482184934e-01 1.259554085628045422e-03
4.000000000000000000e+00 5.000000000000000278e-02 0.000000000000000000e+00 2.000000000000000000e+00 3.141592999999999858e+00 1.570796000000000081e+00 0.000000000000000000e+00 0.000000000000000000e+00 -3.533993854764814341e-02 1.268883620286204942e-03
4.000000000000000000e+00 5.000000000000000278e-02 0.000000000000000000e+00 2.000000000000000000e+00 3.141592999999999858e+00 2.356193999999999900e+00 0.000000000000000000e+00 0.000000000000000000e+00 -1.398959888315347982e-02 1.269552475187315892e-03
4.000000000000000000e+00 5.000000000000000278e-02 0.000000000000000000e+00 2.000000000000000000e+00 3.141592999999999858e+00 3.141592999999999858e+00 0.000000000000000000e+00 0.000000000000000000e+00 -1.090730883192169223e-02 1.269601196193105141e-03
4.000000000000000000e+00 5.000000000000000278e-02 0.000000000000000000e+00 2.000000000000000000e+00 2.356193999999999900e+00 2.356193999999999900e+00 0.000000000000000000e+00 0.000000000000000000e+00 -8.940575640236137628e-03 1.269625978654027963e-03
4.000000000000000000e+00 5.000000000000000278e-02 0.000000000000000000e+00 2.000000000000000000e+00 1.570796000000000081e+00 1.570796000000000081e+00 0.000000000000000000e+00 0.000000000000000000e+00 4.900712215347611915e-03 1.269661477777784403e-03
4.000000000000000000e+00 5.000000000000000278e-02 0.000000000000000000e+00 2.000000000000000000e+00 7.853980000000000405e-01 7.853980000000000405e-01 0.000000000000000000e+00 0.000000000000000000e+00 1.289661109302003145e-02 1.269571132426097369e-03
