50 0.0628319 3.03437e-16 7.58592e-17 1 1
50 0.0628319 -1.16991e-18 2.92476e-19 1 1
50 0.0628319 -0.00913132 -0.000299349 1 1
50 0.0628319 -0.00324724 -0.000213135 1 1
50 0.0628319 -6.03614e-18 1.31752e-18 1 1
50 0.0628319 -0.00249572 -8.18164e-05 1 1
50 0.0628319 -4.28043e-18 1.07011e-18 1 1
50 0.0628319 -2.24005e-17 4.8946e-18 1 1
50 0.188496 0 0 1 1
50 0.188496 0 0 1 1
50 0.188496 -0.00905356 -0.000890399 1 1
50 0.188496 -0.00316469 -0.000628562 1 1
50 0.188496 -4.58511e-18 3.31455e-18 1 1
50 0.188496 -0.00247447 -0.000243359 1 1
50 0.188496 0 2.14022e-18 1 1
50 0.188496 -1.70297e-17 1.23291e-17 1 1
50 0.314159 0 1.51718e-16 1 1
50 0.314159 -5.84953e-19 0 1 1
50 0.314159 -0.00890196 -0.00145915 1 1
50 0.314159 -0.00300647 -0.00101281 1 1
50 0.314159 -2.65976e-18 4.0458e-18 1 1
50 0.314159 -0.00243303 -0.000398806 1 1
50 0.314159 0 0 1 1
50 0.314159 -9.86856e-18 1.50277e-17 1 1
50 0.439823 0 1.51718e-16 1 1
50 0.439823 1.46238e-19 -5.84953e-19 1 1
50 0.439823 -0.00868384 -0.00199275 1 1
50 0.439823 -0.00278511 -0.0013493 1 1
50 0.439823 -1.08987e-18 3.82858e-18 1 1
50 0.439823 -0.00237342 -0.000544649 1 1
50 0.439823 5.35054e-19 -2.14022e-18 1 1
50 0.439823 -4.04796e-18 1.42252e-17 1 1
50 0.565487 -4.7412e-18 -1.51718e-16 1 1
50 0.565487 -3.65595e-20 0 1 1
50 0.565487 -0.00840911 -0.00248106 1 1
50 0.565487 -0.00251687 -0.00162679 1 1
50 0.565487 -9.53519e-20 3.21626e-18 1 1
50 0.565487 -0.00229833 -0.000678109 1 1
50 0.565487 -6.68818e-20 0 1 1
50 0.565487 -3.53866e-19 1.19499e-17 1 1
50 0.69115 -1.89648e-17 1.51718e-16 1 1
50 0.69115 0 0 1 1
50 0.69115 -0.00808922 -0.00291704 1 1
50 0.69115 -0.00221936 -0.0018399 1 1
50 0.69115 4.39667e-19 2.55824e-18 1 1
50 0.69115 -0.0022109 -0.000797271 1 1
50 0.69115 0 0 1 1
50 0.69115 1.63374e-18 9.50698e-18 1 1
50 0.816814 0 -7.58592e-17 1 1
50 0.816814 -1.46238e-19 0 1 1
50 0.816814 -0.00773607 -0.00329691 1 1
50 0.816814 -0.00190945 -0.00198871 1 1
50 0.816814 6.86396e-19 1.9921e-18 1 1
50 0.816814 -0.00211438 -0.000901095 1 1
50 0.816814 -5.35054e-19 0 1 1
50 0.816814 2.54872e-18 7.39481e-18 1 1
50 0.942478 3.79296e-17 -7.58592e-17 1 1
50 0.942478 0 -2.92476e-19 1 1
50 0.942478 -0.00736115 -0.00361977 1 1
50 0.942478 -0.00160171 -0.00207764 1 1
50 0.942478 7.72552e-19 1.5452e-18 1 1
50 0.942478 -0.00201191 -0.000989335 1 1
50 0.942478 0 -1.07011e-18 1 1
50 0.942478 2.87061e-18 5.74123e-18 1 1
50 1.06814 3.79296e-17 -7.58592e-17 1 1
50 1.06814 1.46238e-19 2.92476e-19 1 1
50 1.06814 -0.00697483 -0.00388711 1 1
50 1.06814 -0.00130755 -0.00211399 1 1
50 1.06814 7.75872e-19 1.20442e-18 1 1
50 1.06814 -0.00190632 -0.0010624 1 1
50 1.06814 5.35054e-19 1.07011e-18 1 1
50 1.06814 2.87943e-18 4.47569e-18 1 1
50 1.19381 -3.79296e-17 3.79296e-17 1 1
50 1.19381 1.46238e-19 0 1 1
50 1.19381 -0.00658599 -0.00410221 1 1
50 1.19381 -0.00103498 -0.0021066 1 1
50 1.19381 7.39648e-19 9.47346e-19 1 1
50 1.19381 -0.00180005 -0.00112119 1 1
50 1.19381 5.35054e-19 0 1 1
50 1.19381 2.75156e-18 3.52102e-18 1 1
50 1.31947 -3.79296e-17 -3.79296e-17 1 1
50 1.31947 0 -1.46238e-19 1 1
50 1.31947 -0.00620182 -0.00426955 1 1
50 1.31947 -0.000788833 -0.00206465 1 1
50 1.31947 6.86879e-19 7.53274e-19 1 1
50 1.31947 -0.00169505 -0.00116693 1 1
50 1.31947 0 -5.35054e-19 1 1
50 1.31947 2.54872e-18 2.80006e-18 1 1
50 1.44513 0 3.79296e-17 1 1
50 1.44513 0 0 1 1
50 1.44513 -0.00582788 -0.00439423 1 1
50 1.44513 -0.000571346 -0.00199681 1 1
50 1.44513 6.29363e-19 6.05787e-19 1 1
50 1.44513 -0.00159285 -0.00120101 1 1
50 1.44513 0 0 1 1
50 1.44513 2.33706e-18 2.25107e-18 1 1
50 1.5708 -3.79296e-17 0 1 1
50 1.5708 1.46238e-19 0 1 1
50 1.5708 -0.0054682 -0.00448155 1 1
50 1.5708 -0.000382728 -0.00191081 1 1
50 1.5708 5.72899e-19 4.92644e-19 1 1
50 1.5708 -0.00149454 -0.00122487 1 1
50 1.5708 5.35054e-19 -2.67527e-19 1 1
50 1.5708 2.12871e-18 1.83106e-18 1 1
50 1.69646 1.89648e-17 -1.89648e-17 1 1
50 1.69646 7.31191e-20 0 1 1
50 1.69646 -0.00512551 -0.00453675 1 1
50 1.69646 -0.000221785 -0.00181312 1 1
50 1.69646 5.20127e-19 4.04923e-19 1 1
50 1.69646 -0.00140088 -0.00123996 1 1
50 1.69646 2.67527e-19 0 1 1
50 1.69646 1.93248e-18 1.50476e-18 1 1
50 1.82212 -1.89648e-17 0 1 1
50 1.82212 0 0 1 1
50 1.82212 -0.00480146 -0.00456473 1 1
50 1.82212 -8.64428e-05 -0.00170896 1 1
50 1.82212 4.72051e-19 3.36167e-19 1 1
50 1.82212 -0.00131231 -0.00124761 1 1
50 1.82212 0 -2.67527e-19 1 1
50 1.82212 1.7539e-18 1.249e-18 1 1
50 1.94779 1.89648e-17 -1.89648e-17 1 1
50 1.94779 7.31191e-20 7.31191e-20 1 1
50 1.94779 -0.00449684 -0.00456997 1 1
50 1.94779 2.58489e-05 -0.00160238 1 1
50 1.94779 4.28851e-19 2.81695e-19 1 1
50 1.94779 -0.00122905 -0.00124904 1 1
50 1.94779 0 2.67527e-19 1 1
50 1.94779 1.59515e-18 1.04672e-18 1 1
50 2.07345 1.89648e-17 0 1 1
50 2.07345 0 -3.65595e-20 1 1
50 2.07345 -0.00421182 -0.00455647 1 1
50 2.07345 0.000117814 -0.00149638 1 1
50 2.07345 3.90309e-19 2.38092e-19 1 1
50 2.07345 -0.00115115 -0.00124535 1 1
50 2.07345 0 0 1 1
50 2.07345 1.44854e-18 8.84665e-19 1 1
50 2.19911 0 9.4824e-18 1 1
50 2.19911 0 0 1 1
50 2.19911 -0.00394608 -0.0045277 1 1
50 2.19911 0.000192146 -0.00139312 1 1
50 2.19911 3.56037e-19 2.02845e-19 1 1
50 2.19911 -0.00107852 -0.00123749 1 1
50 2.19911 0 0 1 1
50 2.19911 1.32286e-18 7.54032e-19 1 1
50 2.32478 1.89648e-17 0 1 1
50 2.32478 0 3.65595e-20 1 1
50 2.32478 -0.00369897 -0.00448669 1 1
50 2.32478 0.000251386 -0.00129405 1 1
50 2.32478 3.2559e-19 1.7409e-19 1 1
50 2.32478 -0.00101098 -0.00122628 1 1
50 2.32478 0 0 1 1
50 2.32478 1.21152e-18 6.4655e-19 1 1
50 2.45044 1.89648e-17 -9.4824e-18 1 1
50 2.45044 7.31191e-20 0 1 1
50 2.45044 -0.00346962 -0.00443599 1 1
50 2.45044 0.000297846 -0.0012001 1 1
50 2.45044 2.98529e-19 1.50428e-19 1 1
50 2.45044 -0.000948298 -0.00121242 1 1
50 2.45044 0 0 1 1
50 2.45044 1.1101e-18 5.5891e-19 1 1
50 2.57611 1.89648e-17 -4.7412e-18 1 1
50 2.57611 0 1.82798e-20 1 1
50 2.57611 -0.00325704 -0.00437775 1 1
50 2.57611 0.000333584 -0.00111178 1 1
50 2.57611 2.74441e-19 1.30799e-19 1 1
50 2.57611 -0.000890198 -0.0011965 1 1
50 2.57611 -1.33764e-19 6.68818e-20 1 1
50 2.57611 1.01971e-18 4.86428e-19 1 1
50 2.70177 -9.4824e-18 0 1 1
50 2.70177 -3.65595e-20 1.82798e-20 1 1
50 2.70177 -0.00306018 -0.00431379 1 1
50 2.70177 0.000360395 -0.00102932 1 1
50 2.70177 2.52958e-19 1.14393e-19 1 1
50 2.70177 -0.000836392 -0.00117902 1 1
50 2.70177 -1.33764e-19 0 1 1
50 2.70177 9.39784e-19 4.2497e-19 1 1
50 2.82743 0 -4.7412e-18 1 1
50 2.82743 -3.65595e-20 0 1 1
50 2.82743 -0.00287795 -0.0042456 1 1
50 2.82743 0.000379827 -0.00095272 1 1
50 2.82743 2.33753e-19 1.00583e-19 1 1
50 2.82743 -0.000786584 -0.00116038 1 1
50 2.82743 -1.33764e-19 0 1 1
50 2.82743 8.68129e-19 3.73709e-19 1 1
50 2.9531 9.4824e-18 0 1 1
50 2.9531 -3.65595e-20 1.82798e-20 1 1
50 2.9531 -0.00270927 -0.00417441 1 1
50 2.9531 0.000393198 -0.000881844 1 1
50 2.9531 2.16539e-19 8.88833e-20 1 1
50 2.9531 -0.000740484 -0.00114093 1 1
50 2.9531 -1.33764e-19 0 1 1
50 2.9531 8.04191e-19 3.3044e-19 1 1
50 3.07876 9.4824e-18 -4.7412e-18 1 1
50 3.07876 0 1.82798e-20 1 1
50 3.07876 -0.00255313 -0.00410122 1 1
50 3.07876 0.000401621 -0.000816453 1 1
50 3.07876 2.01071e-19 7.89098e-20 1 1
50 3.07876 -0.000697809 -0.00112092 1 1
50 3.07876 0 0 1 1
50 3.07876 7.47418e-19 2.93235e-19 1 1
50 3.20442 -9.4824e-18 -4.7412e-18 1 1
50 3.20442 0 1.82798e-20 1 1
50 3.20442 -0.00240854 -0.00402687 1 1
50 3.20442 0.00040603 -0.000756251 1 1
50 3.20442 1.87133e-19 7.0359e-20 1 1
50 3.20442 -0.000658289 -0.0011006 1 1
50 3.20442 0 6.68818e-20 1 1
50 3.20442 6.95606e-19 2.61403e-19 1 1
50 3.33009 -9.4824e-18 -2.3706e-18 1 1
50 3.33009 0 9.13988e-21 1 1
50 3.33009 -0.00227457 -0.00395202 1 1
50 3.33009 0.000407206 -0.000700911 1 1
50 3.33009 1.74541e-19 6.29887e-20 1 1
50 3.33009 -0.000621674 -0.00108015 1 1
50 3.33009 0 3.34409e-20 1 1
50 3.33009 6.48203e-19 2.34257e-19 1 1
50 3.45575 -9.4824e-18 0 1 1
50 3.45575 0 -9.13988e-21 1 1
50 3.45575 -0.00215036 -0.0038772 1 1
50 3.45575 0.000405796 -0.000650091 1 1
50 3.45575 1.63134e-19 5.66037e-20 1 1
50 3.45575 -0.000587726 -0.0010597 1 1
50 3.45575 0 0 1 1
50 3.45575 6.05761e-19 2.1028e-19 1 1
50 3.58142 -9.4824e-18 -2.3706e-18 1 1
50 3.58142 0 9.13988e-21 1 1
50 3.58142 -0.00203511 -0.00380284 1 1
50 3.58142 0.000402335 -0.000603449 1 1
50 3.58142 1.52774e-19 5.10463e-20 1 1
50 3.58142 -0.000556226 -0.00103937 1 1
50 3.58142 -1.33764e-19 0 1 1
50 3.58142 5.67178e-19 1.89886e-19 1 1
50 3.70708 -9.4824e-18 2.3706e-18 1 1
50 3.70708 -3.65595e-20 0 1 1
50 3.70708 -0.00192809 -0.00372926 1 1
50 3.70708 0.000397267 -0.000560652 1 1
50 3.70708 1.43342e-19 4.61877e-20 1 1
50 3.70708 -0.000526975 -0.00101926 1 1
50 3.70708 -1.33764e-19 0 1 1
50 3.70708 5.32453e-19 1.71697e-19 1 1
50 3.83274 9.4824e-18 0 1 1
50 3.83274 1.82798e-20 9.13988e-21 1 1
50 3.83274 -0.00182861 -0.00365674 1 1
50 3.83274 0.000390953 -0.000521384 1 1
50 3.83274 1.34734e-19 4.19222e-20 1 1
50 3.83274 -0.000499785 -0.000999439 1 1
50 3.83274 6.68818e-20 3.34409e-20 1 1
50 3.83274 5.01035e-19 1.55988e-19 1 1
50 3.95841 -4.7412e-18 -2.3706e-18 1 1
50 3.95841 0 -1.82798e-20 1 1
50 3.95841 -0.00173605 -0.00358547 1 1
50 3.95841 0.000383694 -0.000485345 1 1
50 3.95841 1.2686e-19 3.81626e-20 1 1
50 3.95841 -0.000474487 -0.00097996 1 1
50 3.95841 0 -3.34409e-20 1 1
50 3.95841 4.71546e-19 1.41794e-19 1 1
50 4.08407 0 0 1 1
50 4.08407 0 0 1 1
50 4.08407 -0.00164984 -0.0035156 1 1
50 4.08407 0.000375731 -0.000452257 1 1
50 4.08407 1.1964e-19 3.48366e-20 1 1
50 4.08407 -0.000450926 -0.000960865 1 1
50 4.08407 0 0 1 1
50 4.08407 4.44537e-19 1.29393e-19 1 1
50 4.20973 0 1.1853e-18 1 1
50 4.20973 0 0 1 1
50 4.20973 -0.00156947 -0.00344725 1 1
50 4.20973 0.000367263 -0.000421862 1 1
50 4.20973 1.13006e-19 3.18838e-20 1 1
50 4.20973 -0.00042896 -0.000942183 1 1
50 4.20973 0 0 1 1
50 4.20973 4.19734e-19 1.18575e-19 1 1
50 4.3354 -4.7412e-18 0 1 1
50 4.3354 0 0 1 1
50 4.3354 -0.00149447 -0.00338049 1 1
50 4.3354 0.000358452 -0.000393921 1 1
50 4.3354 1.06899e-19 2.92537e-20 1 1
50 4.3354 -0.000408459 -0.000923936 1 1
50 4.3354 0 0 1 1
50 4.3354 3.97135e-19 1.08654e-19 1 1
50 4.46106 -4.7412e-18 1.1853e-18 1 1
50 4.46106 -1.82798e-20 0 1 1
50 4.46106 -0.00142439 -0.00331537 1 1
50 4.46106 0.000349427 -0.000368218 1 1
50 4.46106 1.01263e-19 2.69035e-20 1 1
50 4.46106 -0.000389307 -0.000906138 1 1
50 4.46106 0 0 1 1
50 4.46106 3.76189e-19 9.99727e-20 1 1
50 4.58673 -4.7412e-18 0 1 1
50 4.58673 1.82798e-20 0 1 1
50 4.58673 -0.00135886 -0.00325192 1 1
50 4.58673 0.000340293 -0.000344554 1 1
50 4.58673 9.60544e-20 2.47972e-20 1 1
50 4.58673 -0.000371395 -0.000888797 1 1
50 4.58673 0 0 1 1
50 4.58673 3.56898e-19 9.21182e-20 1 1
50 4.71239 4.7412e-18 1.1853e-18 1 1
50 4.71239 0 0 1 1
50 4.71239 -0.0012975 -0.00319016 1 1
50 4.71239 0.000331136 -0.000322748 1 1
50 4.71239 9.12307e-20 2.29041e-20 1 1
50 4.71239 -0.000354625 -0.000871917 1 1
50 4.71239 0 -1.67204e-20 1 1
50 4.71239 3.38984e-19 8.51593e-20 1 1
50 4.83805 -4.7412e-18 1.1853e-18 1 1
50 4.83805 -1.82798e-20 0 1 1
50 4.83805 -0.00124 -0.00313008 1 1
50 4.83805 0.00032202 -0.000302635 1 1
50 4.83805 8.67557e-20 2.1198e-20 1 1
50 4.83805 -0.000338909 -0.000855495 1 1
50 4.83805 -6.68818e-20 0 1 1
50 4.83805 3.21897e-19 7.87517e-20 1 1
50 4.96372 0 -1.1853e-18 1 1
50 4.96372 0 0 1 1
50 4.96372 -0.00118605 -0.00307166 1 1
50 4.96372 0.000312999 -0.000284067 1 1
50 4.96372 8.25971e-20 1.96565e-20 1 1
50 4.96372 -0.000324165 -0.000839531 1 1
50 4.96372 0 0 1 1
50 4.96372 3.06739e-19 7.30331e-20 1 1
50 5.08938 0 -1.1853e-18 1 1
50 5.08938 0 0 1 1
50 5.08938 -0.00113539 -0.0030149 1 1
50 5.08938 0.000304115 -0.000266907 1 1
50 5.08938 7.87264e-20 1.82603e-20 1 1
50 5.08938 -0.000310318 -0.000824016 1 1
50 5.08938 0 0 1 1
50 5.08938 2.92684e-19 6.78657e-20 1 1
50 5.21504 0 0 1 1
50 5.21504 1.82798e-20 2.28497e-21 1 1
50 5.21504 -0.00108776 -0.00295975 1 1
50 5.21504 0.000295397 -0.000251034 1 1
50 5.21504 7.51179e-20 1.69928e-20 1 1
50 5.21504 -0.000297301 -0.000808944 1 1
50 5.21504 6.68818e-20 0 1 1
50 5.21504 2.78904e-19 6.31116e-20 1 1
50 5.34071 4.7412e-18 0 1 1
50 5.34071 1.82798e-20 0 1 1
50 5.34071 -0.00104295 -0.0029062 1 1
50 5.34071 0.000286872 -0.000236337 1 1
50 5.34071 7.17489e-20 1.58394e-20 1 1
50 5.34071 -0.000285053 -0.000794306 1 1
50 5.34071 0 0 1 1
50 5.34071 2.66364e-19 5.89088e-20 1 1
50 5.46637 -4.7412e-18 5.9265e-19 1 1
50 5.46637 1.82798e-20 2.28497e-21 1 1
50 5.46637 -0.00100074 -0.00285419 1 1
50 5.46637 0.000278555 -0.000222713 1 1
50 5.46637 6.85987e-20 1.47878e-20 1 1
50 5.46637 -0.000273516 -0.000780091 1 1
50 5.46637 3.34409e-20 8.36022e-21 1 1
50 5.46637 2.54789e-19 5.49471e-20 1 1
50 5.59203 0 -5.9265e-19 1 1
50 5.59203 0 -2.28497e-21 1 1
50 5.59203 -0.000960939 -0.00280369 1 1
50 5.59203 0.000270459 -0.000210073 1 1
50 5.59203 6.56492e-20 1.38269e-20 1 1
50 5.59203 -0.000262639 -0.000766289 1 1
50 5.59203 0 -8.36022e-21 1 1
50 5.59203 2.43903e-19 5.13988e-20 1 1
50 5.7177 2.3706e-18 0 1 1
50 5.7177 9.13988e-21 -2.28497e-21 1 1
50 5.7177 -0.000923384 -0.00275466 1 1
50 5.7177 0.000262593 -0.000198332 1 1
50 5.7177 6.28839e-20 1.29472e-20 1 1
50 5.7177 -0.000252374 -0.000752888 1 1
50 5.7177 0 -8.36022e-21 1 1
50 5.7177 2.33568e-19 4.81605e-20 1 1
50 5.84336 -2.3706e-18 5.9265e-19 1 1
50 5.84336 0 0 1 1
50 5.84336 -0.000887912 -0.00270705 1 1
50 5.84336 0.000254962 -0.000187418 1 1
50 5.84336 6.02878e-20 1.21403e-20 1 1
50 5.84336 -0.000242679 -0.000739877 1 1
50 5.84336 0 0 1 1
50 5.84336 2.23784e-19 4.51289e-20 1 1
50 5.96903 0 0 1 1
50 5.96903 0 -2.28497e-21 1 1
50 5.96903 -0.000854377 -0.00266083 1 1
50 5.96903 0.000247566 -0.00017726 1 1
50 5.96903 5.78477e-20 1.13989e-20 1 1
50 5.96903 -0.000233514 -0.000727243 1 1
50 5.96903 0 -8.36022e-21 1 1
50 5.96903 2.14965e-19 4.2373e-20 1 1
50 6.09469 0 0 1 1
50 6.09469 0 2.28497e-21 1 1
50 6.09469 -0.000822646 -0.00261595 1 1
50 6.09469 0.000240407 -0.000167798 1 1
50 6.09469 5.55514e-20 1.07165e-20 1 1
50 6.09469 -0.000224841 -0.000714976 1 1
50 6.09469 0 0 1 1
50 6.09469 2.06422e-19 3.97893e-20 1 1
50 6.22035 0 0 1 1
50 6.22035 -9.13988e-21 2.28497e-21 1 1
50 6.22035 -0.000792597 -0.00257236 1 1
50 6.22035 0.000233483 -0.000158974 1 1
50 6.22035 5.33878e-20 1.00874e-20 1 1
50 6.22035 -0.000216628 -0.000703063 1 1
50 6.22035 -3.34409e-20 8.36022e-21 1 1
50 6.22035 1.98292e-19 3.74811e-20 1 1
50 6.34602 2.3706e-18 5.9265e-19 1 1
50 6.34602 0 -2.28497e-21 1 1
50 6.34602 -0.000764115 -0.00253002 1 1
50 6.34602 0.00022679 -0.000150739 1 1
50 6.34602 5.13472e-20 9.5064e-21 1 1
50 6.34602 -0.000208844 -0.000691492 1 1
50 6.34602 0 -8.36022e-21 1 1
50 6.34602 1.90713e-19 3.53453e-20 1 1
50 6.47168 0 5.9265e-19 1 1
50 6.47168 0 2.28497e-21 1 1
50 6.47168 -0.000737099 -0.0024889 1 1
50 6.47168 0.000220324 -0.000143046 1 1
50 6.47168 4.94204e-20 8.96908e-21 1 1
50 6.47168 -0.00020146 -0.000680251 1 1
50 6.47168 0 0 1 1
50 6.47168 1.8341e-19 3.33127e-20 1 1
50 6.59734 -2.3706e-18 0 1 1
50 6.59734 -9.13988e-21 -1.14249e-21 1 1
50 6.59734 -0.000711451 -0.00244894 1 1
50 6.59734 0.00021408 -0.000135852 1 1
50 6.59734 4.75992e-20 8.47139e-21 1 1
50 6.59734 -0.00019445 -0.000669331 1 1
50 6.59734 -3.34409e-20 0 1 1
50 6.59734 1.77071e-19 3.14869e-20 1 1
50 6.72301 2.3706e-18 0 1 1
50 6.72301 -9.13988e-21 0 1 1
50 6.72301 -0.000687083 -0.00241011 1 1
50 6.72301 0.000208053 -0.000129119 1 1
50 6.72301 4.5876e-20 8.00977e-21 1 1
50 6.72301 -0.00018779 -0.000658719 1 1
50 6.72301 -3.34409e-20 0 1 1
50 6.72301 1.70456e-19 2.97644e-20 1 1
50 6.84867 0 -2.96325e-19 1 1
50 6.84867 0 -1.14249e-21 1 1
50 6.84867 -0.000663915 -0.00237237 1 1
50 6.84867 0.000202237 -0.000122812 1 1
50 6.84867 4.4244e-20 7.58102e-21 1 1
50 6.84867 -0.000181458 -0.000648404 1 1
50 6.84867 0 0 1 1
50 6.84867 1.64393e-19 2.81797e-20 1 1
50 6.97434 2.3706e-18 0 1 1
50 6.97434 0 0 1 1
50 6.97434 -0.000641871 -0.00233569 1 1
50 6.97434 0.000196625 -0.000116898 1 1
50 6.97434 4.2697e-20 7.18226e-21 1 1
50 6.97434 -0.000175433 -0.000638377 1 1
50 6.97434 0 0 1 1
50 6.97434 1.58881e-19 2.67156e-20 1 1
50 7.1 0 -2.96325e-19 1 1
50 7.1 0 2.28497e-21 1 1
50 7.1 -0.00062088 -0.00230001 1 1
50 7.1 0.000191212 -0.000111348 1 1
50 7.1 4.12292e-20 6.81092e-21 1 1
50 7.1 -0.000169696 -0.000628627 1 1
50 7.1 0 4.18011e-21 1 1
50 7.1 1.53094e-19 2.53204e-20 1 1
50 7.22566 -2.3706e-18 0 1 1
50 7.22566 0 1.14249e-21 1 1
50 7.22566 -0.000600879 -0.00226532 1 1
50 7.22566 0.000185989 -0.000106135 1 1
50 7.22566 3.98353e-20 6.46469e-21 1 1
50 7.22566 -0.000164229 -0.000619144 1 1
50 7.22566 0 0 1 1
50 7.22566 1.47995e-19 2.40286e-20 1 1
50 7.35133 0 0 1 1
50 7.35133 9.13988e-21 0 1 1
50 7.35133 -0.000581808 -0.00223157 1 1
50 7.35133 0.000180951 -0.000101236 1 1
50 7.35133 3.85104e-20 6.14149e-21 1 1
50 7.35133 -0.000159017 -0.000609919 1 1
50 7.35133 0 0 1 1
50 7.35133 1.4331e-19 2.28228e-20 1 1
50 7.47699 2.3706e-18 -2.96325e-19 1 1
50 7.47699 0 0 1 1
50 7.47699 -0.000563612 -0.00219872 1 1
50 7.47699 0.000176091 -9.66262e-05 1 1
50 7.47699 3.72502e-20 5.83944e-21 1 1
50 7.47699 -0.000154043 -0.000600944 1 1
50 7.47699 0 0 1 1
50 7.47699 1.38625e-19 2.16688e-20 1 1
50 7.60265 0 -2.96325e-19 1 1
50 7.60265 0 -1.14249e-21 1 1
50 7.60265 -0.000546238 -0.00216676 1 1
50 7.60265 0.000171403 -9.22863e-05 1 1
50 7.60265 3.60504e-20 5.55684e-21 1 1
50 7.60265 -0.000149295 -0.000592208 1 1
50 7.60265 0 -4.18011e-21 1 1
50 7.60265 1.3394e-19 2.06353e-20 1 1
50 7.72832 0 2.96325e-19 1 1
50 7.72832 0 1.14249e-21 1 1
50 7.72832 -0.00052964 -0.00213565 1 1
50 7.72832 0.00016688 -8.8197e-05 1 1
50 7.72832 3.49073e-20 5.29215e-21 1 1
50 7.72832 -0.000144758 -0.000583703 1 1
50 7.72832 0 4.18011e-21 1 1
50 7.72832 1.29737e-19 1.96535e-20 1 1
50 7.85398 -2.3706e-18 0 1 1
50 7.85398 -4.56994e-21 0 1 1
50 7.85398 -0.000513772 -0.00210535 1 1
50 7.85398 0.000162516 -8.43409e-05 1 1
50 7.85398 3.38175e-20 5.04398e-21 1 1
50 7.85398 -0.000140421 -0.000575422 1 1
50 7.85398 -1.67204e-20 0 1 1
50 7.85398 1.25534e-19 1.87406e-20 1 1
50 7.97965 0 -2.96325e-19 1 1
50 7.97965 4.56994e-21 0 1 1
50 7.97965 -0.000498593 -0.00207584 1 1
50 7.97965 0.000158305 -8.07019e-05 1 1
50 7.97965 3.27776e-20 4.81106e-21 1 1
50 7.97965 -0.000136273 -0.000567357 1 1
50 7.97965 0 0 1 1
50 7.97965 1.21745e-19 1.78793e-20 1 1
50 8.10531 1.1853e-18 0 1 1
50 8.10531 0 0 1 1
50 8.10531 -0.000484065 -0.00204709 1 1
50 8.10531 0.000154241 -7.72653e-05 1 1
50 8.10531 3.17848e-20 4.59223e-21 1 1
50 8.10531 -0.000132302 -0.0005595 1 1
50 8.10531 0 0 1 1
50 8.10531 1.18093e-19 1.70698e-20 1 1
50 8.23097 1.1853e-18 2.96325e-19 1 1
50 8.23097 0 0 1 1
50 8.23097 -0.000470152 -0.00201908 1 1
50 8.23097 0.000150317 -7.40176e-05 1 1
50 8.23097 3.08361e-20 4.38646e-21 1 1
50 8.23097 -0.000128499 -0.000551843 1 1
50 8.23097 0 0 1 1
50 8.23097 1.14579e-19 1.63033e-20 1 1
50 8.35664 -1.1853e-18 -2.96325e-19 1 1
50 8.35664 4.56994e-21 0 1 1
50 8.35664 -0.000456819 -0.00199177 1 1
50 8.35664 0.00014653 -7.09461e-05 1 1
50 8.35664 2.99291e-20 4.19279e-21 1 1
50 8.35664 -0.000124855 -0.000544381 1 1
50 8.35664 1.67204e-20 0 1 1
50 8.35664 1.11203e-19 1.55798e-20 1 1
50 8.4823 -1.1853e-18 1.48162e-19 1 1
50 8.4823 0 0 1 1
50 8.4823 -0.000444037 -0.00196515 1 1
50 8.4823 0.000142872 -6.80392e-05 1 1
50 8.4823 2.90613e-20 4.01033e-21 1 1
50 8.4823 -0.000121362 -0.000537105 1 1
50 8.4823 0 0 1 1
50 8.4823 1.07965e-19 1.48994e-20 1 1
50 8.60796 1.1853e-18 1.48162e-19 1 1
50 8.60796 -4.56994e-21 -1.14249e-21 1 1
50 8.60796 -0.000431775 -0.0019392 1 1
50 8.60796 0.00013934 -6.52864e-05 1 1
50 8.60796 2.82305e-20 3.83829e-21 1 1
50 8.60796 -0.00011801 -0.00053001 1 1
50 8.60796 -1.67204e-20 -2.09006e-21 1 1
50 8.60796 1.05002e-19 1.42621e-20 1 1
50 8.73363 0 -1.48162e-19 1 1
50 8.73363 9.13988e-21 -5.71243e-22 1 1
50 8.73363 -0.000420006 -0.00191388 1 1
50 8.73363 0.000135927 -6.26777e-05 1 1
50 8.73363 2.74347e-20 3.67594e-21 1 1
50 8.73363 -0.000114794 -0.00052309 1 1
50 8.73363 1.67204e-20 0 1 1
50 8.73363 1.0204e-19 1.36593e-20 1 1
50 8.85929 1.1853e-18 1.48162e-19 1 1
50 8.85929 0 -5.71243e-22 1 1
50 8.85929 -0.000408704 -0.00188917 1 1
50 8.85929 0.00013263 -6.02039e-05 1 1
50 8.85929 2.6672e-20 3.5226e-21 1 1
50 8.85929 -0.000111705 -0.000516339 1 1
50 8.85929 0 -2.09006e-21 1 1
50 8.85929 9.91459e-20 1.30822e-20 1 1
50 8.98495 0 0 1 1
50 8.98495 -4.56994e-21 5.71243e-22 1 1
50 8.98495 -0.000397846 -0.00186507 1 1
50 8.98495 0.000129443 -5.78567e-05 1 1
50 8.98495 2.59404e-20 3.37767e-21 1 1
50 8.98495 -0.000108737 -0.00050975 1 1
50 8.98495 -1.67204e-20 2.09006e-21 1 1
50 8.98495 9.63899e-20 1.25569e-20 1 1
50 9.11062 0 0 1 1
50 9.11062 0 0 1 1
50 9.11062 -0.000387408 -0.00184154 1 1
50 9.11062 0.000126362 -5.56281e-05 1 1
50 9.11062 2.52385e-20 3.24056e-21 1 1
50 9.11062 -0.000105884 -0.000503319 1 1
50 9.11062 0 0 1 1
50 9.11062 9.37717e-20 1.20401e-20 1 1
50 9.23628 0 1.48162e-19 1 1
50 9.23628 0 5.71243e-22 1 1
50 9.23628 -0.000377371 -0.00181857 1 1
50 9.23628 0.000123384 -5.35108e-05 1 1
50 9.23628 2.45645e-20 3.11077e-21 1 1
50 9.23628 -0.000103141 -0.000497041 1 1
50 9.23628 0 2.09006e-21 1 1
50 9.23628 9.12225e-20 1.15578e-20 1 1
50 9.36195 -1.1853e-18 1.48162e-19 1 1
50 9.36195 0 -5.71243e-22 1 1
50 9.36195 -0.000367713 -0.00179613 1 1
50 9.36195 0.000120503 -5.14981e-05 1 1
50 9.36195 2.39171e-20 2.98781e-21 1 1
50 9.36195 -0.000100501 -0.00049091 1 1
50 9.36195 0 -2.09006e-21 1 1
50 9.36195 8.88799e-20 1.11014e-20 1 1
50 9.48761 -1.1853e-18 1.48162e-19 1 1
50 9.48761 -4.56994e-21 0 1 1
50 9.48761 -0.000358416 -0.00177422 1 1
50 9.48761 0.000117716 -4.95837e-05 1 1
50 9.48761 2.32948e-20 2.87124e-21 1 1
50 9.48761 -9.79603e-05 -0.000484921 1 1
50 9.48761 -1.67204e-20 0 1 1
50 9.48761 8.65373e-20 1.06535e-20 1 1
50 9.61327 0 1.48162e-19 1 1
50 9.61327 4.56994e-21 5.71243e-22 1 1
50 9.61327 -0.000349463 -0.00175281 1 1
50 9.61327 0.000115019 -4.77618e-05 1 1
50 9.61327 2.26965e-20 2.76064e-21 1 1
50 9.61327 -9.55132e-05 -0.00047907 1 1
50 9.61327 1.67204e-20 2.09006e-21 1 1
50 9.61327 8.43326e-20 1.02574e-20 1 1
50 9.73894 -1.1853e-18 -1.48162e-19 1 1
50 9.73894 -9.13988e-21 5.71243e-22 1 1
50 9.73894 -0.000340837 -0.0017319 1 1
50 9.73894 0.000112409 -4.60269e-05 1 1
50 9.73894 2.21208e-20 2.65565e-21 1 1
50 9.73894 -9.31556e-05 -0.000473352 1 1
50 9.73894 -1.67204e-20 2.09006e-21 1 1
50 9.73894 8.21967e-20 9.86119e-21 1 1
50 9.8646 0 1.48162e-19 1 1
50 9.8646 0 0 1 1
50 9.8646 -0.000332522 -0.00171145 1 1
50 9.8646 0.000109883 -4.4374e-05 1 1
50 9.8646 2.15666e-20 2.55591e-21 1 1
50 9.8646 -9.08831e-05 -0.000467764 1 1
50 9.8646 0 0 1 1
50 9.8646 8.01297e-20 9.48224e-21 1 1
50 9.99026 -1.1853e-18 -1.48162e-19 1 1
50 9.99026 0 0 1 1
50 9.99026 -0.000324504 -0.00169146 1 1
50 9.99026 0.000107436 -4.27982e-05 1 1
50 9.99026 2.1033e-20 2.4611e-21 1 1
50 9.99026 -8.86918e-05 -0.0004623 1 1
50 9.99026 0 0 1 1
50 9.99026 7.81316e-20 9.14636e-21 1 1
50 10.1159 0 -1.48162e-19 1 1
50 10.1159 4.56994e-21 1.14249e-21 1 1
50 10.1159 -0.00031677 -0.00167191 1 1
50 10.1159 0.000105067 -4.12954e-05 1 1
50 10.1159 2.05188e-20 2.37091e-21 1 1
50 10.1159 -8.65778e-05 -0.000456958 1 1
50 10.1159 1.67204e-20 2.09006e-21 1 1
50 10.1159 7.61336e-20 8.81048e-21 1 1
50 10.2416 0 -1.48162e-19 1 1
50 10.2416 9.13988e-21 0 1 1
50 10.2416 -0.000309305 -0.0016528 1 1
50 10.2416 0.000102771 -3.98612e-05 1 1
50 10.2416 2.00232e-20 2.28507e-21 1 1
50 10.2416 -8.45377e-05 -0.000451733 1 1
50 10.2416 1.67204e-20 0 1 1
50 10.2416 7.44111e-20 8.48751e-21 1 1
50 10.3673 1.1853e-18 1.48162e-19 1 1
50 10.3673 0 5.71243e-22 1 1
50 10.3673 -0.000302099 -0.00163409 1 1
50 10.3673 0.000100546 -3.8492e-05 1 1
50 10.3673 1.95453e-20 2.20332e-21 1 1
50 10.3673 -8.2568e-05 -0.000446622 1 1
50 10.3673 0 2.09006e-21 1 1
50 10.3673 7.26197e-20 8.18608e-21 1 1
50 10.4929 1.1853e-18 1.48162e-19 1 1
50 10.4929 0 5.71243e-22 1 1
50 10.4929 -0.000295139 -0.00161579 1 1
50 10.4929 9.83896e-05 -3.7184e-05 1 1
50 10.4929 1.90843e-20 2.12542e-21 1 1
50 10.4929 -8.06657e-05 -0.00044162 1 1
50 10.4929 0 1.04503e-21 1 1
50 10.4929 7.09661e-20 7.89756e-21 1 1
50 10.6186 -1.1853e-18 7.40812e-20 1 1
50 10.6186 0 2.85621e-22 1 1
50 10.6186 -0.000288413 -0.00159789 1 1
50 10.6186 9.62989e-05 -3.5934e-05 1 1
50 10.6186 1.86393e-20 2.05115e-21 1 1
50 10.6186 -7.88276e-05 -0.000436726 1 1
50 10.6186 -1.67204e-20 1.04503e-21 1 1
50 10.6186 6.92436e-20 7.62197e-21 1 1
50 10.7442 1.1853e-18 -7.40812e-20 1 1
50 10.7442 0 2.85621e-22 1 1
50 10.7442 -0.000281913 -0.00158036 1 1
50 10.7442 9.42715e-05 -3.47388e-05 1 1
50 10.7442 1.82097e-20 1.9803e-21 1 1
50 10.7442 -7.7051e-05 -0.000431935 1 1
50 10.7442 0 0 1 1
50 10.7442 6.7659e-20 7.35498e-21 1 1
50 10.8699 0 -7.40812e-20 1 1
50 10.8699 0 0 1 1
50 10.8699 -0.000275628 -0.0015632 1 1
50 10.8699 9.23048e-05 -3.35955e-05 1 1
50 10.8699 1.77947e-20 1.91266e-21 1 1
50 10.8699 -7.53332e-05 -0.000427244 1 1
50 10.8699 0 0 1 1
50 10.8699 6.61087e-20 7.11384e-21 1 1
50 10.9956 -1.1853e-18 -7.40812e-20 1 1
50 10.9956 0 0 1 1
50 10.9956 -0.000269549 -0.00154639 1 1
50 10.9956 9.03967e-05 -3.25013e-05 1 1
50 10.9956 1.73937e-20 1.84807e-21 1 1
50 10.9956 -7.36716e-05 -0.000422651 1 1
50 10.9956 0 0 1 1
50 10.9956 6.46274e-20 6.86408e-21 1 1
50 11.1212 1.1853e-18 0 1 1
50 11.1212 0 0 1 1
50 11.1212 -0.000263666 -0.00152993 1 1
50 11.1212 8.85449e-05 -3.14536e-05 1 1
50 11.1212 1.7006e-20 1.78636e-21 1 1
50 11.1212 -7.20639e-05 -0.000418152 1 1
50 11.1212 0 1.04503e-21 1 1
50 11.1212 6.3215e-20 6.64015e-21 1 1
50 11.2469 0 -7.40812e-20 1 1
50 11.2469 0 0 1 1
50 11.2469 -0.000257973 -0.00151381 1 1
50 11.2469 8.67473e-05 -3.04501e-05 1 1
50 11.2469 1.66312e-20 1.72736e-21 1 1
50 11.2469 -7.05077e-05 -0.000413746 1 1
50 11.2469 0 0 1 1
50 11.2469 6.17336e-20 6.42485e-21 1 1
50 11.3726 -5.9265e-19 -7.40812e-20 1 1
50 11.3726 0 2.85621e-22 1 1
50 11.3726 -0.00025246 -0.00149801 1 1
50 11.3726 8.5002e-05 -2.94883e-05 1 1
50 11.3726 1.62685e-20 1.67092e-21 1 1
50 11.3726 -6.90009e-05 -0.000409428 1 1
50 11.3726 0 0 1 1
50 11.3726 6.04245e-20 6.20523e-21 1 1
50 11.4982 5.9265e-19 7.40812e-20 1 1
50 11.4982 0 0 1 1
50 11.4982 -0.00024712 -0.00148253 1 1
50 11.4982 8.3307e-05 -2.85663e-05 1 1
50 11.4982 1.59176e-20 1.61692e-21 1 1
50 11.4982 -6.75415e-05 -0.000405196 1 1
50 11.4982 0 0 1 1
50 11.4982 5.91155e-20 6.01145e-21 1 1
50 11.6239 0 7.40812e-20 1 1
50 11.6239 0 0 1 1
50 11.6239 -0.000241946 -0.00146735 1 1
50 11.6239 8.16606e-05 -2.7682e-05 1 1
50 11.6239 1.55779e-20 1.56522e-21 1 1
50 11.6239 -6.61275e-05 -0.000401049 1 1
50 11.6239 0 0 1 1
50 11.6239 5.78753e-20 5.80906e-21 1 1
50 11.7496 0 -7.40812e-20 1 1
50 11.7496 0 0 1 1
50 11.7496 -0.000236932 -0.00145248 1 1
50 11.7496 8.00608e-05 -2.68335e-05 1 1
50 11.7496 1.52489e-20 1.51569e-21 1 1
50 11.7496 -6.4757e-05 -0.000396983 1 1
50 11.7496 0 0 1 1
50 11.7496 5.66006e-20 5.6282e-21 1 1
50 11.8752 0 -7.40812e-20 1 1
50 11.8752 4.56994e-21 -2.85621e-22 1 1
50 11.8752 -0.000232071 -0.00143789 1 1
50 11.8752 7.85061e-05 -2.6019e-05 1 1
50 11.8752 1.49302e-20 1.46823e-21 1 1
50 11.8752 -6.34283e-05 -0.000392997 1 1
50 11.8752 8.36022e-21 -1.04503e-21 1 1
50 11.8752 5.55327e-20 5.45595e-21 1 1
50 12.0009 -5.9265e-19 0 1 1
50 12.0009 0 -2.85621e-22 1 1
50 12.0009 -0.000227356 -0.00142359 1 1
50 12.0009 7.69949e-05 -2.52369e-05 1 1
50 12.0009 1.46213e-20 1.42273e-21 1 1
50 12.0009 -6.21398e-05 -0.000389087 1 1
50 12.0009 0 -1.04503e-21 1 1
50 12.0009 5.4327e-20 5.2837e-21 1 1
50 12.1265 0 -7.40812e-20 1 1
50 12.1265 0 2.85621e-22 1 1
50 12.1265 -0.000222783 -0.00140956 1 1
50 12.1265 7.55255e-05 -2.44855e-05 1 1
50 12.1265 1.43219e-20 1.37909e-21 1 1
50 12.1265 -6.08898e-05 -0.000385253 1 1
50 12.1265 0 0 1 1
50 12.1265 5.31901e-20 5.12437e-21 1 1
50 12.2522 -5.9265e-19 7.40812e-20 1 1
50 12.2522 0 2.85621e-22 1 1
50 12.2522 -0.000218345 -0.0013958 1 1
50 12.2522 7.40966e-05 -2.37635e-05 1 1
50 12.2522 1.40316e-20 1.33722e-21 1 1
50 12.2522 -5.96769e-05 -0.000381491 1 1
50 12.2522 0 1.04503e-21 1 1
50 12.2522 5.21567e-20 4.96935e-21 1 1
50 12.3779 0 -7.40812e-20 1 1
50 12.3779 0 0 1 1
50 12.3779 -0.000214038 -0.00138229 1 1
50 12.3779 7.27067e-05 -2.30693e-05 1 1
50 12.3779 1.37501e-20 1.29702e-21 1 1
50 12.3779 -5.84996e-05 -0.000377801 1 1
50 12.3779 0 1.04503e-21 1 1
50 12.3779 5.10887e-20 4.81863e-21 1 1
50 12.5035 5.9265e-19 7.40812e-20 1 1
50 12.5035 0 2.85621e-22 1 1
50 12.5035 -0.000209855 -0.00136904 1 1
50 12.5035 7.13544e-05 -2.24017e-05 1 1
50 12.5035 1.34769e-20 1.25842e-21 1 1
50 12.5035 -5.73565e-05 -0.000374179 1 1
50 12.5035 0 1.04503e-21 1 1
50 12.5035 5.00552e-20 4.67653e-21 1 1
