50 0.0628319 -6.2054e-29 -1.21617e-29 1 1
50 0.0628319 -7.69179e-26 8.29681e-27 1 1
50 0.0628319 0.00499144 0.000163633 1 1
50 0.0628319 0.00649447 0.00042627 1 1
50 0.0628319 -1.49214e-27 1.60957e-28 1 1
50 0.0628319 0.00499144 0.000163633 1 1
50 0.0628319 -7.69168e-26 8.29665e-27 1 1
50 0.0628319 -1.08221e-27 1.16727e-28 1 1
50 0.188496 4.06363e-29 3.06872e-29 1 1
50 0.188496 -7.0437e-26 2.27932e-26 1 1
50 0.188496 0.00494894 0.000486718 1 1
50 0.188496 0.00632939 0.00125712 1 1
50 0.188496 -1.36647e-27 4.42165e-28 1 1
50 0.188496 0.00494894 0.000486718 1 1
50 0.188496 -7.04372e-26 2.27935e-26 1 1
50 0.188496 -9.9103e-28 3.20695e-28 1 1
50 0.314159 3.3316e-29 -4.09577e-30 1 1
50 0.314159 -6.02791e-26 3.25103e-26 1 1
50 0.314159 0.00486607 0.000797613 1 1
50 0.314159 0.00601294 0.00202562 1 1
50 0.314159 -1.16939e-27 6.30688e-28 1 1
50 0.314159 0.00486607 0.000797613 1 1
50 0.314159 -6.02789e-26 3.25103e-26 1 1
50 0.314159 -8.48111e-28 4.57411e-28 1 1
50 0.439823 -1.64038e-29 2.22305e-29 1 1
50 0.439823 -4.95586e-26 3.74198e-26 1 1
50 0.439823 0.00474684 0.0010893 1 1
50 0.439823 0.00557023 0.0026986 1 1
50 0.439823 -9.61406e-28 7.25922e-28 1 1
50 0.439823 0.00474684 0.0010893 1 1
50 0.439823 -4.95587e-26 3.74202e-26 1 1
50 0.439823 -6.97273e-28 5.26486e-28 1 1
50 0.565487 -9.0217e-31 2.10303e-29 1 1
50 0.565487 -4.00593e-26 3.88893e-26 1 1
50 0.565487 0.00459667 0.00135622 1 1
50 0.565487 0.00503374 0.00325357 1 1
50 0.565487 -7.77127e-28 7.54432e-28 1 1
50 0.565487 0.00459667 0.00135622 1 1
50 0.565487 -4.00593e-26 3.88887e-26 1 1
50 0.565487 -5.63624e-28 5.47162e-28 1 1
50 0.69115 -2.57404e-30 1.17871e-29 1 1
50 0.69115 -3.23164e-26 3.83442e-26 1 1
50 0.69115 0.0044218 0.00159454 1 1
50 0.69115 0.00443871 0.00367979 1 1
50 0.69115 -6.26919e-28 7.43859e-28 1 1
50 0.69115 0.0044218 0.00159454 1 1
50 0.69115 -3.23164e-26 3.83437e-26 1 1
50 0.69115 -4.54686e-28 5.39479e-28 1 1
50 0.816814 7.63312e-30 -3.40841e-30 1 1
50 0.816814 -2.62321e-26 3.67841e-26 1 1
50 0.816814 0.00422876 0.00180219 1 1
50 0.816814 0.00381889 0.00397743 1 1
50 0.816814 -5.08889e-28 7.13584e-28 1 1
50 0.816814 0.00422876 0.00180219 1 1
50 0.816814 -2.62321e-26 3.67842e-26 1 1
50 0.816814 -3.69079e-28 5.17535e-28 1 1
50 0.942478 3.09392e-30 -1.52418e-29 1 1
50 0.942478 -2.15078e-26 3.47994e-26 1 1
50 0.942478 0.00402382 0.00197867 1 1
50 0.942478 0.00320342 0.00415528 1 1
50 0.942478 -4.17238e-28 6.75086e-28 1 1
50 0.942478 0.00402382 0.00197867 1 1
50 0.942478 -2.15076e-26 3.47992e-26 1 1
50 0.942478 -3.02613e-28 4.89618e-28 1 1
50 1.06814 2.40125e-30 -1.7553e-30 1 1
50 1.06814 -1.78366e-26 3.27074e-26 1 1
50 1.06814 0.00381264 0.00212481 1 1
50 1.06814 0.00261511 0.00422799 1 1
50 1.06814 -3.4602e-28 6.34502e-28 1 1
50 1.06814 0.00381264 0.00212481 1 1
50 1.06814 -1.78367e-26 3.27074e-26 1 1
50 1.06814 -2.50957e-28 4.60181e-28 1 1
50 1.19381 7.61617e-30 -2.30104e-30 1 1
50 1.19381 -1.49633e-26 3.06665e-26 1 1
50 1.19381 0.00360009 0.00224239 1 1
50 1.19381 0.00206995 0.00421321 1 1
50 1.19381 -2.9028e-28 5.94914e-28 1 1
50 1.19381 0.00360009 0.00224239 1 1
50 1.19381 -1.49631e-26 3.06664e-26 1 1
50 1.19381 -2.10529e-28 4.3147e-28 1 1
50 1.31947 3.22265e-31 1.35781e-30 1 1
50 1.31947 -1.26916e-26 2.87488e-26 1 1
50 1.31947 0.0033901 0.00233386 1 1
50 1.31947 0.00157767 0.00412929 1 1
50 1.31947 -2.46208e-28 5.5771e-28 1 1
50 1.31947 0.0033901 0.00233386 1 1
50 1.31947 -1.26915e-26 2.87487e-26 1 1
50 1.31947 -1.78567e-28 4.04488e-28 1 1
50 1.44513 -7.89356e-30 -8.12178e-30 1 1
50 1.44513 -1.08754e-26 2.69809e-26 1 1
50 1.44513 0.00318569 0.00240201 1 1
50 1.44513 0.00114269 0.00399362 1 1
50 1.44513 -2.10977e-28 5.23413e-28 1 1
50 1.44513 0.00318569 0.00240201 1 1
50 1.44513 -1.08756e-26 2.69811e-26 1 1
50 1.44513 -1.53018e-28 3.79615e-28 1 1
50 1.5708 -1.39419e-30 -2.22987e-30 1 1
50 1.5708 -9.40688e-27 2.5367e-26 1 1
50 1.5708 0.00298908 0.00244975 1 1
50 1.5708 0.000765455 0.00382162 1 1
50 1.5708 -1.82486e-28 4.92107e-28 1 1
50 1.5708 0.00298908 0.00244975 1 1
50 1.5708 -9.40688e-27 2.5367e-26 1 1
50 1.5708 -1.32354e-28 3.56908e-28 1 1
50 1.69646 -3.63447e-30 -2.45718e-30 1 1
50 1.69646 -8.20642e-27 2.39002e-26 1 1
50 1.69646 0.00280175 0.00247992 1 1
50 1.69646 0.00044357 0.00362624 1 1
50 1.69646 -1.59199e-28 4.63649e-28 1 1
50 1.69646 0.00280175 0.00247992 1 1
50 1.69646 -8.20648e-27 2.39001e-26 1 1
50 1.69646 -1.15462e-28 3.36269e-28 1 1
50 1.82212 1.95369e-30 -4.16452e-30 1 1
50 1.82212 -7.21486e-27 2.25689e-26 1 1
50 1.82212 0.00262462 0.00249521 1 1
50 1.82212 0.000172886 0.00341792 1 1
50 1.82212 -1.39962e-28 4.37823e-28 1 1
50 1.82212 0.00262462 0.00249521 1 1
50 1.82212 -7.21482e-27 2.2569e-26 1 1
50 1.82212 -1.01513e-28 3.17538e-28 1 1
50 1.94779 1.03809e-30 -1.57454e-30 1 1
50 1.94779 -6.3879e-27 2.13601e-26 1 1
50 1.94779 0.00245811 0.00249808 1 1
50 1.94779 -5.16978e-05 0.00320476 1 1
50 1.94779 -1.23921e-28 4.14374e-28 1 1
50 1.94779 0.00245811 0.00249808 1 1
50 1.94779 -6.38788e-27 2.13601e-26 1 1
50 1.94779 -8.98761e-29 3.00532e-28 1 1
50 2.07345 -2.79501e-30 -1.41824e-30 1 1
50 2.07345 -5.692e-27 2.02611e-26 1 1
50 2.07345 0.00230231 0.0024907 1 1
50 2.07345 -0.000235627 0.00299276 1 1
50 2.07345 -1.10421e-28 3.93052e-28 1 1
50 2.07345 0.00230231 0.0024907 1 1
50 2.07345 -5.69205e-27 2.02611e-26 1 1
50 2.07345 -8.00868e-29 2.85068e-28 1 1
50 2.19911 -1.6945e-30 -1.95665e-30 1 1
50 2.19911 -5.1015e-27 1.92597e-26 1 1
50 2.19911 0.00215704 0.00247497 1 1
50 2.19911 -0.000384292 0.00278624 1 1
50 2.19911 -9.89651e-29 3.73627e-28 1 1
50 2.19911 0.00215704 0.00247497 1 1
50 2.19911 -5.1015e-27 1.92598e-26 1 1
50 2.19911 -7.17768e-29 2.70979e-28 1 1
50 2.32478 5.20916e-31 -1.38008e-30 1 1
50 2.32478 -4.59659e-27 1.83452e-26 1 1
50 2.32478 0.00202196 0.00245256 1 1
50 2.32478 -0.000502772 0.0025881 1 1
50 2.32478 -8.91708e-29 3.55884e-28 1 1
50 2.32478 0.00202196 0.00245256 1 1
50 2.32478 -4.59659e-27 1.83452e-26 1 1
50 2.32478 -6.46728e-29 2.58112e-28 1 1
50 2.45044 -2.66296e-30 -1.82956e-30 1 1
50 2.45044 -4.1618e-27 1.75077e-26 1 1
50 2.45044 0.0018966 0.00242484 1 1
50 2.45044 -0.000595692 0.00240019 1 1
50 2.45044 -8.07359e-29 3.3964e-28 1 1
50 2.45044 0.0018966 0.00242484 1 1
50 2.45044 -4.16179e-27 1.75077e-26 1 1
50 2.45044 -5.85555e-29 2.46329e-28 1 1
50 2.57611 6.13995e-31 -2.20284e-31 1 1
50 2.57611 -3.78495e-27 1.67389e-26 1 1
50 2.57611 0.0017804 0.00239301 1 1
50 2.57611 -0.000667167 0.00222356 1 1
50 2.57611 -7.34256e-29 3.24725e-28 1 1
50 2.57611 0.0017804 0.00239301 1 1
50 2.57611 -3.78492e-27 1.67389e-26 1 1
50 2.57611 -5.32541e-29 2.35512e-28 1 1
50 2.70177 9.13267e-31 6.81174e-33 1 1
50 2.70177 -3.45632e-27 1.60312e-26 1 1
50 2.70177 0.00167278 0.00235804 1 1
50 2.70177 -0.00072079 0.00205864 1 1
50 2.70177 -6.70498e-29 3.10996e-28 1 1
50 2.70177 0.00167278 0.00235804 1 1
50 2.70177 -3.4563e-27 1.60312e-26 1 1
50 2.70177 -4.86295e-29 2.25555e-28 1 1
50 2.82743 -1.54741e-30 -3.82867e-31 1 1
50 2.82743 -3.16815e-27 1.53781e-26 1 1
50 2.82743 0.00157317 0.00232077 1 1
50 2.82743 -0.000759654 0.00190544 1 1
50 2.82743 -6.146e-29 2.98326e-28 1 1
50 2.82743 0.00157317 0.00232077 1 1
50 2.82743 -3.16813e-27 1.53781e-26 1 1
50 2.82743 -4.4575e-29 2.16366e-28 1 1
50 2.9531 1.2934e-30 -7.74217e-31 1 1
50 2.9531 -2.91414e-27 1.47738e-26 1 1
50 2.9531 0.00148097 0.00228185 1 1
50 2.9531 -0.000786396 0.00176369 1 1
50 2.9531 -5.65321e-29 2.86603e-28 1 1
50 2.9531 0.00148097 0.00228185 1 1
50 2.9531 -2.91412e-27 1.47738e-26 1 1
50 2.9531 -4.10012e-29 2.07863e-28 1 1
50 3.07876 -1.83557e-30 -1.59453e-31 1 1
50 3.07876 -2.68916e-27 1.42134e-26 1 1
50 3.07876 0.00139562 0.00224185 1 1
50 3.07876 -0.000803242 0.00163291 1 1
50 3.07876 -5.21683e-29 2.75731e-28 1 1
50 3.07876 0.00139562 0.00224185 1 1
50 3.07876 -2.68916e-27 1.42134e-26 1 1
50 3.07876 -3.78367e-29 1.99978e-28 1 1
50 3.20442 -1.33962e-30 -8.38303e-32 1 1
50 3.20442 -2.489e-27 1.36924e-26 1 1
50 3.20442 0.00131658 0.00220121 1 1
50 3.20442 -0.000812061 0.0015125 1 1
50 3.20442 -4.8286e-29 2.65624e-28 1 1
50 3.20442 0.00131658 0.00220121 1 1
50 3.20442 -2.48894e-27 1.36924e-26 1 1
50 3.20442 -3.50195e-29 1.92648e-28 1 1
50 3.33009 7.34827e-32 -2.44956e-31 1 1
50 3.33009 -2.31016e-27 1.32069e-26 1 1
50 3.33009 0.00124335 0.00216029 1 1
50 3.33009 -0.000814412 0.00140182 1 1
50 3.33009 -4.48155e-29 2.56207e-28 1 1
50 3.33009 0.00124335 0.00216029 1 1
50 3.33009 -2.31013e-27 1.32069e-26 1 1
50 3.33009 -3.25034e-29 1.85818e-28 1 1
50 3.45575 -1.59634e-30 2.83077e-31 1 1
50 3.45575 -2.14976e-27 1.27537e-26 1 1
50 3.45575 0.00117545 0.00211939 1 1
50 3.45575 -0.000811591 0.00130018 1 1
50 3.45575 -4.17038e-29 2.47415e-28 1 1
50 3.45575 0.00117545 0.00211939 1 1
50 3.45575 -2.14979e-27 1.27537e-26 1 1
50 3.45575 -3.02475e-29 1.79442e-28 1 1
50 3.58142 1.23792e-30 4.37719e-31 1 1
50 3.58142 -2.00537e-27 1.23297e-26 1 1
50 3.58142 0.00111245 0.00207874 1 1
50 3.58142 -0.00080467 0.0012069 1 1
50 3.58142 -3.89023e-29 2.39189e-28 1 1
50 3.58142 0.00111245 0.00207874 1 1
50 3.58142 -2.0054e-27 1.23297e-26 1 1
50 3.58142 -2.8215e-29 1.73476e-28 1 1
50 3.70708 -2.8338e-32 -4.52726e-31 1 1
50 3.70708 -1.87494e-27 1.19323e-26 1 1
50 3.70708 0.00105395 0.00203852 1 1
50 3.70708 -0.000794533 0.0011213 1 1
50 3.70708 -3.63723e-29 2.31478e-28 1 1
50 3.70708 0.00105395 0.00203852 1 1
50 3.70708 -1.87496e-27 1.19322e-26 1 1
50 3.70708 -2.63803e-29 1.67883e-28 1 1
50 3.83274 9.88078e-31 3.001e-31 1 1
50 3.83274 -1.75674e-27 1.1559e-26 1 1
50 3.83274 0.000999569 0.00199888 1 1
50 3.83274 -0.000781907 0.00104277 1 1
50 3.83274 -3.40795e-29 2.24238e-28 1 1
50 3.83274 0.000999569 0.00199888 1 1
50 3.83274 -1.75672e-27 1.1559e-26 1 1
50 3.83274 -2.47168e-29 1.62632e-28 1 1
50 3.95841 -3.0506e-31 3.62285e-31 1 1
50 3.95841 -1.64929e-27 1.12079e-26 1 1
50 3.95841 0.000948973 0.00195992 1 1
50 3.95841 -0.000767387 0.000970691 1 1
50 3.95841 -3.19956e-29 2.17425e-28 1 1
50 3.95841 0.000948973 0.00195992 1 1
50 3.95841 -1.64929e-27 1.12079e-26 1 1
50 3.95841 -2.32051e-29 1.57692e-28 1 1
50 4.08407 -1.00266e-30 -4.79888e-31 1 1
50 4.08407 -1.55135e-27 1.0877e-26 1 1
50 4.08407 0.000901851 0.00192173 1 1
50 4.08407 -0.000751461 0.000904514 1 1
50 4.08407 -3.00951e-29 2.11007e-28 1 1
50 4.08407 0.000901851 0.00192173 1 1
50 4.08407 -1.55137e-27 1.0877e-26 1 1
50 4.08407 -2.18271e-29 1.53036e-28 1 1
50 4.20973 -9.14505e-31 1.83014e-31 1 1
50 4.20973 -1.46183e-27 1.05647e-26 1 1
50 4.20973 0.000857919 0.00188437 1 1
50 4.20973 -0.000734526 0.000843723 1 1
50 4.20973 -2.83587e-29 2.04948e-28 1 1
50 4.20973 0.000857919 0.00188437 1 1
50 4.20973 -1.46184e-27 1.05647e-26 1 1
50 4.20973 -2.0568e-29 1.48642e-28 1 1
50 4.3354 -3.56809e-31 1.1331e-31 1 1
50 4.3354 -1.3798e-27 1.02695e-26 1 1
50 4.3354 0.000816919 0.00184787 1 1
50 4.3354 -0.000716903 0.000787842 1 1
50 4.3354 -2.67674e-29 1.99222e-28 1 1
50 4.3354 0.000816919 0.00184787 1 1
50 4.3354 -1.37981e-27 1.02695e-26 1 1
50 4.3354 -1.94134e-29 1.44489e-28 1 1
50 4.46106 -5.07647e-31 -2.6223e-32 1 1
50 4.46106 -1.30444e-27 9.99003e-27 1 1
50 4.46106 0.000778614 0.00181228 1 1
50 4.46106 -0.000698853 0.000736436 1 1
50 4.46106 -2.53053e-29 1.938e-28 1 1
50 4.46106 0.000778614 0.00181228 1 1
50 4.46106 -1.30445e-27 9.99002e-27 1 1
50 4.46106 -1.83531e-29 1.40557e-28 1 1
50 4.58673 2.25243e-31 -2.19652e-31 1 1
50 4.58673 -1.23506e-27 9.72514e-27 1 1
50 4.58673 0.00074279 0.00177759 1 1
50 4.58673 -0.000680587 0.000689108 1 1
50 4.58673 -2.39595e-29 1.88662e-28 1 1
50 4.58673 0.00074279 0.00177759 1 1
50 4.58673 -1.23506e-27 9.72515e-27 1 1
50 4.58673 -1.7377e-29 1.3683e-28 1 1
50 4.71239 9.52729e-31 -1.42596e-31 1 1
50 4.71239 -1.17105e-27 9.47371e-27 1 1
50 4.71239 0.000709251 0.00174383 1 1
50 4.71239 -0.000662271 0.000645495 1 1
50 4.71239 -2.27175e-29 1.83784e-28 1 1
50 4.71239 0.000709251 0.00174383 1 1
50 4.71239 -1.17102e-27 9.47372e-27 1 1
50 4.71239 -1.64768e-29 1.33293e-28 1 1
50 4.83805 -6.88375e-31 -2.01025e-31 1 1
50 4.83805 -1.11186e-27 9.23477e-27 1 1
50 4.83805 0.000677818 0.00171099 1 1
50 4.83805 -0.00064404 0.00060527 1 1
50 4.83805 -2.15693e-29 1.79149e-28 1 1
50 4.83805 0.000677818 0.00171099 1 1
50 4.83805 -1.11187e-27 9.23476e-27 1 1
50 4.83805 -1.56441e-29 1.29931e-28 1 1
50 4.96372 9.2703e-31 2.62932e-31 1 1
50 4.96372 -1.05703e-27 9.00741e-27 1 1
50 4.96372 0.000648329 0.00167906 1 1
50 4.96372 -0.000625999 0.000568134 1 1
50 4.96372 -2.05061e-29 1.74738e-28 1 1
50 4.96372 0.000648329 0.00167906 1 1
50 4.96372 -1.05703e-27 9.00741e-27 1 1
50 4.96372 -1.48722e-29 1.26732e-28 1 1
50 5.08938 7.08388e-31 3.17905e-32 1 1
50 5.08938 -1.00615e-27 8.79083e-27 1 1
50 5.08938 0.000620636 0.00164803 1 1
50 5.08938 -0.000608229 0.000533815 1 1
50 5.08938 -1.95184e-29 1.70537e-28 1 1
50 5.08938 0.000620636 0.00164803 1 1
50 5.08938 -1.00616e-27 8.79083e-27 1 1
50 5.08938 -1.41567e-29 1.23685e-28 1 1
50 5.21504 6.8586e-31 1.81319e-31 1 1
50 5.21504 -9.58831e-28 8.58429e-27 1 1
50 5.21504 0.000594602 0.00161789 1 1
50 5.21504 -0.000590795 0.000502069 1 1
50 5.21504 -1.8601e-29 1.6653e-28 1 1
50 5.21504 0.000594602 0.00161789 1 1
50 5.21504 -9.58824e-28 8.58429e-27 1 1
50 5.21504 -1.34905e-29 1.20779e-28 1 1
50 5.34071 -2.74358e-31 -1.92642e-32 1 1
50 5.34071 -9.14765e-28 8.38711e-27 1 1
50 5.34071 0.000570105 0.00158861 1 1
50 5.34071 -0.000573743 0.000472673 1 1
50 5.34071 -1.7746e-29 1.62705e-28 1 1
50 5.34071 0.000570105 0.00158861 1 1
50 5.34071 -9.14762e-28 8.38711e-27 1 1
50 5.34071 -1.28705e-29 1.18004e-28 1 1
50 5.46637 4.17417e-31 -1.25821e-31 1 1
50 5.46637 -8.73657e-28 8.19868e-27 1 1
50 5.46637 0.000547031 0.00156018 1 1
50 5.46637 -0.00055711 0.000445426 1 1
50 5.46637 -1.69483e-29 1.5905e-28 1 1
50 5.46637 0.000547031 0.00156018 1 1
50 5.46637 -8.73661e-28 8.19869e-27 1 1
50 5.46637 -1.22921e-29 1.15353e-28 1 1
50 5.59203 -2.71728e-31 -5.56159e-32 1 1
50 5.59203 -8.3525e-28 8.01845e-27 1 1
50 5.59203 0.000525277 0.00153258 1 1
50 5.59203 -0.000540919 0.000420145 1 1
50 5.59203 -1.62031e-29 1.55553e-28 1 1
50 5.59203 0.000525277 0.00153258 1 1
50 5.59203 -8.3524e-28 8.01845e-27 1 1
50 5.59203 -1.17517e-29 1.12817e-28 1 1
50 5.7177 8.64869e-32 4.84804e-32 1 1
50 5.7177 -7.99312e-28 7.84588e-27 1 1
50 5.7177 0.000504749 0.00150578 1 1
50 5.7177 -0.000525187 0.000396665 1 1
50 5.7177 -1.5506e-29 1.52205e-28 1 1
50 5.7177 0.000504749 0.00150578 1 1
50 5.7177 -7.99321e-28 7.84587e-27 1 1
50 5.7177 -1.12461e-29 1.10389e-28 1 1
50 5.84336 -6.1045e-32 1.43474e-33 1 1
50 5.84336 -7.65637e-28 7.68051e-27 1 1
50 5.84336 0.000485358 0.00147975 1 1
50 5.84336 -0.000509923 0.000374835 1 1
50 5.84336 -1.48529e-29 1.48997e-28 1 1
50 5.84336 0.000485358 0.00147975 1 1
50 5.84336 -7.65632e-28 7.68051e-27 1 1
50 5.84336 -1.07723e-29 1.08063e-28 1 1
50 5.96903 4.42137e-31 7.03229e-32 1 1
50 5.96903 -7.3404e-28 7.52189e-27 1 1
50 5.96903 0.000467027 0.00145449 1 1
50 5.96903 -0.000495132 0.00035452 1 1
50 5.96903 -1.42401e-29 1.4592e-28 1 1
50 5.96903 0.000467027 0.00145449 1 1
50 5.96903 -7.34041e-28 7.5219e-27 1 1
50 5.96903 -1.03277e-29 1.05831e-28 1 1
50 6.09469 2.63748e-31 -1.12523e-31 1 1
50 6.09469 -7.04353e-28 7.36964e-27 1 1
50 6.09469 0.000449682 0.00142995 1 1
50 6.09469 -0.000480814 0.000335595 1 1
50 6.09469 -1.36643e-29 1.42967e-28 1 1
50 6.09469 0.000449682 0.00142995 1 1
50 6.09469 -7.04346e-28 7.36964e-27 1 1
50 6.09469 -9.91007e-30 1.03689e-28 1 1
50 6.22035 6.04909e-32 8.99806e-32 1 1
50 6.22035 -6.76427e-28 7.22337e-27 1 1
50 6.22035 0.000433256 0.00140613 1 1
50 6.22035 -0.000466965 0.000317949 1 1
50 6.22035 -1.31223e-29 1.40129e-28 1 1
50 6.22035 0.000433256 0.00140613 1 1
50 6.22035 -6.76422e-28 7.22338e-27 1 1
50 6.22035 -9.51715e-30 1.01631e-28 1 1
50 6.34602 4.65446e-31 -5.61133e-32 1 1
50 6.34602 -6.50125e-28 7.08275e-27 1 1
50 6.34602 0.000417688 0.00138298 1 1
50 6.34602 -0.000453579 0.000301479 1 1
50 6.34602 -1.2612e-29 1.37401e-28 1 1
50 6.34602 0.000417688 0.00138298 1 1
50 6.34602 -6.50114e-28 7.08275e-27 1 1
50 6.34602 -9.14731e-30 9.96525e-29 1 1
50 6.47168 5.66118e-32 1.12955e-31 1 1
50 6.47168 -6.25323e-28 6.94745e-27 1 1
50 6.47168 0.00040292 0.0013605 1 1
50 6.47168 -0.000440647 0.000286092 1 1
50 6.47168 -1.21311e-29 1.34776e-28 1 1
50 6.47168 0.00040292 0.0013605 1 1
50 6.47168 -6.25326e-28 6.94745e-27 1 1
50 6.47168 -8.79813e-30 9.77489e-29 1 1
50 6.59734 -2.22511e-31 5.82276e-32 1 1
50 6.59734 -6.01911e-28 6.81719e-27 1 1
50 6.59734 0.0003889 0.00133866 1 1
50 6.59734 -0.00042816 0.000271704 1 1
50 6.59734 -1.16765e-29 1.32249e-28 1 1
50 6.59734 0.0003889 0.00133866 1 1
50 6.59734 -6.0191e-28 6.81719e-27 1 1
50 6.59734 -8.46873e-30 9.59161e-29 1 1
50 6.72301 -2.02258e-31 3.76248e-32 1 1
50 6.72301 -5.79786e-28 6.69168e-27 1 1
50 6.72301 0.00037558 0.00131744 1 1
50 6.72301 -0.000416107 0.000258238 1 1
50 6.72301 -1.12475e-29 1.29815e-28 1 1
50 6.72301 0.00037558 0.00131744 1 1
50 6.72301 -5.79779e-28 6.69168e-27 1 1
50 6.72301 -8.15743e-30 9.41502e-29 1 1
50 6.84867 -4.03881e-31 2.24439e-32 1 1
50 6.84867 -5.58856e-28 6.57068e-27 1 1
50 6.84867 0.000362915 0.00129681 1 1
50 6.84867 -0.000404474 0.000245623 1 1
50 6.84867 -1.08413e-29 1.27467e-28 1 1
50 6.84867 0.000362915 0.00129681 1 1
50 6.84867 -5.58866e-28 6.57068e-27 1 1
50 6.84867 -7.86318e-30 9.24477e-29 1 1
50 6.97434 1.89261e-31 -2.4302e-32 1 1
50 6.97434 -5.39037e-28 6.45394e-27 1 1
50 6.97434 0.000350865 0.00127675 1 1
50 6.97434 -0.000393251 0.000233795 1 1
50 6.97434 -1.04569e-29 1.25203e-28 1 1
50 6.97434 0.000350865 0.00127675 1 1
50 6.97434 -5.39039e-28 6.45394e-27 1 1
50 6.97434 -7.58433e-30 9.08053e-29 1 1
50 7.1 -1.16399e-31 8.35509e-33 1 1
50 7.1 -5.20251e-28 6.34126e-27 1 1
50 7.1 0.000339391 0.00125725 1 1
50 7.1 -0.000382423 0.000222696 1 1
50 7.1 -1.00926e-29 1.23017e-28 1 1
50 7.1 0.000339391 0.00125725 1 1
50 7.1 -5.2025e-28 6.34126e-27 1 1
50 7.1 -7.32002e-30 8.92198e-29 1 1
50 7.22566 -2.78094e-31 7.77294e-33 1 1
50 7.22566 -5.02428e-28 6.23241e-27 1 1
50 7.22566 0.000328458 0.00123829 1 1
50 7.22566 -0.000371978 0.000212271 1 1
50 7.22566 -9.74683e-30 1.20905e-28 1 1
50 7.22566 0.000328458 0.00123829 1 1
50 7.22566 -5.0244e-28 6.23241e-27 1 1
50 7.22566 -7.06927e-30 8.76883e-29 1 1
50 7.35133 2.99036e-31 -5.01539e-32 1 1
50 7.35133 -4.85505e-28 6.12721e-27 1 1
50 7.35133 0.000318033 0.00121984 1 1
50 7.35133 -0.000361902 0.000202471 1 1
50 7.35133 -9.41848e-30 1.18864e-28 1 1
50 7.35133 0.000318033 0.00121984 1 1
50 7.35133 -4.85512e-28 6.12721e-27 1 1
50 7.35133 -6.83092e-30 8.62083e-29 1 1
50 7.47699 -3.49971e-31 -4.951e-32 1 1
50 7.47699 -4.6942e-28 6.02549e-27 1 1
50 7.47699 0.000308087 0.00120189 1 1
50 7.47699 -0.000352183 0.000193252 1 1
50 7.47699 -9.10636e-30 1.16891e-28 1 1
50 7.47699 0.000308087 0.00120189 1 1
50 7.47699 -4.69406e-28 6.02549e-27 1 1
50 7.47699 -6.60473e-30 8.47771e-29 1 1
50 7.60265 -2.4261e-31 5.54953e-32 1 1
50 7.60265 -4.5412e-28 5.92707e-27 1 1
50 7.60265 0.00029859 0.00118442 1 1
50 7.60265 -0.000342807 0.000184573 1 1
50 7.60265 -8.80958e-30 1.14981e-28 1 1
50 7.60265 0.00029859 0.00118442 1 1
50 7.60265 -4.54125e-28 5.92707e-27 1 1
50 7.60265 -6.38935e-30 8.33923e-29 1 1
50 7.72832 1.17742e-31 3.74107e-32 1 1
50 7.72832 -4.39555e-28 5.83179e-27 1 1
50 7.72832 0.000289516 0.00116741 1 1
50 7.72832 -0.000333761 0.000176394 1 1
50 7.72832 -8.52711e-30 1.13133e-28 1 1
50 7.72832 0.000289516 0.00116741 1 1
50 7.72832 -4.3955e-28 5.83179e-27 1 1
50 7.72832 -6.18442e-30 8.20517e-29 1 1
50 7.85398 -7.11313e-32 7.22346e-33 1 1
50 7.85398 -4.25678e-28 5.73951e-27 1 1
50 7.85398 0.000280843 0.00115084 1 1
50 7.85398 -0.000325033 0.000168682 1 1
50 7.85398 -8.25791e-30 1.11343e-28 1 1
50 7.85398 0.000280843 0.00115084 1 1
50 7.85398 -4.25679e-28 5.73951e-27 1 1
50 7.85398 -5.98917e-30 8.07534e-29 1 1
50 7.97965 -2.656e-31 -4.63611e-32 1 1
50 7.97965 -4.12447e-28 5.65009e-27 1 1
50 7.97965 0.000272545 0.00113471 1 1
50 7.97965 -0.00031661 0.000161404 1 1
50 7.97965 -8.00111e-30 1.09608e-28 1 1
50 7.97965 0.000272545 0.00113471 1 1
50 7.97965 -4.12444e-28 5.65009e-27 1 1
50 7.97965 -5.80301e-30 7.94952e-29 1 1
50 8.10531 -1.68506e-31 -3.88338e-32 1 1
50 8.10531 -3.99822e-28 5.5634e-27 1 1
50 8.10531 0.000264604 0.001119 1 1
50 8.10531 -0.000308482 0.000154531 1 1
50 8.10531 -7.75625e-30 1.07927e-28 1 1
50 8.10531 0.000264604 0.001119 1 1
50 8.10531 -3.99821e-28 5.5634e-27 1 1
50 8.10531 -5.6255e-30 7.82756e-29 1 1
50 8.23097 -2.4604e-31 2.84728e-32 1 1
50 8.23097 -3.87767e-28 5.47931e-27 1 1
50 8.23097 0.000256999 0.00110369 1 1
50 8.23097 -0.000300635 0.000148035 1 1
50 8.23097 -7.52245e-30 1.06295e-28 1 1
50 8.23097 0.000256999 0.00110369 1 1
50 8.23097 -3.87771e-28 5.47931e-27 1 1
50 8.23097 -5.4559e-30 7.70925e-29 1 1
50 8.35664 -9.08528e-32 2.55631e-32 1 1
50 8.35664 -3.76249e-28 5.39772e-27 1 1
50 8.35664 0.000249711 0.00108876 1 1
50 8.35664 -0.00029306 0.000141892 1 1
50 8.35664 -7.29898e-30 1.04713e-28 1 1
50 8.35664 0.000249711 0.00108876 1 1
50 8.35664 -3.76253e-28 5.39772e-27 1 1
50 8.35664 -5.29372e-30 7.59445e-29 1 1
50 8.4823 -2.12597e-32 -8.49208e-33 1 1
50 8.4823 -3.65235e-28 5.31851e-27 1 1
50 8.4823 0.000242723 0.00107421 1 1
50 8.4823 -0.000285744 0.000136078 1 1
50 8.4823 -7.08525e-30 1.03176e-28 1 1
50 8.4823 0.000242723 0.00107421 1 1
50 8.4823 -3.65241e-28 5.31851e-27 1 1
50 8.4823 -5.13876e-30 7.48301e-29 1 1
50 8.60796 1.28378e-32 3.12236e-32 1 1
50 8.60796 -3.54697e-28 5.24158e-27 1 1
50 8.60796 0.000236021 0.00106002 1 1
50 8.60796 -0.000278679 0.000130573 1 1
50 8.60796 -6.88095e-30 1.01684e-28 1 1
50 8.60796 0.000236021 0.00106002 1 1
50 8.60796 -3.54698e-28 5.24158e-27 1 1
50 8.60796 -4.9905e-30 7.37477e-29 1 1
50 8.73363 -9.45976e-32 1.31104e-32 1 1
50 8.73363 -3.44608e-28 5.16684e-27 1 1
50 8.73363 0.000229587 0.00104618 1 1
50 8.73363 -0.000271854 0.000125355 1 1
50 8.73363 -6.68522e-30 1.00234e-28 1 1
50 8.73363 0.000229587 0.00104618 1 1
50 8.73363 -3.44611e-28 5.16684e-27 1 1
50 8.73363 -4.84855e-30 7.2696e-29 1 1
50 8.85929 -5.36704e-32 1.05355e-32 1 1
50 8.85929 -3.34943e-28 5.09418e-27 1 1
50 8.85929 0.00022341 0.00103268 1 1
50 8.85929 -0.000265259 0.000120408 1 1
50 8.85929 -6.49774e-30 9.88241e-29 1 1
50 8.85929 0.00022341 0.00103268 1 1
50 8.85929 -3.34939e-28 5.09418e-27 1 1
50 8.85929 -4.71257e-30 7.16738e-29 1 1
50 8.98495 -2.44775e-31 4.62409e-33 1 1
50 8.98495 -3.25679e-28 5.02354e-27 1 1
50 8.98495 0.000217474 0.0010195 1 1
50 8.98495 -0.000258886 0.000115713 1 1
50 8.98495 -6.31793e-30 9.74536e-29 1 1
50 8.98495 0.000217474 0.0010195 1 1
50 8.98495 -3.25681e-28 5.02354e-27 1 1
50 8.98495 -4.58222e-30 7.06798e-29 1 1
50 9.11062 -9.08768e-32 -6.46963e-33 1 1
50 9.11062 -3.16793e-28 4.95481e-27 1 1
50 9.11062 0.000211769 0.00100664 1 1
50 9.11062 -0.000252724 0.000111256 1 1
50 9.11062 -6.14549e-30 9.61204e-29 1 1
50 9.11062 0.000211769 0.00100664 1 1
50 9.11062 -3.168e-28 4.95482e-27 1 1
50 9.11062 -4.45731e-30 6.97129e-29 1 1
50 9.23628 -2.03876e-31 -3.10275e-32 1 1
50 9.23628 -3.08265e-28 4.88794e-27 1 1
50 9.23628 0.000206282 0.000994082 1 1
50 9.23628 -0.000246767 0.000107022 1 1
50 9.23628 -5.98014e-30 9.48231e-29 1 1
50 9.23628 0.000206282 0.000994082 1 1
50 9.23628 -3.08265e-28 4.88794e-27 1 1
50 9.23628 -4.33733e-30 6.8772e-29 1 1
50 9.36195 -2.19772e-31 2.93548e-32 1 1
50 9.36195 -3.00077e-28 4.82284e-27 1 1
50 9.36195 0.000201002 0.000981819 1 1
50 9.36195 -0.000241005 0.000102996 1 1
50 9.36195 -5.82128e-30 9.35602e-29 1 1
50 9.36195 0.000201002 0.000981819 1 1
50 9.36195 -3.00081e-28 4.82284e-27 1 1
50 9.36195 -4.22212e-30 6.78561e-29 1 1
50 9.48761 1.31305e-31 2.29246e-32 1 1
50 9.48761 -2.9221e-28 4.75944e-27 1 1
50 9.48761 0.000195921 0.000969842 1 1
50 9.48761 -0.000235432 9.91675e-05 1 1
50 9.48761 -5.66861e-30 9.23303e-29 1 1
50 9.48761 0.000195921 0.000969842 1 1
50 9.48761 -2.92207e-28 4.75944e-27 1 1
50 9.48761 -4.11132e-30 6.69641e-29 1 1
50 9.61327 -4.5664e-32 9.68676e-34 1 1
50 9.61327 -2.84648e-28 4.69769e-27 1 1
50 9.61327 0.000191026 0.00095814 1 1
50 9.61327 -0.000230039 9.55236e-05 1 1
50 9.61327 -5.52199e-30 9.11323e-29 1 1
50 9.61327 0.000191026 0.00095814 1 1
50 9.61327 -2.8464e-28 4.69769e-27 1 1
50 9.61327 -4.00493e-30 6.60952e-29 1 1
50 9.73894 -1.08903e-31 -1.36629e-33 1 1
50 9.73894 -2.77376e-28 4.63751e-27 1 1
50 9.73894 0.000186311 0.000946705 1 1
50 9.73894 -0.000224819 9.20538e-05 1 1
50 9.73894 -5.38083e-30 8.99648e-29 1 1
50 9.73894 0.000186311 0.000946705 1 1
50 9.73894 -2.77373e-28 4.63751e-27 1 1
50 9.73894 -3.90272e-30 6.52485e-29 1 1
50 9.8646 -2.98417e-32 1.91452e-32 1 1
50 9.8646 -2.70379e-28 4.57884e-27 1 1
50 9.8646 0.000181766 0.000935528 1 1
50 9.8646 -0.000219766 8.87479e-05 1 1
50 9.8646 -5.24527e-30 8.88268e-29 1 1
50 9.8646 0.000181766 0.000935528 1 1
50 9.8646 -2.70382e-28 4.57884e-27 1 1
50 9.8646 -3.80404e-30 6.44231e-29 1 1
50 9.99026 1.51409e-31 1.91869e-32 1 1
50 9.99026 -2.63642e-28 4.52164e-27 1 1
50 9.99026 0.000177384 0.000924601 1 1
50 9.99026 -0.000214872 8.55965e-05 1 1
50 9.99026 -5.11458e-30 8.77171e-29 1 1
50 9.99026 0.000177384 0.000924601 1 1
50 9.99026 -2.63638e-28 4.52164e-27 1 1
50 9.99026 -3.70938e-30 6.36183e-29 1 1
50 10.1159 -2.07902e-31 3.00954e-32 1 1
50 10.1159 -2.57154e-28 4.46584e-27 1 1
50 10.1159 0.000173156 0.000913916 1 1
50 10.1159 -0.000210133 8.25907e-05 1 1
50 10.1159 -4.98876e-30 8.66347e-29 1 1
50 10.1159 0.000173156 0.000913916 1 1
50 10.1159 -2.57158e-28 4.46584e-27 1 1
50 10.1159 -3.61809e-30 6.28333e-29 1 1
50 10.2416 -1.92506e-31 1.05234e-32 1 1
50 10.2416 -2.50903e-28 4.4114e-27 1 1
50 10.2416 0.000169075 0.000903466 1 1
50 10.2416 -0.000205542 7.97224e-05 1 1
50 10.2416 -4.86737e-30 8.55786e-29 1 1
50 10.2416 0.000169075 0.000903466 1 1
50 10.2416 -2.509e-28 4.41141e-27 1 1
50 10.2416 -3.53002e-30 6.20673e-29 1 1
50 10.3673 -1.99322e-32 -3.04988e-32 1 1
50 10.3673 -2.44876e-28 4.35827e-27 1 1
50 10.3673 0.000165136 0.000893243 1 1
50 10.3673 -0.000201092 7.69839e-05 1 1
50 10.3673 -4.75039e-30 8.45478e-29 1 1
50 10.3673 0.000165136 0.000893243 1 1
50 10.3673 -2.44875e-28 4.35827e-27 1 1
50 10.3673 -3.44534e-30 6.13197e-29 1 1
50 10.4929 4.13917e-32 2.29441e-32 1 1
50 10.4929 -2.39064e-28 4.3064e-27 1 1
50 10.4929 0.000161331 0.000883241 1 1
50 10.4929 -0.000196779 7.4368e-05 1 1
50 10.4929 -4.6377e-30 8.35416e-29 1 1
50 10.4929 0.000161331 0.000883241 1 1
50 10.4929 -2.39063e-28 4.3064e-27 1 1
50 10.4929 -3.36357e-30 6.05899e-29 1 1
50 10.6186 2.14723e-31 1.2965e-32 1 1
50 10.6186 -2.33456e-28 4.25574e-27 1 1
50 10.6186 0.000157655 0.000873452 1 1
50 10.6186 -0.000192598 7.1868e-05 1 1
50 10.6186 -4.52899e-30 8.25589e-29 1 1
50 10.6186 0.000157655 0.000873452 1 1
50 10.6186 -2.33455e-28 4.25574e-27 1 1
50 10.6186 -3.28472e-30 5.98772e-29 1 1
50 10.7442 1.40256e-31 3.77732e-33 1 1
50 10.7442 -2.28043e-28 4.20626e-27 1 1
50 10.7442 0.000154102 0.00086387 1 1
50 10.7442 -0.000188543 6.94776e-05 1 1
50 10.7442 -4.42382e-30 8.15989e-29 1 1
50 10.7442 0.000154102 0.00086387 1 1
50 10.7442 -2.28041e-28 4.20626e-27 1 1
50 10.7442 -3.20856e-30 5.9181e-29 1 1
50 10.8699 -4.38361e-32 3.40712e-33 1 1
50 10.8699 -2.22816e-28 4.15792e-27 1 1
50 10.8699 0.000150666 0.000854488 1 1
50 10.8699 -0.00018461 6.7191e-05 1 1
50 10.8699 -4.32248e-30 8.0661e-29 1 1
50 10.8699 0.000150666 0.000854488 1 1
50 10.8699 -2.22815e-28 4.15792e-27 1 1
50 10.8699 -3.13496e-30 5.85008e-29 1 1
50 10.9956 -2.37633e-31 -1.08113e-32 1 1
50 10.9956 -2.17766e-28 4.11066e-27 1 1
50 10.9956 0.000147343 0.000845302 1 1
50 10.9956 -0.000180793 6.50026e-05 1 1
50 10.9956 -4.22447e-30 7.97444e-29 1 1
50 10.9956 0.000147343 0.000845302 1 1
50 10.9956 -2.17765e-28 4.11066e-27 1 1
50 10.9956 -3.06397e-30 5.7836e-29 1 1
50 11.1212 1.62103e-31 1.18136e-33 1 1
50 11.1212 -2.12886e-28 4.06447e-27 1 1
50 11.1212 0.000144128 0.000836305 1 1
50 11.1212 -0.00017709 6.29072e-05 1 1
50 11.1212 -4.12984e-30 7.88483e-29 1 1
50 11.1212 0.000144128 0.000836305 1 1
50 11.1212 -2.12882e-28 4.06447e-27 1 1
50 11.1212 -2.99525e-30 5.7186e-29 1 1
50 11.2469 1.08246e-31 2.70347e-34 1 1
50 11.2469 -2.08168e-28 4.0193e-27 1 1
50 11.2469 0.000141015 0.000827491 1 1
50 11.2469 -0.000173495 6.09001e-05 1 1
50 11.2469 -4.03831e-30 7.7972e-29 1 1
50 11.2469 0.000141015 0.000827491 1 1
50 11.2469 -2.08168e-28 4.0193e-27 1 1
50 11.2469 -2.92887e-30 5.65505e-29 1 1
50 11.3726 -1.29946e-31 -3.76121e-33 1 1
50 11.3726 -2.03605e-28 3.97512e-27 1 1
50 11.3726 0.000138002 0.000818855 1 1
50 11.3726 -0.000170004 5.89767e-05 1 1
50 11.3726 -3.94981e-30 7.7115e-29 1 1
50 11.3726 0.000138002 0.000818855 1 1
50 11.3726 -2.03606e-28 3.97512e-27 1 1
50 11.3726 -2.86472e-30 5.5929e-29 1 1
50 11.4982 -4.28317e-32 7.82784e-33 1 1
50 11.4982 -1.9919e-28 3.9319e-27 1 1
50 11.4982 0.000135083 0.000810393 1 1
50 11.4982 -0.000166614 5.71327e-05 1 1
50 11.4982 -3.86418e-30 7.62766e-29 1 1
50 11.4982 0.000135083 0.000810393 1 1
50 11.4982 -1.99189e-28 3.9319e-27 1 1
50 11.4982 -2.80255e-30 5.53209e-29 1 1
50 11.6239 4.34491e-32 -1.04934e-32 1 1
50 11.6239 -1.94917e-28 3.88961e-27 1 1
50 11.6239 0.000132255 0.000802098 1 1
50 11.6239 -0.000163321 5.5364e-05 1 1
50 11.6239 -3.78129e-30 7.54561e-29 1 1
50 11.6239 0.000132255 0.000802098 1 1
50 11.6239 -1.94916e-28 3.88961e-27 1 1
50 11.6239 -2.74249e-30 5.47258e-29 1 1
50 11.7496 4.67359e-32 -5.57158e-33 1 1
50 11.7496 -1.9078e-28 3.84822e-27 1 1
50 11.7496 0.000129514 0.000793967 1 1
50 11.7496 -0.000160122 5.3667e-05 1 1
50 11.7496 -3.70097e-30 7.46531e-29 1 1
50 11.7496 0.000129514 0.000793967 1 1
50 11.7496 -1.90782e-28 3.84822e-27 1 1
50 11.7496 -2.68423e-30 5.41434e-29 1 1
50 11.8752 1.30448e-31 8.47279e-34 1 1
50 11.8752 -1.86774e-28 3.80769e-27 1 1
50 11.8752 0.000126857 0.000785994 1 1
50 11.8752 -0.000157012 5.2038e-05 1 1
50 11.8752 -3.62331e-30 7.38669e-29 1 1
50 11.8752 0.000126857 0.000785994 1 1
50 11.8752 -1.86773e-28 3.80769e-27 1 1
50 11.8752 -2.62792e-30 5.35732e-29 1 1
50 12.0009 -1.03446e-31 8.35682e-33 1 1
50 12.0009 -1.82892e-28 3.76801e-27 1 1
50 12.0009 0.00012428 0.000778175 1 1
50 12.0009 -0.00015399 5.04738e-05 1 1
50 12.0009 -3.54801e-30 7.30971e-29 1 1
50 12.0009 0.00012428 0.000778175 1 1
50 12.0009 -1.82892e-28 3.76801e-27 1 1
50 12.0009 -2.57324e-30 5.30149e-29 1 1
50 12.1265 3.98566e-33 -3.28092e-34 1 1
50 12.1265 -1.7913e-28 3.72914e-27 1 1
50 12.1265 0.00012178 0.000770506 1 1
50 12.1265 -0.000151051 4.8971e-05 1 1
50 12.1265 -3.47499e-30 7.23431e-29 1 1
50 12.1265 0.00012178 0.000770506 1 1
50 12.1265 -1.79131e-28 3.72914e-27 1 1
50 12.1265 -2.52031e-30 5.2468e-29 1 1
50 12.2522 1.38769e-32 3.74882e-33 1 1
50 12.2522 -1.75482e-28 3.69107e-27 1 1
50 12.2522 0.000119354 0.000762983 1 1
50 12.2522 -0.000148193 4.75269e-05 1 1
50 12.2522 -3.40426e-30 7.16045e-29 1 1
50 12.2522 0.000119354 0.000762983 1 1
50 12.2522 -1.75481e-28 3.69107e-27 1 1
50 12.2522 -2.46899e-30 5.19324e-29 1 1
50 12.3779 7.7876e-33 -9.28074e-33 1 1
50 12.3779 -1.71945e-28 3.65376e-27 1 1
50 12.3779 0.000116999 0.000755601 1 1
50 12.3779 -0.000145413 4.61385e-05 1 1
50 12.3779 -3.33567e-30 7.08808e-29 1 1
50 12.3779 0.000116999 0.000755601 1 1
50 12.3779 -1.71941e-28 3.65376e-27 1 1
50 12.3779 -2.41922e-30 5.14075e-29 1 1
50 12.5035 4.98029e-32 2.87955e-33 1 1
50 12.5035 -1.68514e-28 3.6172e-27 1 1
50 12.5035 0.000114713 0.000748358 1 1
50 12.5035 -0.000142709 4.48033e-05 1 1
50 12.5035 -3.26908e-30 7.01715e-29 1 1
50 12.5035 0.000114713 0.000748358 1 1
50 12.5035 -1.68515e-28 3.6172e-27 1 1
50 12.5035 -2.371e-30 5.08931e-29 1 1
