50 0.0628319 3.72203e-13 -4.01773e-14 1 1
50 0.0628319 -0.0343556 -0.00112627 1 1
50 0.0628319 3.66148e-16 -3.94949e-17 1 1
50 0.0628319 4.90153e-15 -5.28325e-16 1 1
50 0.188496 3.40951e-13 -1.10359e-13 1 1
50 0.188496 -0.0340631 -0.00335003 1 1
50 0.188496 3.35298e-16 -1.08501e-16 1 1
50 0.188496 4.4916e-15 -1.45248e-15 1 1
50 0.314159 2.91685e-13 -1.57454e-13 1 1
50 0.314159 -0.0334927 -0.00548989 1 1
50 0.314159 2.86943e-16 -1.54757e-16 1 1
50 0.314159 3.84123e-15 -2.07322e-15 1 1
50 0.439823 2.40033e-13 -1.81218e-13 1 1
50 0.439823 -0.032672 -0.00749753 1 1
50 0.439823 2.35911e-16 -1.78127e-16 1 1
50 0.439823 3.15502e-15 -2.38454e-15 1 1
50 0.565487 1.93914e-13 -1.88272e-13 1 1
50 0.565487 -0.0316384 -0.00933472 1 1
50 0.565487 1.90692e-16 -1.85123e-16 1 1
50 0.565487 2.55275e-15 -2.47819e-15 1 1
50 0.69115 1.56369e-13 -1.85559e-13 1 1
50 0.69115 -0.0304349 -0.0109751 1 1
50 0.69115 1.53834e-16 -1.82528e-16 1 1
50 0.69115 2.05934e-15 -2.44345e-15 1 1
50 0.816814 1.26961e-13 -1.78071e-13 1 1
50 0.816814 -0.0291062 -0.0124043 1 1
50 0.816814 1.24871e-16 -1.75101e-16 1 1
50 0.816814 1.67162e-15 -2.34557e-15 1 1
50 0.942478 1.04119e-13 -1.68522e-13 1 1
50 0.942478 -0.0276956 -0.013619 1 1
50 0.942478 1.02383e-16 -1.65654e-16 1 1
50 0.942478 1.3698e-15 -2.21756e-15 1 1
50 1.06814 8.63771e-14 -1.58322e-13 1 1
50 1.06814 -0.0262421 -0.0146248 1 1
50 1.06814 8.49068e-17 -1.55695e-16 1 1
50 1.06814 1.13662e-15 -2.08425e-15 1 1
50 1.19381 7.24331e-14 -1.48447e-13 1 1
50 1.19381 -0.0247791 -0.0154342 1 1
50 1.19381 7.1229e-17 -1.4598e-16 1 1
50 1.19381 9.53523e-16 -1.9542e-15 1 1
50 1.31947 6.14732e-14 -1.39223e-13 1 1
50 1.31947 -0.0233337 -0.0160638 1 1
50 1.31947 6.04151e-17 -1.36851e-16 1 1
50 1.31947 8.08761e-16 -1.83199e-15 1 1
50 1.44513 5.26293e-14 -1.30542e-13 1 1
50 1.44513 -0.0219268 -0.0165328 1 1
50 1.44513 5.17696e-17 -1.28436e-16 1 1
50 1.44513 6.93026e-16 -1.71934e-15 1 1
50 1.5708 4.55216e-14 -1.22729e-13 1 1
50 1.5708 -0.0205736 -0.0168614 1 1
50 1.5708 4.47791e-17 -1.20753e-16 1 1
50 1.5708 5.99446e-16 -1.61649e-15 1 1
50 1.69646 3.97432e-14 -1.15676e-13 1 1
50 1.69646 -0.0192842 -0.0170691 1 1
50 1.69646 3.90646e-17 -1.13771e-16 1 1
50 1.69646 5.22947e-16 -1.52302e-15 1 1
50 1.82212 3.49415e-14 -1.09219e-13 1 1
50 1.82212 -0.018065 -0.0171743 1 1
50 1.82212 3.43446e-17 -1.07434e-16 1 1
50 1.82212 4.59761e-16 -1.43818e-15 1 1
50 1.94779 3.09265e-14 -1.03414e-13 1 1
50 1.94779 -0.0169189 -0.017194 1 1
50 1.94779 3.0408e-17 -1.0168e-16 1 1
50 1.94779 4.07064e-16 -1.36116e-15 1 1
50 2.07345 2.75354e-14 -9.80424e-14 1 1
50 2.07345 -0.0158466 -0.0171432 1 1
50 2.07345 2.70953e-17 -9.64478e-17 1 1
50 2.07345 3.62527e-16 -1.29112e-15 1 1
50 2.19911 2.46869e-14 -9.32677e-14 1 1
50 2.19911 -0.0148467 -0.017035 1 1
50 2.19911 2.42844e-17 -9.16811e-17 1 1
50 2.19911 3.25089e-16 -1.22731e-15 1 1
50 2.32478 2.22589e-14 -8.88187e-14 1 1
50 2.32478 -0.013917 -0.0168807 1 1
50 2.32478 2.18809e-17 -8.73276e-17 1 1
50 2.32478 2.92914e-16 -1.1698e-15 1 1
50 2.45044 2.01565e-14 -8.47494e-14 1 1
50 2.45044 -0.0130541 -0.0166899 1 1
50 2.45044 1.98112e-17 -8.33412e-17 1 1
50 2.45044 2.65207e-16 -1.11567e-15 1 1
50 2.57611 1.83253e-14 -8.10599e-14 1 1
50 2.57611 -0.0122543 -0.0164708 1 1
50 2.57611 1.80173e-17 -7.96814e-17 1 1
50 2.57611 2.41001e-16 -1.06667e-15 1 1
50 2.70177 1.67383e-14 -7.76417e-14 1 1
50 2.70177 -0.0115136 -0.0162302 1 1
50 2.70177 1.64529e-17 -7.63126e-17 1 1
50 2.70177 2.20251e-16 -1.02081e-15 1 1
50 2.82743 1.53276e-14 -7.44406e-14 1 1
50 2.82743 -0.010828 -0.0159736 1 1
50 2.82743 1.50812e-17 -7.32035e-17 1 1
50 2.82743 2.01888e-16 -9.79956e-16 1 1
50 2.9531 1.41068e-14 -7.15107e-14 1 1
50 2.9531 -0.0101934 -0.0157058 1 1
50 2.9531 1.3872e-17 -7.0327e-17 1 1
50 2.9531 1.85701e-16 -9.42214e-16 1 1
50 3.07876 1.30217e-14 -6.87978e-14 1 1
50 3.07876 -0.0096059 -0.0154304 1 1
50 3.07876 1.28011e-17 -6.76591e-17 1 1
50 3.07876 1.71364e-16 -9.065e-16 1 1
50 3.20442 1.2045e-14 -6.62478e-14 1 1
50 3.20442 -0.00906189 -0.0151507 1 1
50 3.20442 1.18482e-17 -6.5179e-17 1 1
50 3.20442 1.58609e-16 -8.72534e-16 1 1
50 3.33009 1.11837e-14 -6.3969e-14 1 1
50 3.33009 -0.00855784 -0.0148691 1 1
50 3.33009 1.0997e-17 -6.28683e-17 1 1
50 3.33009 1.47213e-16 -8.41601e-16 1 1
50 3.45575 1.04106e-14 -6.17444e-14 1 1
50 3.45575 -0.00809052 -0.0145876 1 1
50 3.45575 1.02334e-17 -6.07109e-17 1 1
50 3.45575 1.36992e-16 -8.12721e-16 1 1
50 3.58142 9.712e-15 -5.96827e-14 1 1
50 3.58142 -0.00765691 -0.0143078 1 1
50 3.58142 9.54606e-18 -5.86925e-17 1 1
50 3.58142 1.2779e-16 -7.85701e-16 1 1
50 3.70708 9.08126e-15 -5.77294e-14 1 1
50 3.70708 -0.00725423 -0.014031 1 1
50 3.70708 8.92516e-18 -5.68005e-17 1 1
50 3.70708 1.19479e-16 -7.60373e-16 1 1
50 3.83274 8.50478e-15 -5.59932e-14 1 1
50 3.83274 -0.00687994 -0.0137581 1 1
50 3.83274 8.3625e-18 -5.50237e-17 1 1
50 3.83274 1.12042e-16 -7.36587e-16 1 1
50 3.95841 7.98256e-15 -5.4257e-14 1 1
50 3.95841 -0.00653169 -0.0134899 1 1
50 3.95841 7.85105e-18 -5.33522e-17 1 1
50 3.95841 1.051e-16 -7.14211e-16 1 1
50 4.08407 7.51459e-15 -5.26564e-14 1 1
50 4.08407 -0.00620736 -0.0132271 1 1
50 4.08407 7.38482e-18 -5.17771e-17 1 1
50 4.08407 9.88586e-17 -6.93508e-16 1 1
50 4.20973 7.08054e-15 -5.11372e-14 1 1
50 4.20973 -0.00590498 -0.0129699 1 1
50 4.20973 6.95868e-18 -5.02905e-17 1 1
50 4.20973 9.32018e-17 -6.73607e-16 1 1
50 4.3354 6.677e-15 -4.97265e-14 1 1
50 4.3354 -0.00562278 -0.0127187 1 1
50 4.3354 6.56817e-18 -4.88852e-17 1 1
50 4.3354 8.79742e-17 -6.54796e-16 1 1
50 4.46106 6.31416e-15 -4.8343e-14 1 1
50 4.46106 -0.00535913 -0.0124737 1 1
50 4.46106 6.20946e-18 -4.7555e-17 1 1
50 4.46106 8.31244e-17 -6.36223e-16 1 1
50 4.58673 5.97844e-15 -4.70951e-14 1 1
50 4.58673 -0.00511255 -0.012235 1 1
50 4.58673 5.87921e-18 -4.62941e-17 1 1
50 4.58673 7.87512e-17 -6.19726e-16 1 1
50 4.71239 5.66646e-15 -4.58743e-14 1 1
50 4.71239 -0.00488171 -0.0120026 1 1
50 4.71239 5.57449e-18 -4.50972e-17 1 1
50 4.71239 7.46241e-17 -6.03704e-16 1 1
50 4.83805 5.38161e-15 -4.47077e-14 1 1
50 4.83805 -0.00466536 -0.0117766 1 1
50 4.83805 5.29275e-18 -4.39598e-17 1 1
50 4.83805 7.09004e-17 -5.88478e-16 1 1
50 4.96372 5.11711e-15 -4.36226e-14 1 1
50 4.96372 -0.00446239 -0.0115568 1 1
50 4.96372 5.03175e-18 -4.28775e-17 1 1
50 4.96372 6.73586e-17 -5.7399e-16 1 1
50 5.08938 4.87295e-15 -4.25375e-14 1 1
50 5.08938 -0.00427178 -0.0113432 1 1
50 5.08938 4.78951e-18 -4.18465e-17 1 1
50 5.08938 6.41158e-17 -5.60188e-16 1 1
50 5.21504 4.64236e-15 -4.15608e-14 1 1
50 5.21504 -0.00409259 -0.0111358 1 1
50 5.21504 4.56428e-18 -4.08634e-17 1 1
50 5.21504 6.11007e-17 -5.47027e-16 1 1
50 5.34071 4.42873e-15 -4.05842e-14 1 1
50 5.34071 -0.00392398 -0.0109343 1 1
50 5.34071 4.35451e-18 -3.99247e-17 1 1
50 5.34071 5.82448e-17 -5.34079e-16 1 1
50 5.46637 4.22865e-15 -3.9689e-14 1 1
50 5.46637 -0.00376516 -0.0107386 1 1
50 5.46637 4.15883e-18 -3.90278e-17 1 1
50 5.46637 5.56731e-17 -5.22837e-16 1 1
50 5.59203 4.04554e-15 -3.88209e-14 1 1
50 5.59203 -0.00361543 -0.0105486 1 1
50 5.59203 3.976e-18 -3.81698e-17 1 1
50 5.59203 5.32256e-17 -5.11351e-16 1 1
50 5.7177 3.8692e-15 -3.79799e-14 1 1
50 5.7177 -0.00347414 -0.0103641 1 1
50 5.7177 3.80492e-18 -3.73483e-17 1 1
50 5.7177 5.09355e-17 -5.00355e-16 1 1
50 5.84336 3.70643e-15 -3.7166e-14 1 1
50 5.84336 -0.00334068 -0.010185 1 1
50 5.84336 3.64462e-18 -3.65611e-17 1 1
50 5.84336 4.87896e-17 -4.89434e-16 1 1
50 5.96903 3.55383e-15 -3.64064e-14 1 1
50 5.96903 -0.00321451 -0.0100111 1 1
50 5.96903 3.49421e-18 -3.58061e-17 1 1
50 5.96903 4.67761e-17 -4.78944e-16 1 1
50 6.09469 3.40971e-15 -3.5674e-14 1 1
50 6.09469 -0.00309512 -0.00984222 1 1
50 6.09469 3.3529e-18 -3.50813e-17 1 1
50 6.09469 4.48843e-17 -4.69624e-16 1 1
50 6.22035 3.27407e-15 -3.49686e-14 1 1
50 6.22035 -0.00298206 -0.00967823 1 1
50 6.22035 3.21996e-18 -3.43851e-17 1 1
50 6.22035 4.31047e-17 -4.60303e-16 1 1
50 6.34602 3.1469e-15 -3.42904e-14 1 1
50 6.34602 -0.00287491 -0.00951894 1 1
50 6.34602 3.09476e-18 -3.37157e-17 1 1
50 6.34602 4.14287e-17 -4.51725e-16 1 1
50 6.47168 3.02822e-15 -3.36122e-14 1 1
50 6.47168 -0.00277326 -0.00936421 1 1
50 6.47168 2.97669e-18 -3.30716e-17 1 1
50 6.47168 3.98482e-17 -4.42338e-16 1 1
50 6.59734 2.91462e-15 -3.30154e-14 1 1
50 6.59734 -0.00267676 -0.00921388 1 1
50 6.59734 2.86525e-18 -3.24515e-17 1 1
50 6.59734 3.83563e-17 -4.34802e-16 1 1
50 6.72301 2.8078e-15 -3.23914e-14 1 1
50 6.72301 -0.00258508 -0.00906779 1 1
50 6.72301 2.75993e-18 -3.18541e-17 1 1
50 6.72301 3.69464e-17 -4.26422e-16 1 1
50 6.84867 2.70437e-15 -3.18217e-14 1 1
50 6.84867 -0.00249791 -0.00892581 1 1
50 6.84867 2.66029e-18 -3.12781e-17 1 1
50 6.84867 3.56126e-17 -4.18711e-16 1 1
50 6.97434 2.60942e-15 -3.12249e-14 1 1
50 6.97434 -0.00241497 -0.00878777 1 1
50 6.97434 2.56595e-18 -3.07224e-17 1 1
50 6.97434 3.43497e-17 -4.10889e-16 1 1
50 7.1 2.51956e-15 -3.06823e-14 1 1
50 7.1 -0.002336 -0.00865356 1 1
50 7.1 2.47652e-18 -3.0186e-17 1 1
50 7.1 3.31526e-17 -4.04091e-16 1 1
50 7.22566 2.43309e-15 -3.01669e-14 1 1
50 7.22566 -0.00226075 -0.00852302 1 1
50 7.22566 2.39168e-18 -2.96678e-17 1 1
50 7.22566 3.20168e-17 -3.97155e-16 1 1
50 7.35133 2.35001e-15 -2.96786e-14 1 1
50 7.35133 -0.00218899 -0.00839604 1 1
50 7.35133 2.31112e-18 -2.91671e-17 1 1
50 7.35133 3.09144e-17 -3.90834e-16 1 1
50 7.47699 2.27201e-15 -2.91631e-14 1 1
50 7.47699 -0.00212053 -0.00827248 1 1
50 7.47699 2.23456e-18 -2.86828e-17 1 1
50 7.47699 2.99134e-17 -3.84352e-16 1 1
50 7.60265 2.19741e-15 -2.86748e-14 1 1
50 7.60265 -0.00205516 -0.00815222 1 1
50 7.60265 2.16172e-18 -2.82143e-17 1 1
50 7.60265 2.89384e-17 -3.77697e-16 1 1
50 7.72832 2.12789e-15 -2.82136e-14 1 1
50 7.72832 -0.00199271 -0.00803515 1 1
50 7.72832 2.09239e-18 -2.77608e-17 1 1
50 7.72832 2.80102e-17 -3.71626e-16 1 1
50 7.85398 2.06177e-15 -2.77796e-14 1 1
50 7.85398 -0.00193301 -0.00792116 1 1
50 7.85398 2.02633e-18 -2.73215e-17 1 1
50 7.85398 2.71499e-17 -3.65937e-16 1 1
50 7.97965 1.99564e-15 -2.73591e-14 1 1
50 7.97965 -0.0018759 -0.00781013 1 1
50 7.97965 1.96335e-18 -2.68958e-17 1 1
50 7.97965 2.62828e-17 -3.59856e-16 1 1
50 8.10531 1.9346e-15 -2.69386e-14 1 1
50 8.10531 -0.00182124 -0.00770197 1 1
50 8.10531 1.90325e-18 -2.64832e-17 1 1
50 8.10531 2.54783e-17 -3.54523e-16 1 1
50 8.23097 1.87695e-15 -2.65317e-14 1 1
50 8.23097 -0.0017689 -0.00759657 1 1
50 8.23097 1.84587e-18 -2.60829e-17 1 1
50 8.23097 2.47101e-17 -3.49165e-16 1 1
50 8.35664 1.821e-15 -2.61383e-14 1 1
50 8.35664 -0.00171874 -0.00749384 1 1
50 8.35664 1.79104e-18 -2.56945e-17 1 1
50 8.35664 2.39761e-17 -3.43774e-16 1 1
50 8.4823 1.76844e-15 -2.57449e-14 1 1
50 8.4823 -0.00167064 -0.00739369 1 1
50 8.4823 1.73861e-18 -2.53174e-17 1 1
50 8.4823 2.32743e-17 -3.38918e-16 1 1
50 8.60796 1.71588e-15 -2.53651e-14 1 1
50 8.60796 -0.00162451 -0.00729602 1 1
50 8.60796 1.68845e-18 -2.49512e-17 1 1
50 8.60796 2.26028e-17 -3.33824e-16 1 1
50 8.73363 1.6684e-15 -2.50125e-14 1 1
50 8.73363 -0.00158023 -0.00720076 1 1
50 8.73363 1.64042e-18 -2.45954e-17 1 1
50 8.73363 2.19718e-17 -3.29252e-16 1 1
50 8.85929 1.62093e-15 -2.46598e-14 1 1
50 8.85929 -0.00153771 -0.00710782 1 1
50 8.85929 1.59441e-18 -2.42496e-17 1 1
50 8.85929 2.1344e-17 -3.24431e-16 1 1
50 8.98495 1.576e-15 -2.43207e-14 1 1
50 8.98495 -0.00149685 -0.00701713 1 1
50 8.98495 1.55031e-18 -2.39133e-17 1 1
50 8.98495 2.07656e-17 -3.20121e-16 1 1
50 9.11062 1.53361e-15 -2.39951e-14 1 1
50 9.11062 -0.00145758 -0.0069286 1 1
50 9.11062 1.50801e-18 -2.35862e-17 1 1
50 9.11062 2.01874e-17 -3.15741e-16 1 1
50 9.23628 1.49207e-15 -2.36696e-14 1 1
50 9.23628 -0.00141982 -0.00684217 1 1
50 9.23628 1.46742e-18 -2.32678e-17 1 1
50 9.23628 1.96439e-17 -3.1148e-16 1 1
50 9.36195 1.45307e-15 -2.33441e-14 1 1
50 9.36195 -0.00138348 -0.00675777 1 1
50 9.36195 1.42844e-18 -2.29579e-17 1 1
50 9.36195 1.91222e-17 -3.07331e-16 1 1
50 9.48761 1.41407e-15 -2.30321e-14 1 1
50 9.48761 -0.0013485 -0.00667533 1 1
50 9.48761 1.39099e-18 -2.26561e-17 1 1
50 9.48761 1.86208e-17 -3.03292e-16 1 1
50 9.61327 1.37847e-15 -2.27337e-14 1 1
50 9.61327 -0.00131482 -0.00659478 1 1
50 9.61327 1.355e-18 -2.23622e-17 1 1
50 9.61327 1.8127e-17 -2.99548e-16 1 1
50 9.73894 1.34286e-15 -2.24488e-14 1 1
50 9.73894 -0.00128236 -0.00651608 1 1
50 9.73894 1.32038e-18 -2.20757e-17 1 1
50 9.73894 1.76875e-17 -2.95713e-16 1 1
50 9.8646 1.30895e-15 -2.2164e-14 1 1
50 9.8646 -0.00125108 -0.00643915 1 1
50 9.8646 1.28707e-18 -2.17964e-17 1 1
50 9.8646 1.72296e-17 -2.91783e-16 1 1
50 9.99026 1.27673e-15 -2.18791e-14 1 1
50 9.99026 -0.00122091 -0.00636394 1 1
50 9.99026 1.255e-18 -2.15241e-17 1 1
50 9.99026 1.68004e-17 -2.88138e-16 1 1
50 10.1159 1.24537e-15 -2.16214e-14 1 1
50 10.1159 -0.00119181 -0.0062904 1 1
50 10.1159 1.22412e-18 -2.12585e-17 1 1
50 10.1159 1.63989e-17 -2.84582e-16 1 1
50 10.2416 1.214e-15 -2.13637e-14 1 1
50 10.2416 -0.00116373 -0.00621847 1 1
50 10.2416 1.19436e-18 -2.09994e-17 1 1
50 10.2416 1.59886e-17 -2.81113e-16 1 1
50 10.3673 1.18602e-15 -2.1106e-14 1 1
50 10.3673 -0.00113662 -0.00614811 1 1
50 10.3673 1.16567e-18 -2.07465e-17 1 1
50 10.3673 1.56045e-17 -2.77919e-16 1 1
50 10.4929 1.1572e-15 -2.08482e-14 1 1
50 10.4929 -0.00111043 -0.00607926 1 1
50 10.4929 1.138e-18 -2.04995e-17 1 1
50 10.4929 1.52341e-17 -2.74422e-16 1 1
50 10.6186 1.13007e-15 -2.06041e-14 1 1
50 10.6186 -0.00108513 -0.00601189 1 1
50 10.6186 1.11131e-18 -2.02584e-17 1 1
50 10.6186 1.48768e-17 -2.71385e-16 1 1
50 10.7442 1.10379e-15 -2.03599e-14 1 1
50 10.7442 -0.00106067 -0.00594593 1 1
50 10.7442 1.08554e-18 -2.00229e-17 1 1
50 10.7442 1.45318e-17 -2.68041e-16 1 1
50 10.8699 1.07921e-15 -2.01293e-14 1 1
50 10.8699 -0.00103702 -0.00588136 1 1
50 10.8699 1.06066e-18 -1.97927e-17 1 1
50 10.8699 1.41987e-17 -2.6496e-16 1 1
50 10.9956 1.05462e-15 -1.98987e-14 1 1
50 10.9956 -0.00101415 -0.00581814 1 1
50 10.9956 1.03662e-18 -1.95678e-17 1 1
50 10.9956 1.3877e-17 -2.61949e-16 1 1
50 11.1212 1.03003e-15 -1.96682e-14 1 1
50 11.1212 -0.000992018 -0.00575621 1 1
50 11.1212 1.01339e-18 -1.93479e-17 1 1
50 11.1212 1.35779e-17 -2.59005e-16 1 1
50 11.2469 1.00715e-15 -1.94647e-14 1 1
50 11.2469 -0.000970595 -0.00569554 1 1
50 11.2469 9.90931e-19 -1.91329e-17 1 1
50 11.2469 1.32653e-17 -2.55935e-16 1 1
50 11.3726 9.85103e-16 -1.92341e-14 1 1
50 11.3726 -0.000949853 -0.0056361 1 1
50 11.3726 9.6921e-19 -1.89226e-17 1 1
50 11.3726 1.29746e-17 -2.53311e-16 1 1
50 11.4982 9.64757e-16 -1.90306e-14 1 1
50 11.4982 -0.000929763 -0.00557786 1 1
50 11.4982 9.48195e-19 -1.87168e-17 1 1
50 11.4982 1.26932e-17 -2.50557e-16 1 1
50 11.6239 9.43563e-16 -1.88272e-14 1 1
50 11.6239 -0.000910298 -0.00552076 1 1
50 11.6239 9.27855e-19 -1.85155e-17 1 1
50 11.6239 1.2409e-17 -2.48054e-16 1 1
50 11.7496 9.24064e-16 -1.86373e-14 1 1
50 11.7496 -0.000891433 -0.0054648 1 1
50 11.7496 9.08163e-19 -1.83185e-17 1 1
50 11.7496 1.21573e-17 -2.45224e-16 1 1
50 11.8752 9.04565e-16 -1.84338e-14 1 1
50 11.8752 -0.000873143 -0.00540992 1 1
50 11.8752 8.8909e-19 -1.81256e-17 1 1
50 11.8752 1.1908e-17 -2.42642e-16 1 1
50 12.0009 8.85915e-16 -1.82303e-14 1 1
50 12.0009 -0.000855405 -0.0053561 1 1
50 12.0009 8.70611e-19 -1.79367e-17 1 1
50 12.0009 1.16546e-17 -2.39922e-16 1 1
50 12.1265 8.67264e-16 -1.8054e-14 1 1
50 12.1265 -0.000838198 -0.00530332 1 1
50 12.1265 8.52702e-19 -1.77516e-17 1 1
50 12.1265 1.14149e-17 -2.37636e-16 1 1
50 12.2522 8.49461e-16 -1.78777e-14 1 1
50 12.2522 -0.000821501 -0.00525154 1 1
50 12.2522 8.3534e-19 -1.75704e-17 1 1
50 12.2522 1.11825e-17 -2.3521e-16 1 1
50 12.3779 8.32082e-16 -1.76878e-14 1 1
50 12.3779 -0.000805294 -0.00520073 1 1
50 12.3779 8.18502e-19 -1.73928e-17 1 1
50 12.3779 1.09571e-17 -2.32833e-16 1 1
50 12.5035 8.15974e-16 -1.75114e-14 1 1
50 12.5035 -0.000789558 -0.00515088 1 1
50 12.5035 8.02168e-19 -1.72188e-17 1 1
50 12.5035 1.07384e-17 -2.30503e-16 1 1
