50 0.0628319 3.03437e-16 7.58592e-17 1 1
50 0.0628319 -1.16991e-18 2.92476e-19 1 1
50 0.0628319 -0.00249572 -8.18164e-05 1 1
50 0.0628319 -0.0118809 -0.000779816 1 1
50 0.0628319 -6.03614e-18 1.31752e-18 1 1
50 0.0628319 -0.00249572 -8.18164e-05 1 1
50 0.0628319 -1.06222e-18 3.62397e-19 1 1
50 0.0628319 -8.20572e-17 1.79107e-17 1 1
50 0.188496 0 -3.44968e-29 1 1
50 0.188496 9.62573e-27 5.84953e-19 1 1
50 0.188496 -0.00247447 -0.000243359 1 1
50 0.188496 -0.0115789 -0.00229977 1 1
50 0.188496 -4.58511e-18 3.31455e-18 1 1
50 0.188496 -0.00247447 -0.000243359 1 1
50 0.188496 -1.20508e-19 1.059e-18 1 1
50 0.188496 -6.23638e-17 4.5059e-17 1 1
50 0.314159 -3.44968e-29 1.51718e-16 1 1
50 0.314159 8.23757e-27 -4.44276e-27 1 1
50 0.314159 -0.00243303 -0.000398806 1 1
50 0.314159 -0.011 -0.00370566 1 1
50 0.314159 -2.65976e-18 4.0458e-18 1 1
50 0.314159 -0.00243303 -0.000398806 1 1
50 0.314159 3.55392e-19 -1.93859e-19 1 1
50 0.314159 -3.61577e-17 5.50322e-17 1 1
50 0.439823 0 1.51718e-16 1 1
50 0.439823 1.46238e-19 -5.84953e-19 1 1
50 0.439823 -0.00237342 -0.000544649 1 1
50 0.439823 -0.0101901 -0.00493681 1 1
50 0.439823 -1.08987e-18 3.82858e-18 1 1
50 0.439823 -0.00237342 -0.000544649 1 1
50 0.439823 1.91512e-19 -6.84354e-19 1 1
50 0.439823 -1.48242e-17 5.20469e-17 1 1
50 0.565487 -4.7412e-18 -1.51718e-16 1 1
50 0.565487 -1.82798e-20 -5.31451e-27 1 1
50 0.565487 -0.00229833 -0.000678109 1 1
50 0.565487 -0.00920869 -0.00595207 1 1
50 0.565487 -9.53519e-20 3.21626e-18 1 1
50 0.565487 -0.00229833 -0.000678109 1 1
50 0.565487 -4.2974e-21 -1.03957e-19 1 1
50 0.565487 -1.29624e-18 4.37229e-17 1 1
50 0.69115 -1.89648e-17 1.51718e-16 1 1
50 0.69115 4.41628e-27 -5.24002e-27 1 1
50 0.69115 -0.0022109 -0.000797271 1 1
50 0.69115 -0.00812015 -0.00673179 1 1
50 0.69115 4.39667e-19 2.55824e-18 1 1
50 0.69115 -0.0022109 -0.000797271 1 1
50 0.69115 1.7134e-20 -9.38847e-20 1 1
50 0.69115 5.97698e-18 3.47775e-17 1 1
50 0.816814 0 -7.58592e-17 1 1
50 0.816814 -1.46238e-19 -5.02682e-27 1 1
50 0.816814 -0.00211438 -0.000901095 1 1
50 0.816814 -0.00698626 -0.00727628 1 1
50 0.816814 6.86396e-19 1.9921e-18 1 1
50 0.816814 -0.00211438 -0.000901095 1 1
50 0.816814 -1.68521e-19 -6.62034e-20 1 1
50 0.816814 9.33916e-18 2.70812e-17 1 1
50 0.942478 3.79296e-17 -7.58592e-17 1 1
50 0.942478 2.9392e-27 -2.92476e-19 1 1
50 0.942478 -0.00201191 -0.000989335 1 1
50 0.942478 -0.00586032 -0.00760164 1 1
50 0.942478 7.72552e-19 1.5452e-18 1 1
50 0.942478 -0.00201191 -0.000989335 1 1
50 0.942478 -3.39867e-20 -1.4887e-19 1 1
50 0.942478 1.05023e-17 2.1006e-17 1 1
50 1.06814 3.79296e-17 -7.58592e-17 1 1
50 1.06814 1.46238e-19 2.92476e-19 1 1
50 1.06814 -0.00190632 -0.0010624 1 1
50 1.06814 -0.00478406 -0.00773466 1 1
50 1.06814 7.75872e-19 1.20442e-18 1 1
50 1.06814 -0.00190632 -0.0010624 1 1
50 1.06814 1.43799e-19 3.31488e-19 1 1
50 1.06814 1.05475e-17 1.63732e-17 1 1
50 1.19381 -3.79296e-17 3.79296e-17 1 1
50 1.19381 1.46238e-19 -4.1908e-27 1 1
50 1.19381 -0.00180005 -0.00112119 1 1
50 1.19381 -0.00378676 -0.00770762 1 1
50 1.19381 7.39648e-19 9.47346e-19 1 1
50 1.19381 -0.00180005 -0.00112119 1 1
50 1.19381 1.28186e-19 -4.14481e-20 1 1
50 1.19381 1.0055e-17 1.28705e-17 1 1
50 1.31947 -3.79296e-17 -3.79296e-17 1 1
50 1.31947 1.7344e-27 -1.46238e-19 1 1
50 1.31947 -0.00169505 -0.00116693 1 1
50 1.31947 -0.00288617 -0.0075541 1 1
50 1.31947 6.86879e-19 7.53274e-19 1 1
50 1.31947 -0.00169505 -0.00116693 1 1
50 1.31947 -1.72144e-20 -2.18514e-19 1 1
50 1.31947 9.33766e-18 1.02322e-17 1 1
50 1.44513 -8.62419e-30 3.79296e-17 1 1
50 1.44513 1.4862e-27 -3.68714e-27 1 1
50 1.44513 -0.00159285 -0.00120101 1 1
50 1.44513 -0.00209043 -0.00730591 1 1
50 1.44513 6.29363e-19 6.05787e-19 1 1
50 1.44513 -0.00159285 -0.00120101 1 1
50 1.44513 -6.27668e-20 4.40169e-20 1 1
50 1.44513 8.56383e-18 8.23526e-18 1 1
50 1.5708 -3.79296e-17 0 1 1
50 1.5708 1.46238e-19 -7.31191e-20 1 1
50 1.5708 -0.00149454 -0.00122487 1 1
50 1.5708 -0.00140032 -0.00699124 1 1
50 1.5708 5.72899e-19 4.92644e-19 1 1
50 1.5708 -0.00149454 -0.00122487 1 1
50 1.5708 1.04564e-19 -1.16864e-19 1 1
50 1.5708 7.78818e-18 6.69313e-18 1 1
50 1.69646 1.89648e-17 -1.89648e-17 1 1
50 1.69646 7.31191e-20 -3.26614e-27 1 1
50 1.69646 -0.00140088 -0.00123996 1 1
50 1.69646 -0.000811465 -0.00663381 1 1
50 1.69646 5.20127e-19 4.04923e-19 1 1
50 1.69646 -0.00140088 -0.00123996 1 1
50 1.69646 9.82586e-20 2.49823e-20 1 1
50 1.69646 7.07077e-18 5.50466e-18 1 1
50 1.82212 -1.89648e-17 4.3121e-30 1 1
50 1.82212 9.85964e-28 -7.31191e-20 1 1
50 1.82212 -0.00131231 -0.00124761 1 1
50 1.82212 -0.000316276 -0.00625273 1 1
50 1.82212 4.72051e-19 3.36167e-19 1 1
50 1.82212 -0.00131231 -0.00124761 1 1
50 1.82212 -7.09027e-21 -1.2352e-19 1 1
50 1.82212 6.41721e-18 4.56997e-18 1 1
50 1.94779 1.89648e-17 -1.89648e-17 1 1
50 1.94779 8.72954e-28 7.31191e-20 1 1
50 1.94779 -0.00122905 -0.00124904 1 1
50 1.94779 9.45756e-05 -0.00586277 1 1
50 1.94779 4.28851e-19 2.81695e-19 1 1
50 1.94779 -0.00122905 -0.00124904 1 1
50 1.94779 -3.65713e-20 7.61728e-20 1 1
50 1.94779 5.82994e-18 3.82946e-18 1 1
50 2.07345 1.89648e-17 0 1 1
50 2.07345 7.77853e-28 -2.76882e-27 1 1
50 2.07345 -0.00115115 -0.00124535 1 1
50 2.07345 0.000431055 -0.00547494 1 1
50 2.07345 3.90309e-19 2.38092e-19 1 1
50 2.07345 -0.00115115 -0.00124535 1 1
50 2.07345 -2.45737e-20 1.9561e-20 1 1
50 2.07345 5.30599e-18 3.2367e-18 1 1
50 2.19911 0 9.4824e-18 1 1
50 2.19911 6.97157e-28 -2.63198e-27 1 1
50 2.19911 -0.00107852 -0.00123749 1 1
50 2.19911 0.000703022 -0.00509712 1 1
50 2.19911 3.56037e-19 2.02845e-19 1 1
50 2.19911 -0.00107852 -0.00123749 1 1
50 2.19911 1.72301e-20 -4.80562e-21 1 1
50 2.19911 4.84008e-18 2.75553e-18 1 1
50 2.32478 1.89648e-17 0 1 1
50 2.32478 6.28158e-28 -2.507e-27 1 1
50 2.32478 -0.00101098 -0.00122628 1 1
50 2.32478 0.000919768 -0.00473465 1 1
50 2.32478 3.2559e-19 1.7409e-19 1 1
50 2.32478 -0.00101098 -0.00122628 1 1
50 2.32478 -1.51088e-20 -1.99887e-20 1 1
50 2.32478 4.42618e-18 2.36866e-18 1 1
50 2.45044 1.89648e-17 -9.4824e-18 1 1
50 2.45044 5.68741e-28 -2.39256e-27 1 1
50 2.45044 -0.000948298 -0.00121242 1 1
50 2.45044 0.00108976 -0.0043909 1 1
50 2.45044 2.98529e-19 1.50428e-19 1 1
50 2.45044 -0.000948298 -0.00121242 1 1
50 2.45044 -6.43572e-20 1.49542e-20 1 1
50 2.45044 4.06233e-18 2.04497e-18 1 1
50 2.57611 1.89648e-17 -4.7412e-18 1 1
50 2.57611 -3.65595e-20 1.82798e-20 1 1
50 2.57611 -0.000890198 -0.0011965 1 1
50 2.57611 0.00122051 -0.00406777 1 1
50 2.57611 2.74441e-19 1.30799e-19 1 1
50 2.57611 -0.000890198 -0.0011965 1 1
50 2.57611 -5.99899e-20 1.22586e-20 1 1
50 2.57611 3.73085e-18 1.77812e-18 1 1
50 2.70177 -9.4824e-18 0 1 1
50 2.70177 -3.65595e-20 -2.19078e-27 1 1
50 2.70177 -0.000836392 -0.00117902 1 1
50 2.70177 0.00131861 -0.00376606 1 1
50 2.70177 2.52958e-19 1.14393e-19 1 1
50 2.70177 -0.000836392 -0.00117902 1 1
50 2.70177 -3.2277e-20 -1.52261e-20 1 1
50 2.70177 3.4388e-18 1.55509e-18 1 1
50 2.82743 0 -4.7412e-18 1 1
50 2.82743 -3.65595e-20 -2.10153e-27 1 1
50 2.82743 -0.000786584 -0.00116038 1 1
50 2.82743 0.00138971 -0.0034858 1 1
50 2.82743 2.33753e-19 1.00583e-19 1 1
50 2.82743 -0.000786584 -0.00116038 1 1
50 2.82743 -2.59233e-20 4.27928e-21 1 1
50 2.82743 3.17973e-18 1.36736e-18 1 1
50 2.9531 9.4824e-18 1.07802e-30 1 1
50 2.9531 -3.65595e-20 -2.01895e-27 1 1
50 2.9531 -0.000740484 -0.00114093 1 1
50 2.9531 0.00143863 -0.00322648 1 1
50 2.9531 2.16539e-19 8.88833e-20 1 1
50 2.9531 -0.000740484 -0.00114093 1 1
50 2.9531 -3.24961e-20 -9.42626e-21 1 1
50 2.9531 2.94572e-18 1.2073e-18 1 1
50 3.07876 9.4824e-18 -4.7412e-18 1 1
50 3.07876 3.67493e-28 -1.94236e-27 1 1
50 3.07876 -0.000697809 -0.00112092 1 1
50 3.07876 0.00146945 -0.00298723 1 1
50 3.07876 2.01071e-19 7.89098e-20 1 1
50 3.07876 -0.000697809 -0.00112092 1 1
50 3.07876 -3.57533e-21 -1.38824e-20 1 1
50 3.07876 2.73141e-18 1.07272e-18 1 1
50 3.20442 -9.4824e-18 -4.7412e-18 1 1
50 3.20442 3.40139e-28 1.82798e-20 1 1
50 3.20442 -0.000658289 -0.0011006 1 1
50 3.20442 0.00148558 -0.00276696 1 1
50 3.20442 1.87133e-19 7.0359e-20 1 1
50 3.20442 -0.000658289 -0.0011006 1 1
50 3.20442 9.87207e-22 1.95821e-20 1 1
50 3.20442 2.54193e-18 9.56483e-19 1 1
50 3.33009 -9.4824e-18 -2.3706e-18 1 1
50 3.33009 3.15701e-28 9.13988e-21 1 1
50 3.33009 -0.000621674 -0.00108015 1 1
50 3.33009 0.00148988 -0.00256449 1 1
50 3.33009 1.74541e-19 6.29887e-20 1 1
50 3.33009 -0.000621674 -0.00108015 1 1
50 3.33009 -7.66527e-21 6.38639e-21 1 1
50 3.33009 2.37478e-18 8.56288e-19 1 1
50 3.45575 -9.4824e-18 5.39012e-31 1 1
50 3.45575 2.93781e-28 -1.74289e-27 1 1
50 3.45575 -0.000587726 -0.0010597 1 1
50 3.45575 0.00148472 -0.00237854 1 1
50 3.45575 1.63134e-19 5.66037e-20 1 1
50 3.45575 -0.000587726 -0.0010597 1 1
50 3.45575 1.95973e-21 6.8626e-21 1 1
50 3.45575 2.21971e-18 7.6949e-19 1 1
50 3.58142 -9.4824e-18 -2.3706e-18 1 1
50 3.58142 -3.65595e-20 -1.68495e-27 1 1
50 3.58142 -0.000556226 -0.00103937 1 1
50 3.58142 0.00147206 -0.00220789 1 1
50 3.58142 1.52774e-19 5.10463e-20 1 1
50 3.58142 -0.000556226 -0.00103937 1 1
50 3.58142 -5.91513e-20 -7.0304e-21 1 1
50 3.58142 2.07485e-18 6.93941e-19 1 1
50 3.70708 -9.4824e-18 2.3706e-18 1 1
50 3.70708 -3.65595e-20 -1.63063e-27 1 1
50 3.70708 -0.000526975 -0.00101926 1 1
50 3.70708 0.00145351 -0.00205131 1 1
50 3.70708 1.43342e-19 4.61877e-20 1 1
50 3.70708 -0.000526975 -0.00101926 1 1
50 3.70708 -5.13947e-20 1.93212e-21 1 1
50 3.70708 1.94965e-18 6.27387e-19 1 1
50 3.83274 9.4824e-18 -5.39012e-31 1 1
50 3.83274 1.82798e-20 9.13988e-21 1 1
50 3.83274 -0.000499785 -0.000999439 1 1
50 3.83274 0.00143042 -0.00190763 1 1
50 3.83274 1.34734e-19 4.19222e-20 1 1
50 3.83274 -0.000499785 -0.000999439 1 1
50 3.83274 2.25823e-20 1.04761e-20 1 1
50 3.83274 1.83162e-18 5.69904e-19 1 1
50 3.95841 -4.7412e-18 -2.3706e-18 1 1
50 3.95841 2.25388e-28 -9.13989e-21 1 1
50 3.95841 -0.000474487 -0.00097996 1 1
50 3.95841 0.00140385 -0.00177578 1 1
50 3.95841 1.2686e-19 3.81626e-20 1 1
50 3.95841 -0.000474487 -0.00097996 1 1
50 3.95841 2.92595e-21 -3.41743e-21 1 1
50 3.95841 1.72357e-18 5.18795e-19 1 1
50 4.08407 0 0 1 1
50 4.08407 2.12004e-28 -1.48642e-27 1 1
50 4.08407 -0.000450926 -0.000960865 1 1
50 4.08407 0.00137472 -0.00165471 1 1
50 4.08407 1.1964e-19 3.48366e-20 1 1
50 4.08407 -0.000450926 -0.000960865 1 1
50 4.08407 2.98788e-21 2.07528e-21 1 1
50 4.08407 1.62643e-18 4.73832e-19 1 1
50 4.20973 1.07802e-30 1.1853e-18 1 1
50 4.20973 1.9977e-28 -1.44374e-27 1 1
50 4.20973 -0.00042896 -0.000942183 1 1
50 4.20973 0.00134374 -0.0015435 1 1
50 4.20973 1.13006e-19 3.18838e-20 1 1
50 4.20973 -0.00042896 -0.000942183 1 1
50 4.20973 4.04936e-21 1.20438e-22 1 1
50 4.20973 1.53726e-18 4.33439e-19 1 1
50 4.3354 -4.7412e-18 0 1 1
50 4.3354 1.88559e-28 -1.4034e-27 1 1
50 4.3354 -0.000408459 -0.000923936 1 1
50 4.3354 0.0013115 -0.00144127 1 1
50 4.3354 1.06899e-19 2.92537e-20 1 1
50 4.3354 -0.000408459 -0.000923936 1 1
50 4.3354 2.50657e-21 2.27633e-21 1 1
50 4.3354 1.45321e-18 3.97936e-19 1 1
50 4.46106 -4.7412e-18 1.1853e-18 1 1
50 4.46106 1.78261e-28 -1.36521e-27 1 1
50 4.46106 -0.000389307 -0.000906138 1 1
50 4.46106 0.00127848 -0.00134723 1 1
50 4.46106 1.01263e-19 2.69035e-20 1 1
50 4.46106 -0.000389307 -0.000906138 1 1
50 4.46106 1.403e-20 -1.21524e-21 1 1
50 4.46106 1.37661e-18 3.65735e-19 1 1
50 4.58673 -4.7412e-18 -2.69506e-31 1 1
50 4.58673 1.6878e-28 -1.32901e-27 1 1
50 4.58673 -0.000371395 -0.000888797 1 1
50 4.58673 0.00124506 -0.00126065 1 1
50 4.58673 9.60544e-20 2.47972e-20 1 1
50 4.58673 -0.000371395 -0.000888797 1 1
50 4.58673 -1.11215e-20 2.07971e-21 1 1
50 4.58673 1.3058e-18 3.37101e-19 1 1
50 4.71239 4.7412e-18 1.1853e-18 1 1
50 4.71239 1.60032e-28 -4.56994e-21 1 1
50 4.71239 -0.000354625 -0.000871917 1 1
50 4.71239 0.00121155 -0.00118086 1 1
50 4.71239 9.12307e-20 2.29041e-20 1 1
50 4.71239 -0.000354625 -0.000871917 1 1
50 4.71239 3.45201e-21 -7.27236e-21 1 1
50 4.71239 1.24022e-18 3.11618e-19 1 1
50 4.83805 -4.7412e-18 1.1853e-18 1 1
50 4.83805 -1.82798e-20 -1.262e-27 1 1
50 4.83805 -0.000338909 -0.000855495 1 1
50 4.83805 0.0011782 -0.00110728 1 1
50 4.83805 8.67557e-20 2.1198e-20 1 1
50 4.83805 -0.000338909 -0.000855495 1 1
50 4.83805 -2.17879e-20 1.11101e-21 1 1
50 4.83805 1.17938e-18 2.88172e-19 1 1
50 4.96372 0 -1.1853e-18 1 1
50 4.96372 1.44451e-28 -1.23093e-27 1 1
50 4.96372 -0.000324165 -0.000839531 1 1
50 4.96372 0.0011452 -0.00103934 1 1
50 4.96372 8.25971e-20 1.96565e-20 1 1
50 4.96372 -0.000324165 -0.000839531 1 1
50 4.96372 1.63314e-22 5.936e-22 1 1
50 4.96372 1.12386e-18 2.67217e-19 1 1
50 5.08938 1.07802e-30 -1.1853e-18 1 1
50 5.08938 1.37497e-28 -1.20133e-27 1 1
50 5.08938 -0.000310318 -0.000824016 1 1
50 5.08938 0.00111269 -0.000976558 1 1
50 5.08938 7.87264e-20 1.82603e-20 1 1
50 5.08938 -0.000310318 -0.000824016 1 1
50 5.08938 6.62146e-21 7.84134e-22 1 1
50 5.08938 1.06922e-18 2.48111e-19 1 1
50 5.21504 1.07802e-30 -2.69506e-31 1 1
50 5.21504 1.82798e-20 -1.17311e-27 1 1
50 5.21504 -0.000297301 -0.000808944 1 1
50 5.21504 0.0010808 -0.000918482 1 1
50 5.21504 7.51179e-20 1.69928e-20 1 1
50 5.21504 -0.000297301 -0.000808944 1 1
50 5.21504 1.82574e-20 -1.70357e-21 1 1
50 5.21504 1.02219e-18 2.31131e-19 1 1
50 5.34071 4.7412e-18 0 1 1
50 5.34071 1.25009e-28 -1.14616e-27 1 1
50 5.34071 -0.000285053 -0.000794306 1 1
50 5.34071 0.0010496 -0.000864705 1 1
50 5.34071 7.17489e-20 1.58394e-20 1 1
50 5.34071 -0.000285053 -0.000794306 1 1
50 5.34071 -1.10111e-20 -8.57401e-23 1 1
50 5.34071 9.75377e-19 2.15326e-19 1 1
50 5.46637 -4.7412e-18 5.9265e-19 1 1
50 5.46637 9.13988e-21 2.28497e-21 1 1
50 5.46637 -0.000273516 -0.000780091 1 1
50 5.46637 0.00101917 -0.00081486 1 1
50 5.46637 6.85987e-20 1.47878e-20 1 1
50 5.46637 -0.000273516 -0.000780091 1 1
50 5.46637 3.78563e-21 1.72936e-21 1 1
50 5.46637 9.33058e-19 2.0103e-19 1 1
50 5.59203 0 -5.9265e-19 1 1
50 5.59203 1.14143e-28 -2.28497e-21 1 1
50 5.59203 -0.000262639 -0.000766289 1 1
50 5.59203 0.000989553 -0.000768611 1 1
50 5.59203 6.56492e-20 1.38269e-20 1 1
50 5.59203 -0.000262639 -0.000766289 1 1
50 5.59203 1.69366e-21 -2.5424e-21 1 1
50 5.59203 8.92457e-19 1.87841e-19 1 1
50 5.7177 2.3706e-18 0 1 1
50 5.7177 1.09232e-28 -2.28497e-21 1 1
50 5.7177 -0.000252374 -0.000752888 1 1
50 5.7177 0.000960773 -0.000725656 1 1
50 5.7177 6.28839e-20 1.29472e-20 1 1
50 5.7177 -0.000252374 -0.000752888 1 1
50 5.7177 -7.17456e-21 -2.27356e-21 1 1
50 5.7177 8.55368e-19 1.76008e-19 1 1
50 5.84336 -2.3706e-18 5.9265e-19 1 1
50 5.84336 1.0463e-28 -1.0496e-27 1 1
50 5.84336 -0.000242679 -0.000739877 1 1
50 5.84336 0.00093285 -0.000685721 1 1
50 5.84336 6.02878e-20 1.21403e-20 1 1
50 5.84336 -0.000242679 -0.000739877 1 1
50 5.84336 1.49617e-21 9.86107e-22 1 1
50 5.84336 8.19573e-19 1.64913e-19 1 1
50 5.96903 5.39012e-31 -1.34753e-31 1 1
50 5.96903 1.00312e-28 -2.28497e-21 1 1
50 5.96903 -0.000233514 -0.000727243 1 1
50 5.96903 0.000905792 -0.000648556 1 1
50 5.96903 5.78477e-20 1.13989e-20 1 1
50 5.96903 -0.000233514 -0.000727243 1 1
50 5.96903 5.08033e-22 -1.64391e-21 1 1
50 5.96903 7.86401e-19 1.54835e-19 1 1
50 6.09469 0 0 1 1
50 6.09469 9.6255e-29 -1.00712e-27 1 1
50 6.09469 -0.000224841 -0.000714976 1 1
50 6.09469 0.000879598 -0.000613936 1 1
50 6.09469 5.55514e-20 1.07165e-20 1 1
50 6.09469 -0.000224841 -0.000714976 1 1
50 6.09469 1.05458e-21 -1.25831e-21 1 1
50 6.09469 7.55183e-19 1.45558e-19 1 1
50 6.22035 0 1.34753e-31 1 1
50 6.22035 -9.13988e-21 2.28497e-21 1 1
50 6.22035 -0.000216628 -0.000703063 1 1
50 6.22035 0.000854263 -0.000581654 1 1
50 6.22035 5.33878e-20 1.00874e-20 1 1
50 6.22035 -0.000216628 -0.000703063 1 1
50 6.22035 -1.25487e-20 3.425e-21 1 1
50 6.22035 7.26276e-19 1.37131e-19 1 1
50 6.34602 2.3706e-18 5.9265e-19 1 1
50 6.34602 8.88443e-29 -2.28497e-21 1 1
50 6.34602 -0.000208844 -0.000691492 1 1
50 6.34602 0.000829775 -0.000551524 1 1
50 6.34602 5.13472e-20 9.5064e-21 1 1
50 6.34602 -0.000208844 -0.000691492 1 1
50 6.34602 -1.7223e-21 -1.28793e-21 1 1
50 6.34602 6.98535e-19 1.29107e-19 1 1
50 6.47168 5.39012e-31 5.9265e-19 1 1
50 6.47168 8.5455e-29 -9.4942e-28 1 1
50 6.47168 -0.00020146 -0.000680251 1 1
50 6.47168 0.000806118 -0.000523375 1 1
50 6.47168 4.94204e-20 8.96908e-21 1 1
50 6.47168 -0.00020146 -0.000680251 1 1
50 6.47168 -2.55132e-21 -1.34608e-21 1 1
50 6.47168 6.71837e-19 1.21992e-19 1 1
50 6.59734 -2.3706e-18 1.34753e-31 1 1
50 6.59734 -9.13988e-21 -9.31619e-28 1 1
50 6.59734 -0.00019445 -0.000669331 1 1
50 6.59734 0.000783274 -0.000497054 1 1
50 6.59734 4.75992e-20 8.47139e-21 1 1
50 6.59734 -0.00019445 -0.000669331 1 1
50 6.59734 -7.81105e-21 7.67644e-22 1 1
50 6.59734 6.47078e-19 1.151e-19 1 1
50 6.72301 2.3706e-18 6.73765e-32 1 1
50 6.72301 -9.13988e-21 -9.14467e-28 1 1
50 6.72301 -0.00018779 -0.000658719 1 1
50 6.72301 0.000761223 -0.000472419 1 1
50 6.72301 4.5876e-20 8.00977e-21 1 1
50 6.72301 -0.00018779 -0.000658719 1 1
50 6.72301 -1.34038e-20 -1.26291e-22 1 1
50 6.72301 6.23653e-19 1.08887e-19 1 1
50 6.84867 -5.39012e-31 -2.96325e-19 1 1
50 6.84867 7.63717e-29 -8.97931e-28 1 1
50 6.84867 -0.000181458 -0.000648404 1 1
50 6.84867 0.000739943 -0.000449342 1 1
50 6.84867 4.4244e-20 7.58102e-21 1 1
50 6.84867 -0.000181458 -0.000648404 1 1
50 6.84867 -7.2411e-22 6.58681e-22 1 1
50 6.84867 6.01468e-19 1.02996e-19 1 1
50 6.97434 2.3706e-18 6.73765e-32 1 1
50 6.97434 7.36633e-29 -8.81978e-28 1 1
50 6.97434 -0.000175433 -0.000638377 1 1
50 6.97434 0.000719411 -0.000427704 1 1
50 6.97434 4.2697e-20 7.18226e-21 1 1
50 6.97434 -0.000175433 -0.000638377 1 1
50 6.97434 -1.20412e-21 4.16599e-22 1 1
50 6.97434 5.80437e-19 9.76379e-20 1 1
50 7.1 0 -2.96325e-19 1 1
50 7.1 7.10961e-29 1.14248e-21 1 1
50 7.1 -0.000169696 -0.000628627 1 1
50 7.1 0.000699603 -0.000407398 1 1
50 7.1 4.12292e-20 6.81092e-21 1 1
50 7.1 -0.000169696 -0.000628627 1 1
50 7.1 3.72767e-21 2.49485e-22 1 1
50 7.1 5.60987e-19 9.26528e-20 1 1
50 7.22566 -2.3706e-18 -6.73765e-32 1 1
50 7.22566 6.86605e-29 -8.51704e-28 1 1
50 7.22566 -0.000164229 -0.000619144 1 1
50 7.22566 0.000680494 -0.000388327 1 1
50 7.22566 3.98353e-20 6.46469e-21 1 1
50 7.22566 -0.000164229 -0.000619144 1 1
50 7.22566 -5.1399e-23 -9.60654e-22 1 1
50 7.22566 5.41534e-19 8.78201e-20 1 1
50 7.35133 0 -6.73765e-32 1 1
50 7.35133 6.63477e-29 -8.37328e-28 1 1
50 7.35133 -0.000159017 -0.000609919 1 1
50 7.35133 0.000662062 -0.0003704 1 1
50 7.35133 3.85104e-20 6.14149e-21 1 1
50 7.35133 -0.000159017 -0.000609919 1 1
50 7.35133 -4.90621e-21 -9.33819e-23 1 1
50 7.35133 5.23523e-19 8.34894e-20 1 1
50 7.47699 2.3706e-18 -2.96325e-19 1 1
50 7.47699 6.41496e-29 -8.23427e-28 1 1
50 7.47699 -0.000154043 -0.000600944 1 1
50 7.47699 0.000644281 -0.000353535 1 1
50 7.47699 3.72502e-20 5.83944e-21 1 1
50 7.47699 -0.000154043 -0.000600944 1 1
50 7.47699 -6.66972e-23 -5.40551e-22 1 1
50 7.47699 5.06391e-19 7.93832e-20 1 1
50 7.60265 -5.39012e-31 -2.96325e-19 1 1
50 7.60265 6.20588e-29 -1.14249e-21 1 1
50 7.60265 -0.000149295 -0.000592208 1 1
50 7.60265 0.000627128 -0.000337656 1 1
50 7.60265 3.60504e-20 5.55684e-21 1 1
50 7.60265 -0.000149295 -0.000592208 1 1
50 7.60265 6.48258e-22 -1.3138e-21 1 1
50 7.60265 4.90081e-19 7.56045e-20 1 1
50 7.72832 5.39012e-31 2.96325e-19 1 1
50 7.72832 6.00683e-29 1.14248e-21 1 1
50 7.72832 -0.000144758 -0.000583703 1 1
50 7.72832 0.00061058 -0.000322694 1 1
50 7.72832 3.49073e-20 5.29215e-21 1 1
50 7.72832 -0.000144758 -0.000583703 1 1
50 7.72832 -3.1008e-22 1.22358e-21 1 1
50 7.72832 4.7429e-19 7.20062e-20 1 1
50 7.85398 -2.3706e-18 6.73765e-32 1 1
50 7.85398 -4.56994e-21 -7.84346e-28 1 1
50 7.85398 -0.000140421 -0.000575422 1 1
50 7.85398 0.000594613 -0.000308585 1 1
50 7.85398 3.38175e-20 5.04398e-21 1 1
50 7.85398 -0.000140421 -0.000575422 1 1
50 7.85398 -2.74088e-21 1.48844e-22 1 1
50 7.85398 4.59726e-19 6.85695e-20 1 1
50 7.97965 -2.69506e-31 -2.96325e-19 1 1
50 7.97965 5.63638e-29 -7.72126e-28 1 1
50 7.97965 -0.000136273 -0.000567357 1 1
50 7.97965 0.000579205 -0.000295271 1 1
50 7.97965 3.27776e-20 4.81106e-21 1 1
50 7.97965 -0.000136273 -0.000567357 1 1
50 7.97965 -4.33863e-21 1.43601e-22 1 1
50 7.97965 4.45842e-19 6.54031e-20 1 1
50 8.10531 1.1853e-18 6.73765e-32 1 1
50 8.10531 5.46386e-29 -7.60279e-28 1 1
50 8.10531 -0.000132302 -0.0005595 1 1
50 8.10531 0.000564334 -0.000282697 1 1
50 8.10531 3.17848e-20 4.59223e-21 1 1
50 8.10531 -0.000132302 -0.0005595 1 1
50 8.10531 -8.85124e-22 -3.70423e-22 1 1
50 8.10531 4.32092e-19 6.24598e-20 1 1
50 8.23097 1.1853e-18 2.96325e-19 1 1
50 8.23097 5.29912e-29 -7.48788e-28 1 1
50 8.23097 -0.000128499 -0.000551843 1 1
50 8.23097 0.00054998 -0.000270815 1 1
50 8.23097 3.08361e-20 4.38646e-21 1 1
50 8.23097 -0.000128499 -0.000551843 1 1
50 8.23097 -1.31229e-22 2.8743e-22 1 1
50 8.23097 4.19196e-19 5.95995e-20 1 1
50 8.35664 -1.1853e-18 -2.96325e-19 1 1
50 8.35664 4.56994e-21 -7.37638e-28 1 1
50 8.35664 -0.000124855 -0.000544381 1 1
50 8.35664 0.000536121 -0.000259577 1 1
50 8.35664 2.99291e-20 4.19279e-21 1 1
50 8.35664 -0.000124855 -0.000544381 1 1
50 8.35664 5.46862e-21 -2.35002e-23 1 1
50 8.35664 4.06865e-19 5.69981e-20 1 1
50 8.4823 -1.1853e-18 1.48162e-19 1 1
50 8.4823 4.9912e-29 -7.26813e-28 1 1
50 8.4823 -0.000121362 -0.000537105 1 1
50 8.4823 0.000522739 -0.000248941 1 1
50 8.4823 2.90613e-20 4.01033e-21 1 1
50 8.4823 -0.000121362 -0.000537105 1 1
50 8.4823 2.05838e-21 -9.40763e-23 1 1
50 8.4823 3.95068e-19 5.45177e-20 1 1
50 8.60796 1.1853e-18 1.48162e-19 1 1
50 8.60796 -4.56994e-21 -5.71244e-22 1 1
50 8.60796 -0.00011801 -0.00053001 1 1
50 8.60796 0.000509814 -0.000238869 1 1
50 8.60796 2.82305e-20 3.83829e-21 1 1
50 8.60796 -0.00011801 -0.00053001 1 1
50 8.60796 -4.61476e-21 -2.17139e-22 1 1
50 8.60796 3.83775e-19 5.21789e-20 1 1
50 8.73363 0 -1.48162e-19 1 1
50 8.73363 4.56994e-21 -7.06086e-28 1 1
50 8.73363 -0.000114794 -0.00052309 1 1
50 8.73363 0.000497328 -0.000229324 1 1
50 8.73363 2.74347e-20 3.67594e-21 1 1
50 8.73363 -0.000114794 -0.00052309 1 1
50 8.73363 1.54747e-21 3.62681e-22 1 1
50 8.73363 3.72957e-19 4.99719e-20 1 1
50 8.85929 1.1853e-18 1.48162e-19 1 1
50 8.85929 4.57725e-29 -5.71244e-22 1 1
50 8.85929 -0.000111705 -0.000516339 1 1
50 8.85929 0.000485264 -0.000220273 1 1
50 8.85929 2.6672e-20 3.5226e-21 1 1
50 8.85929 -0.000111705 -0.000516339 1 1
50 8.85929 1.19362e-21 -3.06394e-22 1 1
50 8.85929 3.62335e-19 4.79189e-20 1 1
50 8.98495 -2.69506e-31 3.36883e-32 1 1
50 8.98495 -4.56994e-21 5.71242e-22 1 1
50 8.98495 -0.000108737 -0.00050975 1 1
50 8.98495 0.000473604 -0.000211685 1 1
50 8.98495 2.59404e-20 3.37767e-21 1 1
50 8.98495 -0.000108737 -0.00050975 1 1
50 8.98495 -5.72978e-21 7.66395e-22 1 1
50 8.98495 3.52643e-19 4.59486e-20 1 1
50 9.11062 0 3.36883e-32 1 1
50 9.11062 4.32921e-29 -6.77112e-28 1 1
50 9.11062 -0.000105884 -0.000503319 1 1
50 9.11062 0.000462332 -0.000203531 1 1
50 9.11062 2.52385e-20 3.24056e-21 1 1
50 9.11062 -0.000105884 -0.000503319 1 1
50 9.11062 -6.11263e-23 -2.76187e-22 1 1
50 9.11062 3.431e-19 4.40533e-20 1 1
50 9.23628 0 1.48162e-19 1 1
50 9.23628 4.21267e-29 5.71242e-22 1 1
50 9.23628 -0.000103141 -0.000497041 1 1
50 9.23628 0.000451434 -0.000195785 1 1
50 9.23628 2.45645e-20 3.11077e-21 1 1
50 9.23628 -0.000103141 -0.000497041 1 1
50 9.23628 1.6618e-21 3.30959e-22 1 1
50 9.23628 3.3419e-19 4.22888e-20 1 1
50 9.36195 -1.1853e-18 1.48162e-19 1 1
50 9.36195 4.10077e-29 -5.71243e-22 1 1
50 9.36195 -0.000100501 -0.00049091 1 1
50 9.36195 0.000440894 -0.000188421 1 1
50 9.36195 2.39171e-20 2.98781e-21 1 1
50 9.36195 -0.000100501 -0.00049091 1 1
50 9.36195 1.97293e-21 -7.02615e-22 1 1
50 9.36195 3.25137e-19 4.06172e-20 1 1
50 9.48761 -1.1853e-18 1.48162e-19 1 1
50 9.48761 -4.56994e-21 -6.50413e-28 1 1
50 9.48761 -9.79603e-05 -0.000484921 1 1
50 9.48761 0.000430697 -0.000181416 1 1
50 9.48761 2.32948e-20 2.87124e-21 1 1
50 9.48761 -9.79603e-05 -0.000484921 1 1
50 9.48761 -5.00377e-21 1.47862e-22 1 1
50 9.48761 3.16678e-19 3.90325e-20 1 1
50 9.61327 0 1.48162e-19 1 1
50 9.61327 4.56994e-21 5.71242e-22 1 1
50 9.61327 -9.55132e-05 -0.00047907 1 1
50 9.61327 0.000420831 -0.00017475 1 1
50 9.61327 2.26965e-20 2.76064e-21 1 1
50 9.61327 -9.55132e-05 -0.00047907 1 1
50 9.61327 2.94887e-21 8.0368e-22 1 1
50 9.61327 3.08543e-19 3.75291e-20 1 1
50 9.73894 -1.1853e-18 -1.48162e-19 1 1
50 9.73894 -4.56994e-21 5.71242e-22 1 1
50 9.73894 -9.31556e-05 -0.000473352 1 1
50 9.73894 0.000411282 -0.000168403 1 1
50 9.73894 2.21208e-20 2.65565e-21 1 1
50 9.73894 -9.31556e-05 -0.000473352 1 1
50 9.73894 -1.59918e-21 5.74985e-22 1 1
50 9.73894 3.00717e-19 3.61333e-20 1 1
50 9.8646 0 1.48162e-19 1 1
50 9.8646 3.69492e-29 -6.25732e-28 1 1
50 9.8646 -9.08831e-05 -0.000467764 1 1
50 9.8646 0.000402038 -0.000162355 1 1
50 9.8646 2.15666e-20 2.55591e-21 1 1
50 9.8646 -9.08831e-05 -0.000467764 1 1
50 9.8646 1.96702e-22 -2.83283e-22 1 1
50 9.8646 2.93184e-19 3.47459e-20 1 1
50 9.99026 -1.1853e-18 -1.48162e-19 1 1
50 9.99026 3.60286e-29 -6.17915e-28 1 1
50 9.99026 -8.86918e-05 -0.0004623 1 1
50 9.99026 0.000393086 -0.00015659 1 1
50 9.99026 2.1033e-20 2.4611e-21 1 1
50 9.99026 -8.86918e-05 -0.0004623 1 1
50 9.99026 2.9396e-22 1.17656e-22 1 1
50 9.99026 2.85929e-19 3.34569e-20 1 1
50 10.1159 0 -1.48162e-19 1 1
50 10.1159 4.56994e-21 5.71242e-22 1 1
50 10.1159 -8.65778e-05 -0.000456958 1 1
50 10.1159 0.000384416 -0.000151091 1 1
50 10.1159 2.05188e-20 2.37091e-21 1 1
50 10.1159 -8.65778e-05 -0.000456958 1 1
50 10.1159 4.85316e-21 2.68466e-22 1 1
50 10.1159 2.78939e-19 3.22309e-20 1 1
50 10.2416 0 -1.48162e-19 1 1
50 10.2416 4.56994e-21 -6.02851e-28 1 1
50 10.2416 -8.45377e-05 -0.000451733 1 1
50 10.2416 0.000376016 -0.000145844 1 1
50 10.2416 2.00232e-20 2.28507e-21 1 1
50 10.2416 -8.45377e-05 -0.000451733 1 1
50 10.2416 2.21257e-21 -6.69846e-23 1 1
50 10.2416 2.72202e-19 3.10798e-20 1 1
50 10.3673 1.1853e-18 1.48162e-19 1 1
50 10.3673 3.34641e-29 5.71242e-22 1 1
50 10.3673 -8.2568e-05 -0.000446622 1 1
50 10.3673 0.000367877 -0.000140834 1 1
50 10.3673 1.95453e-20 2.20332e-21 1 1
50 10.3673 -8.2568e-05 -0.000446622 1 1
50 10.3673 -5.85142e-22 8.13773e-22 1 1
50 10.3673 2.65705e-19 2.99527e-20 1 1
50 10.4929 1.1853e-18 1.48162e-19 1 1
50 10.4929 3.26698e-29 2.85621e-22 1 1
50 10.4929 -8.06657e-05 -0.00044162 1 1
50 10.4929 0.000359987 -0.000136048 1 1
50 10.4929 1.90843e-20 2.12542e-21 1 1
50 10.4929 -8.06657e-05 -0.00044162 1 1
50 10.4929 -6.72726e-22 7.006e-23 1 1
50 10.4929 2.5969e-19 2.88937e-20 1 1
50 10.6186 -1.1853e-18 7.40812e-20 1 1
50 10.6186 -4.56994e-21 2.85621e-22 1 1
50 10.6186 -7.88276e-05 -0.000436726 1 1
50 10.6186 0.000352337 -0.000131475 1 1
50 10.6186 1.86393e-20 2.05115e-21 1 1
50 10.6186 -7.88276e-05 -0.000436726 1 1
50 10.6186 -8.52591e-21 3.96252e-22 1 1
50 10.6186 2.53389e-19 2.7884e-20 1 1
50 10.7442 1.1853e-18 -7.40812e-20 1 1
50 10.7442 3.11637e-29 -5.74816e-28 1 1
50 10.7442 -7.7051e-05 -0.000431935 1 1
50 10.7442 0.000344919 -0.000127102 1 1
50 10.7442 1.82097e-20 1.9803e-21 1 1
50 10.7442 -7.7051e-05 -0.000431935 1 1
50 10.7442 2.28055e-21 -1.84735e-22 1 1
50 10.7442 2.47548e-19 2.69365e-20 1 1
50 10.8699 0 -7.40812e-20 1 1
50 10.8699 3.04494e-29 -5.68209e-28 1 1
50 10.8699 -7.53332e-05 -0.000427244 1 1
50 10.8699 0.000337724 -0.000122919 1 1
50 10.8699 1.77947e-20 1.91266e-21 1 1
50 10.8699 -7.53332e-05 -0.000427244 1 1
50 10.8699 -9.19329e-22 3.2273e-23 1 1
50 10.8699 2.41906e-19 2.60014e-20 1 1
50 10.9956 -1.1853e-18 -7.40812e-20 1 1
50 10.9956 2.97593e-29 -5.61752e-28 1 1
50 10.9956 -7.36716e-05 -0.000422651 1 1
50 10.9956 0.000330742 -0.000118915 1 1
50 10.9956 1.73937e-20 1.84807e-21 1 1
50 10.9956 -7.36716e-05 -0.000422651 1 1
50 10.9956 -2.2566e-22 -6.86386e-23 1 1
50 10.9956 2.36455e-19 2.51391e-20 1 1
50 11.1212 1.1853e-18 -1.68441e-32 1 1
50 11.1212 2.90924e-29 2.85621e-22 1 1
50 11.1212 -7.20639e-05 -0.000418152 1 1
50 11.1212 0.000323967 -0.000115082 1 1
50 11.1212 1.7006e-20 1.78636e-21 1 1
50 11.1212 -7.20639e-05 -0.000418152 1 1
50 11.1212 -3.11658e-22 4.92651e-22 1 1
50 11.1212 2.31311e-19 2.42686e-20 1 1
50 11.2469 1.34753e-31 -7.40812e-20 1 1
50 11.2469 2.84477e-29 -5.49267e-28 1 1
50 11.2469 -7.05077e-05 -0.000413746 1 1
50 11.2469 0.00031739 -0.00011141 1 1
50 11.2469 1.66312e-20 1.72736e-21 1 1
50 11.2469 -7.05077e-05 -0.000413746 1 1
50 11.2469 -1.0223e-21 -5.75934e-24 1 1
50 11.2469 2.26089e-19 2.34822e-20 1 1
50 11.3726 -5.9265e-19 -7.40812e-20 1 1
50 11.3726 2.78241e-29 -5.4323e-28 1 1
50 11.3726 -6.90009e-05 -0.000409428 1 1
50 11.3726 0.000311004 -0.000107892 1 1
50 11.3726 1.62685e-20 1.67092e-21 1 1
50 11.3726 -6.90009e-05 -0.000409428 1 1
50 11.3726 3.23777e-22 -2.21596e-22 1 1
50 11.3726 2.21286e-19 2.27308e-20 1 1
50 11.4982 5.9265e-19 7.40812e-20 1 1
50 11.4982 2.72208e-29 -5.37323e-28 1 1
50 11.4982 -6.75415e-05 -0.000405196 1 1
50 11.4982 0.000304803 -0.000104518 1 1
50 11.4982 1.59176e-20 1.61692e-21 1 1
50 11.4982 -6.75415e-05 -0.000405196 1 1
50 11.4982 -2.2128e-22 1.7569e-23 1 1
50 11.4982 2.16263e-19 2.19967e-20 1 1
50 11.6239 0 7.40812e-20 1 1
50 11.6239 2.66369e-29 -5.31544e-28 1 1
50 11.6239 -6.61275e-05 -0.000401049 1 1
50 11.6239 0.000298779 -0.000101283 1 1
50 11.6239 1.55779e-20 1.56522e-21 1 1
50 11.6239 -6.61275e-05 -0.000401049 1 1
50 11.6239 4.60832e-22 4.70338e-23 1 1
50 11.6239 2.1177e-19 2.1278e-20 1 1
50 11.7496 0 -7.40812e-20 1 1
50 11.7496 2.60715e-29 -5.25887e-28 1 1
50 11.7496 -6.4757e-05 -0.000396983 1 1
50 11.7496 0.000292926 -9.81781e-05 1 1
50 11.7496 1.52489e-20 1.51569e-21 1 1
50 11.7496 -6.4757e-05 -0.000396983 1 1
50 11.7496 1.11629e-21 1.22823e-22 1 1
50 11.7496 2.07298e-19 2.0589e-20 1 1
50 11.8752 1.34753e-31 -7.40812e-20 1 1
50 11.8752 2.28497e-21 -2.85622e-22 1 1
50 11.8752 -6.34283e-05 -0.000392997 1 1
50 11.8752 0.000287237 -9.5198e-05 1 1
50 11.8752 1.49302e-20 1.46823e-21 1 1
50 11.8752 -6.34283e-05 -0.000392997 1 1
50 11.8752 6.7668e-22 -2.50672e-22 1 1
50 11.8752 2.02965e-19 1.99596e-20 1 1
50 12.0009 -5.9265e-19 1.68441e-32 1 1
50 12.0009 2.49935e-29 -2.85622e-22 1 1
50 12.0009 -6.21398e-05 -0.000389087 1 1
50 12.0009 0.000281708 -9.23364e-05 1 1
50 12.0009 1.46213e-20 1.42273e-21 1 1
50 12.0009 -6.21398e-05 -0.000389087 1 1
50 12.0009 5.32412e-22 -2.8253e-22 1 1
50 12.0009 1.98767e-19 1.93569e-20 1 1
50 12.1265 -1.34753e-31 -7.40812e-20 1 1
50 12.1265 2.44794e-29 -5.09614e-28 1 1
50 12.1265 -6.08898e-05 -0.000385253 1 1
50 12.1265 0.000276332 -8.95873e-05 1 1
50 12.1265 1.43219e-20 1.37909e-21 1 1
50 12.1265 -6.08898e-05 -0.000385253 1 1
50 12.1265 -4.78927e-23 -1.43836e-22 1 1
50 12.1265 1.94823e-19 1.87479e-20 1 1
50 12.2522 -5.9265e-19 7.40812e-20 1 1
50 12.2522 2.39809e-29 2.85621e-22 1 1
50 12.2522 -5.96769e-05 -0.000381491 1 1
50 12.2522 0.000271104 -8.69454e-05 1 1
50 12.2522 1.40316e-20 1.33722e-21 1 1
50 12.2522 -5.96769e-05 -0.000381491 1 1
50 12.2522 6.42587e-22 2.09042e-22 1 1
50 12.2522 1.90625e-19 1.81786e-20 1 1
50 12.3779 -1.34753e-31 -7.40812e-20 1 1
50 12.3779 2.34976e-29 2.85621e-22 1 1
50 12.3779 -5.84996e-05 -0.000377801 1 1
50 12.3779 0.000266018 -8.44056e-05 1 1
50 12.3779 1.37501e-20 1.29702e-21 1 1
50 12.3779 -5.84996e-05 -0.000377801 1 1
50 12.3779 -1.1528e-22 4.95379e-22 1 1
50 12.3779 1.86923e-19 1.76321e-20 1 1
50 12.5035 5.9265e-19 7.40812e-20 1 1
50 12.5035 2.30286e-29 2.85621e-22 1 1
50 12.5035 -5.73565e-05 -0.000374179 1 1
50 12.5035 0.000261071 -8.19629e-05 1 1
50 12.5035 1.34769e-20 1.25842e-21 1 1
50 12.5035 -5.73565e-05 -0.000374179 1 1
50 12.5035 -3.35287e-22 4.25985e-22 1 1
50 12.5035 1.83335e-19 1.71074e-20 1 1
