50 0.0628319 4.30608e-23 0 1 1
50 0.0628319 1.54854e-25 0 1 1
50 0.0628319 0.00737818 0 1 1
50 0.0628319 1.55125e-25 0 1 1
50 0.0628319 -1.47136e-25 0 1 1
50 0.0628319 -0.0070105 0 1 1
50 0.0628319 -1.47136e-25 0 1 1
50 0.0628319 -8.09518e-27 0 1 1
50 0.188496 4.30608e-23 0 1 1
50 0.188496 1.54854e-25 0 1 1
50 0.188496 0.00737818 0 1 1
50 0.188496 1.55125e-25 0 1 1
50 0.188496 -1.47136e-25 0 1 1
50 0.188496 -0.0070105 0 1 1
50 0.188496 -1.47136e-25 0 1 1
50 0.188496 -8.09518e-27 0 1 1
50 0.314159 4.30608e-23 0 1 1
50 0.314159 1.54854e-25 0 1 1
50 0.314159 0.00737818 0 1 1
50 0.314159 1.55125e-25 0 1 1
50 0.314159 -1.47136e-25 0 1 1
50 0.314159 -0.0070105 0 1 1
50 0.314159 -1.47136e-25 0 1 1
50 0.314159 -8.09518e-27 0 1 1
50 0.439823 4.30608e-23 0 1 1
50 0.439823 1.54854e-25 0 1 1
50 0.439823 0.00737818 0 1 1
50 0.439823 1.55125e-25 0 1 1
50 0.439823 -1.47136e-25 0 1 1
50 0.439823 -0.0070105 0 1 1
50 0.439823 -1.47136e-25 0 1 1
50 0.439823 -8.09518e-27 0 1 1
50 0.565487 4.30608e-23 0 1 1
50 0.565487 1.54854e-25 0 1 1
50 0.565487 0.00737818 0 1 1
50 0.565487 1.55125e-25 0 1 1
50 0.565487 -1.47136e-25 0 1 1
50 0.565487 -0.0070105 0 1 1
50 0.565487 -1.47136e-25 0 1 1
50 0.565487 -8.09518e-27 0 1 1
50 0.69115 4.30608e-23 0 1 1
50 0.69115 1.54854e-25 0 1 1
50 0.69115 0.00737818 0 1 1
50 0.69115 1.55125e-25 0 1 1
50 0.69115 -1.47136e-25 0 1 1
50 0.69115 -0.0070105 0 1 1
50 0.69115 -1.47136e-25 0 1 1
50 0.69115 -8.09518e-27 0 1 1
50 0.816814 4.30608e-23 0 1 1
50 0.816814 1.54854e-25 0 1 1
50 0.816814 0.00737818 0 1 1
50 0.816814 1.55125e-25 0 1 1
50 0.816814 -1.47136e-25 0 1 1
50 0.816814 -0.0070105 0 1 1
50 0.816814 -1.47136e-25 0 1 1
50 0.816814 -8.09518e-27 0 1 1
50 0.942478 4.30608e-23 0 1 1
50 0.942478 1.54854e-25 0 1 1
50 0.942478 0.00737818 0 1 1
50 0.942478 1.55125e-25 0 1 1
50 0.942478 -1.47136e-25 0 1 1
50 0.942478 -0.0070105 0 1 1
50 0.942478 -1.47136e-25 0 1 1
50 0.942478 -8.09518e-27 0 1 1
50 1.06814 4.30608e-23 0 1 1
50 1.06814 1.54854e-25 0 1 1
50 1.06814 0.00737818 0 1 1
50 1.06814 1.55125e-25 0 1 1
50 1.06814 -1.47136e-25 0 1 1
50 1.06814 -0.0070105 0 1 1
50 1.06814 -1.47136e-25 0 1 1
50 1.06814 -8.09518e-27 0 1 1
50 1.19381 4.30608e-23 0 1 1
50 1.19381 1.54854e-25 0 1 1
50 1.19381 0.00737818 0 1 1
50 1.19381 1.55125e-25 0 1 1
50 1.19381 -1.47136e-25 0 1 1
50 1.19381 -0.0070105 0 1 1
50 1.19381 -1.47136e-25 0 1 1
50 1.19381 -8.09518e-27 0 1 1
50 1.31947 4.30608e-23 0 1 1
50 1.31947 1.54854e-25 0 1 1
50 1.31947 0.00737818 0 1 1
50 1.31947 1.55125e-25 0 1 1
50 1.31947 -1.47136e-25 0 1 1
50 1.31947 -0.0070105 0 1 1
50 1.31947 -1.47136e-25 0 1 1
50 1.31947 -8.09518e-27 0 1 1
50 1.44513 4.30608e-23 0 1 1
50 1.44513 1.54854e-25 0 1 1
50 1.44513 0.00737818 0 1 1
50 1.44513 1.55125e-25 0 1 1
50 1.44513 -1.47136e-25 0 1 1
50 1.44513 -0.0070105 0 1 1
50 1.44513 -1.47136e-25 0 1 1
50 1.44513 -8.09518e-27 0 1 1
50 1.5708 4.30608e-23 0 1 1
50 1.5708 1.54854e-25 0 1 1
50 1.5708 0.00737818 0 1 1
50 1.5708 1.55125e-25 0 1 1
50 1.5708 -1.47136e-25 0 1 1
50 1.5708 -0.0070105 0 1 1
50 1.5708 -1.47136e-25 0 1 1
50 1.5708 -8.09518e-27 0 1 1
50 1.69646 4.30608e-23 0 1 1
50 1.69646 1.54854e-25 0 1 1
50 1.69646 0.00737818 0 1 1
50 1.69646 1.55125e-25 0 1 1
50 1.69646 -1.47136e-25 0 1 1
50 1.69646 -0.0070105 0 1 1
50 1.69646 -1.47136e-25 0 1 1
50 1.69646 -8.09518e-27 0 1 1
50 1.82212 4.30608e-23 0 1 1
50 1.82212 1.54854e-25 0 1 1
50 1.82212 0.00737818 0 1 1
50 1.82212 1.55125e-25 0 1 1
50 1.82212 -1.47136e-25 0 1 1
50 1.82212 -0.0070105 0 1 1
50 1.82212 -1.47136e-25 0 1 1
50 1.82212 -8.09518e-27 0 1 1
50 1.94779 4.30608e-23 0 1 1
50 1.94779 1.54854e-25 0 1 1
50 1.94779 0.00737818 0 1 1
50 1.94779 1.55125e-25 0 1 1
50 1.94779 -1.47136e-25 0 1 1
50 1.94779 -0.0070105 0 1 1
50 1.94779 -1.47136e-25 0 1 1
50 1.94779 -8.09518e-27 0 1 1
50 2.07345 4.30608e-23 0 1 1
50 2.07345 1.54854e-25 0 1 1
50 2.07345 0.00737818 0 1 1
50 2.07345 1.55125e-25 0 1 1
50 2.07345 -1.47136e-25 0 1 1
50 2.07345 -0.0070105 0 1 1
50 2.07345 -1.47136e-25 0 1 1
50 2.07345 -8.09518e-27 0 1 1
50 2.19911 4.30608e-23 0 1 1
50 2.19911 1.54854e-25 0 1 1
50 2.19911 0.00737818 0 1 1
50 2.19911 1.55125e-25 0 1 1
50 2.19911 -1.47136e-25 0 1 1
50 2.19911 -0.0070105 0 1 1
50 2.19911 -1.47136e-25 0 1 1
50 2.19911 -8.09518e-27 0 1 1
50 2.32478 4.30608e-23 0 1 1
50 2.32478 1.54854e-25 0 1 1
50 2.32478 0.00737818 0 1 1
50 2.32478 1.55125e-25 0 1 1
50 2.32478 -1.47136e-25 0 1 1
50 2.32478 -0.0070105 0 1 1
50 2.32478 -1.47136e-25 0 1 1
50 2.32478 -8.09518e-27 0 1 1
50 2.45044 4.30608e-23 0 1 1
50 2.45044 1.54854e-25 0 1 1
50 2.45044 0.00737818 0 1 1
50 2.45044 1.55125e-25 0 1 1
50 2.45044 -1.47136e-25 0 1 1
50 2.45044 -0.0070105 0 1 1
50 2.45044 -1.47136e-25 0 1 1
50 2.45044 -8.09518e-27 0 1 1
50 2.57611 4.30608e-23 0 1 1
50 2.57611 1.54854e-25 0 1 1
50 2.57611 0.00737818 0 1 1
50 2.57611 1.55125e-25 0 1 1
50 2.57611 -1.47136e-25 0 1 1
50 2.57611 -0.0070105 0 1 1
50 2.57611 -1.47136e-25 0 1 1
50 2.57611 -8.09518e-27 0 1 1
50 2.70177 4.30608e-23 0 1 1
50 2.70177 1.54854e-25 0 1 1
50 2.70177 0.00737818 0 1 1
50 2.70177 1.55125e-25 0 1 1
50 2.70177 -1.47136e-25 0 1 1
50 2.70177 -0.0070105 0 1 1
50 2.70177 -1.47136e-25 0 1 1
50 2.70177 -8.09518e-27 0 1 1
50 2.82743 4.30608e-23 0 1 1
50 2.82743 1.54854e-25 0 1 1
50 2.82743 0.00737818 0 1 1
50 2.82743 1.55125e-25 0 1 1
50 2.82743 -1.47136e-25 0 1 1
50 2.82743 -0.0070105 0 1 1
50 2.82743 -1.47136e-25 0 1 1
50 2.82743 -8.09518e-27 0 1 1
50 2.9531 4.30608e-23 0 1 1
50 2.9531 1.54854e-25 0 1 1
50 2.9531 0.00737818 0 1 1
50 2.9531 1.55125e-25 0 1 1
50 2.9531 -1.47136e-25 0 1 1
50 2.9531 -0.0070105 0 1 1
50 2.9531 -1.47136e-25 0 1 1
50 2.9531 -8.09518e-27 0 1 1
50 3.07876 4.30608e-23 0 1 1
50 3.07876 1.54854e-25 0 1 1
50 3.07876 0.00737818 0 1 1
50 3.07876 1.55125e-25 0 1 1
50 3.07876 -1.47136e-25 0 1 1
50 3.07876 -0.0070105 0 1 1
50 3.07876 -1.47136e-25 0 1 1
50 3.07876 -8.09518e-27 0 1 1
50 3.20442 4.30608e-23 0 1 1
50 3.20442 1.54854e-25 0 1 1
50 3.20442 0.00737818 0 1 1
50 3.20442 1.55125e-25 0 1 1
50 3.20442 -1.47136e-25 0 1 1
50 3.20442 -0.0070105 0 1 1
50 3.20442 -1.47136e-25 0 1 1
50 3.20442 -8.09518e-27 0 1 1
50 3.33009 4.30608e-23 0 1 1
50 3.33009 1.54854e-25 0 1 1
50 3.33009 0.00737818 0 1 1
50 3.33009 1.55125e-25 0 1 1
50 3.33009 -1.47136e-25 0 1 1
50 3.33009 -0.0070105 0 1 1
50 3.33009 -1.47136e-25 0 1 1
50 3.33009 -8.09518e-27 0 1 1
50 3.45575 4.30608e-23 0 1 1
50 3.45575 1.54854e-25 0 1 1
50 3.45575 0.00737818 0 1 1
50 3.45575 1.55125e-25 0 1 1
50 3.45575 -1.47136e-25 0 1 1
50 3.45575 -0.0070105 0 1 1
50 3.45575 -1.47136e-25 0 1 1
50 3.45575 -8.09518e-27 0 1 1
50 3.58142 4.30608e-23 0 1 1
50 3.58142 1.54854e-25 0 1 1
50 3.58142 0.00737818 0 1 1
50 3.58142 1.55125e-25 0 1 1
50 3.58142 -1.47136e-25 0 1 1
50 3.58142 -0.0070105 0 1 1
50 3.58142 -1.47136e-25 0 1 1
50 3.58142 -8.09518e-27 0 1 1
50 3.70708 4.30608e-23 0 1 1
50 3.70708 1.54854e-25 0 1 1
50 3.70708 0.00737818 0 1 1
50 3.70708 1.55125e-25 0 1 1
50 3.70708 -1.47136e-25 0 1 1
50 3.70708 -0.0070105 0 1 1
50 3.70708 -1.47136e-25 0 1 1
50 3.70708 -8.09518e-27 0 1 1
50 3.83274 4.30608e-23 0 1 1
50 3.83274 1.54854e-25 0 1 1
50 3.83274 0.00737818 0 1 1
50 3.83274 1.55125e-25 0 1 1
50 3.83274 -1.47136e-25 0 1 1
50 3.83274 -0.0070105 0 1 1
50 3.83274 -1.47136e-25 0 1 1
50 3.83274 -8.09518e-27 0 1 1
50 3.95841 4.30608e-23 0 1 1
50 3.95841 1.54854e-25 0 1 1
50 3.95841 0.00737818 0 1 1
50 3.95841 1.55125e-25 0 1 1
50 3.95841 -1.47136e-25 0 1 1
50 3.95841 -0.0070105 0 1 1
50 3.95841 -1.47136e-25 0 1 1
50 3.95841 -8.09518e-27 0 1 1
50 4.08407 4.30608e-23 0 1 1
50 4.08407 1.54854e-25 0 1 1
50 4.08407 0.00737818 0 1 1
50 4.08407 1.55125e-25 0 1 1
50 4.08407 -1.47136e-25 0 1 1
50 4.08407 -0.0070105 0 1 1
50 4.08407 -1.47136e-25 0 1 1
50 4.08407 -8.09518e-27 0 1 1
50 4.20973 4.30608e-23 0 1 1
50 4.20973 1.54854e-25 0 1 1
50 4.20973 0.00737818 0 1 1
50 4.20973 1.55125e-25 0 1 1
50 4.20973 -1.47136e-25 0 1 1
50 4.20973 -0.0070105 0 1 1
50 4.20973 -1.47136e-25 0 1 1
50 4.20973 -8.09518e-27 0 1 1
50 4.3354 4.30608e-23 0 1 1
50 4.3354 1.54854e-25 0 1 1
50 4.3354 0.00737818 0 1 1
50 4.3354 1.55125e-25 0 1 1
50 4.3354 -1.47136e-25 0 1 1
50 4.3354 -0.0070105 0 1 1
50 4.3354 -1.47136e-25 0 1 1
50 4.3354 -8.09518e-27 0 1 1
50 4.46106 4.30608e-23 0 1 1
50 4.46106 1.54854e-25 0 1 1
50 4.46106 0.00737818 0 1 1
50 4.46106 1.55125e-25 0 1 1
50 4.46106 -1.47136e-25 0 1 1
50 4.46106 -0.0070105 0 1 1
50 4.46106 -1.47136e-25 0 1 1
50 4.46106 -8.09518e-27 0 1 1
50 4.58673 4.30608e-23 0 1 1
50 4.58673 1.54854e-25 0 1 1
50 4.58673 0.00737818 0 1 1
50 4.58673 1.55125e-25 0 1 1
50 4.58673 -1.47136e-25 0 1 1
50 4.58673 -0.0070105 0 1 1
50 4.58673 -1.47136e-25 0 1 1
50 4.58673 -8.09518e-27 0 1 1
50 4.71239 4.30608e-23 0 1 1
50 4.71239 1.54854e-25 0 1 1
50 4.71239 0.00737818 0 1 1
50 4.71239 1.55125e-25 0 1 1
50 4.71239 -1.47136e-25 0 1 1
50 4.71239 -0.0070105 0 1 1
50 4.71239 -1.47136e-25 0 1 1
50 4.71239 -8.09518e-27 0 1 1
50 4.83805 4.30608e-23 0 1 1
50 4.83805 1.54854e-25 0 1 1
50 4.83805 0.00737818 0 1 1
50 4.83805 1.55125e-25 0 1 1
50 4.83805 -1.47136e-25 0 1 1
50 4.83805 -0.0070105 0 1 1
50 4.83805 -1.47136e-25 0 1 1
50 4.83805 -8.09518e-27 0 1 1
50 4.96372 4.30608e-23 0 1 1
50 4.96372 1.54854e-25 0 1 1
50 4.96372 0.00737818 0 1 1
50 4.96372 1.55125e-25 0 1 1
50 4.96372 -1.47136e-25 0 1 1
50 4.96372 -0.0070105 0 1 1
50 4.96372 -1.47136e-25 0 1 1
50 4.96372 -8.09518e-27 0 1 1
50 5.08938 4.30608e-23 0 1 1
50 5.08938 1.54854e-25 0 1 1
50 5.08938 0.00737818 0 1 1
50 5.08938 1.55125e-25 0 1 1
50 5.08938 -1.47136e-25 0 1 1
50 5.08938 -0.0070105 0 1 1
50 5.08938 -1.47136e-25 0 1 1
50 5.08938 -8.09518e-27 0 1 1
50 5.21504 4.30608e-23 0 1 1
50 5.21504 1.54854e-25 0 1 1
50 5.21504 0.00737818 0 1 1
50 5.21504 1.55125e-25 0 1 1
50 5.21504 -1.47136e-25 0 1 1
50 5.21504 -0.0070105 0 1 1
50 5.21504 -1.47136e-25 0 1 1
50 5.21504 -8.09518e-27 0 1 1
50 5.34071 4.30608e-23 0 1 1
50 5.34071 1.54854e-25 0 1 1
50 5.34071 0.00737818 0 1 1
50 5.34071 1.55125e-25 0 1 1
50 5.34071 -1.47136e-25 0 1 1
50 5.34071 -0.0070105 0 1 1
50 5.34071 -1.47136e-25 0 1 1
50 5.34071 -8.09518e-27 0 1 1
50 5.46637 4.30608e-23 0 1 1
50 5.46637 1.54854e-25 0 1 1
50 5.46637 0.00737818 0 1 1
50 5.46637 1.55125e-25 0 1 1
50 5.46637 -1.47136e-25 0 1 1
50 5.46637 -0.0070105 0 1 1
50 5.46637 -1.47136e-25 0 1 1
50 5.46637 -8.09518e-27 0 1 1
50 5.59203 4.30608e-23 0 1 1
50 5.59203 1.54854e-25 0 1 1
50 5.59203 0.00737818 0 1 1
50 5.59203 1.55125e-25 0 1 1
50 5.59203 -1.47136e-25 0 1 1
50 5.59203 -0.0070105 0 1 1
50 5.59203 -1.47136e-25 0 1 1
50 5.59203 -8.09518e-27 0 1 1
50 5.7177 4.30608e-23 0 1 1
50 5.7177 1.54854e-25 0 1 1
50 5.7177 0.00737818 0 1 1
50 5.7177 1.55125e-25 0 1 1
50 5.7177 -1.47136e-25 0 1 1
50 5.7177 -0.0070105 0 1 1
50 5.7177 -1.47136e-25 0 1 1
50 5.7177 -8.09518e-27 0 1 1
50 5.84336 4.30608e-23 0 1 1
50 5.84336 1.54854e-25 0 1 1
50 5.84336 0.00737818 0 1 1
50 5.84336 1.55125e-25 0 1 1
50 5.84336 -1.47136e-25 0 1 1
50 5.84336 -0.0070105 0 1 1
50 5.84336 -1.47136e-25 0 1 1
50 5.84336 -8.09518e-27 0 1 1
50 5.96903 4.30608e-23 0 1 1
50 5.96903 1.54854e-25 0 1 1
50 5.96903 0.00737818 0 1 1
50 5.96903 1.55125e-25 0 1 1
50 5.96903 -1.47136e-25 0 1 1
50 5.96903 -0.0070105 0 1 1
50 5.96903 -1.47136e-25 0 1 1
50 5.96903 -8.09518e-27 0 1 1
50 6.09469 4.30608e-23 0 1 1
50 6.09469 1.54854e-25 0 1 1
50 6.09469 0.00737818 0 1 1
50 6.09469 1.55125e-25 0 1 1
50 6.09469 -1.47136e-25 0 1 1
50 6.09469 -0.0070105 0 1 1
50 6.09469 -1.47136e-25 0 1 1
50 6.09469 -8.09518e-27 0 1 1
50 6.22035 4.30608e-23 0 1 1
50 6.22035 1.54854e-25 0 1 1
50 6.22035 0.00737818 0 1 1
50 6.22035 1.55125e-25 0 1 1
50 6.22035 -1.47136e-25 0 1 1
50 6.22035 -0.0070105 0 1 1
50 6.22035 -1.47136e-25 0 1 1
50 6.22035 -8.09518e-27 0 1 1
50 6.34602 4.30608e-23 0 1 1
50 6.34602 1.54854e-25 0 1 1
50 6.34602 0.00737818 0 1 1
50 6.34602 1.55125e-25 0 1 1
50 6.34602 -1.47136e-25 0 1 1
50 6.34602 -0.0070105 0 1 1
50 6.34602 -1.47136e-25 0 1 1
50 6.34602 -8.09518e-27 0 1 1
50 6.47168 4.30608e-23 0 1 1
50 6.47168 1.54854e-25 0 1 1
50 6.47168 0.00737818 0 1 1
50 6.47168 1.55125e-25 0 1 1
50 6.47168 -1.47136e-25 0 1 1
50 6.47168 -0.0070105 0 1 1
50 6.47168 -1.47136e-25 0 1 1
50 6.47168 -8.09518e-27 0 1 1
50 6.59734 4.30608e-23 0 1 1
50 6.59734 1.54854e-25 0 1 1
50 6.59734 0.00737818 0 1 1
50 6.59734 1.55125e-25 0 1 1
50 6.59734 -1.47136e-25 0 1 1
50 6.59734 -0.0070105 0 1 1
50 6.59734 -1.47136e-25 0 1 1
50 6.59734 -8.09518e-27 0 1 1
50 6.72301 4.30608e-23 0 1 1
50 6.72301 1.54854e-25 0 1 1
50 6.72301 0.00737818 0 1 1
50 6.72301 1.55125e-25 0 1 1
50 6.72301 -1.47136e-25 0 1 1
50 6.72301 -0.0070105 0 1 1
50 6.72301 -1.47136e-25 0 1 1
50 6.72301 -8.09518e-27 0 1 1
50 6.84867 4.30608e-23 0 1 1
50 6.84867 1.54854e-25 0 1 1
50 6.84867 0.00737818 0 1 1
50 6.84867 1.55125e-25 0 1 1
50 6.84867 -1.47136e-25 0 1 1
50 6.84867 -0.0070105 0 1 1
50 6.84867 -1.47136e-25 0 1 1
50 6.84867 -8.09518e-27 0 1 1
50 6.97434 4.30608e-23 0 1 1
50 6.97434 1.54854e-25 0 1 1
50 6.97434 0.00737818 0 1 1
50 6.97434 1.55125e-25 0 1 1
50 6.97434 -1.47136e-25 0 1 1
50 6.97434 -0.0070105 0 1 1
50 6.97434 -1.47136e-25 0 1 1
50 6.97434 -8.09518e-27 0 1 1
50 7.1 4.30608e-23 0 1 1
50 7.1 1.54854e-25 0 1 1
50 7.1 0.00737818 0 1 1
50 7.1 1.55125e-25 0 1 1
50 7.1 -1.47136e-25 0 1 1
50 7.1 -0.0070105 0 1 1
50 7.1 -1.47136e-25 0 1 1
50 7.1 -8.09518e-27 0 1 1
50 7.22566 4.30608e-23 0 1 1
50 7.22566 1.54854e-25 0 1 1
50 7.22566 0.00737818 0 1 1
50 7.22566 1.55125e-25 0 1 1
50 7.22566 -1.47136e-25 0 1 1
50 7.22566 -0.0070105 0 1 1
50 7.22566 -1.47136e-25 0 1 1
50 7.22566 -8.09518e-27 0 1 1
50 7.35133 4.30608e-23 0 1 1
50 7.35133 1.54854e-25 0 1 1
50 7.35133 0.00737818 0 1 1
50 7.35133 1.55125e-25 0 1 1
50 7.35133 -1.47136e-25 0 1 1
50 7.35133 -0.0070105 0 1 1
50 7.35133 -1.47136e-25 0 1 1
50 7.35133 -8.09518e-27 0 1 1
50 7.47699 4.30608e-23 0 1 1
50 7.47699 1.54854e-25 0 1 1
50 7.47699 0.00737818 0 1 1
50 7.47699 1.55125e-25 0 1 1
50 7.47699 -1.47136e-25 0 1 1
50 7.47699 -0.0070105 0 1 1
50 7.47699 -1.47136e-25 0 1 1
50 7.47699 -8.09518e-27 0 1 1
50 7.60265 4.30608e-23 0 1 1
50 7.60265 1.54854e-25 0 1 1
50 7.60265 0.00737818 0 1 1
50 7.60265 1.55125e-25 0 1 1
50 7.60265 -1.47136e-25 0 1 1
50 7.60265 -0.0070105 0 1 1
50 7.60265 -1.47136e-25 0 1 1
50 7.60265 -8.09518e-27 0 1 1
50 7.72832 4.30608e-23 0 1 1
50 7.72832 1.54854e-25 0 1 1
50 7.72832 0.00737818 0 1 1
50 7.72832 1.55125e-25 0 1 1
50 7.72832 -1.47136e-25 0 1 1
50 7.72832 -0.0070105 0 1 1
50 7.72832 -1.47136e-25 0 1 1
50 7.72832 -8.09518e-27 0 1 1
50 7.85398 4.30608e-23 0 1 1
50 7.85398 1.54854e-25 0 1 1
50 7.85398 0.00737818 0 1 1
50 7.85398 1.55125e-25 0 1 1
50 7.85398 -1.47136e-25 0 1 1
50 7.85398 -0.0070105 0 1 1
50 7.85398 -1.47136e-25 0 1 1
50 7.85398 -8.09518e-27 0 1 1
50 7.97965 4.30608e-23 0 1 1
50 7.97965 1.54854e-25 0 1 1
50 7.97965 0.00737818 0 1 1
50 7.97965 1.55125e-25 0 1 1
50 7.97965 -1.47136e-25 0 1 1
50 7.97965 -0.0070105 0 1 1
50 7.97965 -1.47136e-25 0 1 1
50 7.97965 -8.09518e-27 0 1 1
50 8.10531 4.30608e-23 0 1 1
50 8.10531 1.54854e-25 0 1 1
50 8.10531 0.00737818 0 1 1
50 8.10531 1.55125e-25 0 1 1
50 8.10531 -1.47136e-25 0 1 1
50 8.10531 -0.0070105 0 1 1
50 8.10531 -1.47136e-25 0 1 1
50 8.10531 -8.09518e-27 0 1 1
50 8.23097 4.30608e-23 0 1 1
50 8.23097 1.54854e-25 0 1 1
50 8.23097 0.00737818 0 1 1
50 8.23097 1.55125e-25 0 1 1
50 8.23097 -1.47136e-25 0 1 1
50 8.23097 -0.0070105 0 1 1
50 8.23097 -1.47136e-25 0 1 1
50 8.23097 -8.09518e-27 0 1 1
50 8.35664 4.30608e-23 0 1 1
50 8.35664 1.54854e-25 0 1 1
50 8.35664 0.00737818 0 1 1
50 8.35664 1.55125e-25 0 1 1
50 8.35664 -1.47136e-25 0 1 1
50 8.35664 -0.0070105 0 1 1
50 8.35664 -1.47136e-25 0 1 1
50 8.35664 -8.09518e-27 0 1 1
50 8.4823 4.30608e-23 0 1 1
50 8.4823 1.54854e-25 0 1 1
50 8.4823 0.00737818 0 1 1
50 8.4823 1.55125e-25 0 1 1
50 8.4823 -1.47136e-25 0 1 1
50 8.4823 -0.0070105 0 1 1
50 8.4823 -1.47136e-25 0 1 1
50 8.4823 -8.09518e-27 0 1 1
50 8.60796 4.30608e-23 0 1 1
50 8.60796 1.54854e-25 0 1 1
50 8.60796 0.00737818 0 1 1
50 8.60796 1.55125e-25 0 1 1
50 8.60796 -1.47136e-25 0 1 1
50 8.60796 -0.0070105 0 1 1
50 8.60796 -1.47136e-25 0 1 1
50 8.60796 -8.09518e-27 0 1 1
50 8.73363 4.30608e-23 0 1 1
50 8.73363 1.54854e-25 0 1 1
50 8.73363 0.00737818 0 1 1
50 8.73363 1.55125e-25 0 1 1
50 8.73363 -1.47136e-25 0 1 1
50 8.73363 -0.0070105 0 1 1
50 8.73363 -1.47136e-25 0 1 1
50 8.73363 -8.09518e-27 0 1 1
50 8.85929 4.30608e-23 0 1 1
50 8.85929 1.54854e-25 0 1 1
50 8.85929 0.00737818 0 1 1
50 8.85929 1.55125e-25 0 1 1
50 8.85929 -1.47136e-25 0 1 1
50 8.85929 -0.0070105 0 1 1
50 8.85929 -1.47136e-25 0 1 1
50 8.85929 -8.09518e-27 0 1 1
50 8.98495 4.30608e-23 0 1 1
50 8.98495 1.54854e-25 0 1 1
50 8.98495 0.00737818 0 1 1
50 8.98495 1.55125e-25 0 1 1
50 8.98495 -1.47136e-25 0 1 1
50 8.98495 -0.0070105 0 1 1
50 8.98495 -1.47136e-25 0 1 1
50 8.98495 -8.09518e-27 0 1 1
50 9.11062 4.30608e-23 0 1 1
50 9.11062 1.54854e-25 0 1 1
50 9.11062 0.00737818 0 1 1
50 9.11062 1.55125e-25 0 1 1
50 9.11062 -1.47136e-25 0 1 1
50 9.11062 -0.0070105 0 1 1
50 9.11062 -1.47136e-25 0 1 1
50 9.11062 -8.09518e-27 0 1 1
50 9.23628 4.30608e-23 0 1 1
50 9.23628 1.54854e-25 0 1 1
50 9.23628 0.00737818 0 1 1
50 9.23628 1.55125e-25 0 1 1
50 9.23628 -1.47136e-25 0 1 1
50 9.23628 -0.0070105 0 1 1
50 9.23628 -1.47136e-25 0 1 1
50 9.23628 -8.09518e-27 0 1 1
50 9.36195 4.30608e-23 0 1 1
50 9.36195 1.54854e-25 0 1 1
50 9.36195 0.00737818 0 1 1
50 9.36195 1.55125e-25 0 1 1
50 9.36195 -1.47136e-25 0 1 1
50 9.36195 -0.0070105 0 1 1
50 9.36195 -1.47136e-25 0 1 1
50 9.36195 -8.09518e-27 0 1 1
50 9.48761 4.30608e-23 0 1 1
50 9.48761 1.54854e-25 0 1 1
50 9.48761 0.00737818 0 1 1
50 9.48761 1.55125e-25 0 1 1
50 9.48761 -1.47136e-25 0 1 1
50 9.48761 -0.0070105 0 1 1
50 9.48761 -1.47136e-25 0 1 1
50 9.48761 -8.09518e-27 0 1 1
50 9.61327 4.30608e-23 0 1 1
50 9.61327 1.54854e-25 0 1 1
50 9.61327 0.00737818 0 1 1
50 9.61327 1.55125e-25 0 1 1
50 9.61327 -1.47136e-25 0 1 1
50 9.61327 -0.0070105 0 1 1
50 9.61327 -1.47136e-25 0 1 1
50 9.61327 -8.09518e-27 0 1 1
50 9.73894 4.30608e-23 0 1 1
50 9.73894 1.54854e-25 0 1 1
50 9.73894 0.00737818 0 1 1
50 9.73894 1.55125e-25 0 1 1
50 9.73894 -1.47136e-25 0 1 1
50 9.73894 -0.0070105 0 1 1
50 9.73894 -1.47136e-25 0 1 1
50 9.73894 -8.09518e-27 0 1 1
50 9.8646 4.30608e-23 0 1 1
50 9.8646 1.54854e-25 0 1 1
50 9.8646 0.00737818 0 1 1
50 9.8646 1.55125e-25 0 1 1
50 9.8646 -1.47136e-25 0 1 1
50 9.8646 -0.0070105 0 1 1
50 9.8646 -1.47136e-25 0 1 1
50 9.8646 -8.09518e-27 0 1 1
50 9.99026 4.30608e-23 0 1 1
50 9.99026 1.54854e-25 0 1 1
50 9.99026 0.00737818 0 1 1
50 9.99026 1.55125e-25 0 1 1
50 9.99026 -1.47136e-25 0 1 1
50 9.99026 -0.0070105 0 1 1
50 9.99026 -1.47136e-25 0 1 1
50 9.99026 -8.09518e-27 0 1 1
50 10.1159 4.30608e-23 0 1 1
50 10.1159 1.54854e-25 0 1 1
50 10.1159 0.00737818 0 1 1
50 10.1159 1.55125e-25 0 1 1
50 10.1159 -1.47136e-25 0 1 1
50 10.1159 -0.0070105 0 1 1
50 10.1159 -1.47136e-25 0 1 1
50 10.1159 -8.09518e-27 0 1 1
50 10.2416 4.30608e-23 0 1 1
50 10.2416 1.54854e-25 0 1 1
50 10.2416 0.00737818 0 1 1
50 10.2416 1.55125e-25 0 1 1
50 10.2416 -1.47136e-25 0 1 1
50 10.2416 -0.0070105 0 1 1
50 10.2416 -1.47136e-25 0 1 1
50 10.2416 -8.09518e-27 0 1 1
50 10.3673 4.30608e-23 0 1 1
50 10.3673 1.54854e-25 0 1 1
50 10.3673 0.00737818 0 1 1
50 10.3673 1.55125e-25 0 1 1
50 10.3673 -1.47136e-25 0 1 1
50 10.3673 -0.0070105 0 1 1
50 10.3673 -1.47136e-25 0 1 1
50 10.3673 -8.09518e-27 0 1 1
50 10.4929 4.30608e-23 0 1 1
50 10.4929 1.54854e-25 0 1 1
50 10.4929 0.00737818 0 1 1
50 10.4929 1.55125e-25 0 1 1
50 10.4929 -1.47136e-25 0 1 1
50 10.4929 -0.0070105 0 1 1
50 10.4929 -1.47136e-25 0 1 1
50 10.4929 -8.09518e-27 0 1 1
50 10.6186 4.30608e-23 0 1 1
50 10.6186 1.54854e-25 0 1 1
50 10.6186 0.00737818 0 1 1
50 10.6186 1.55125e-25 0 1 1
50 10.6186 -1.47136e-25 0 1 1
50 10.6186 -0.0070105 0 1 1
50 10.6186 -1.47136e-25 0 1 1
50 10.6186 -8.09518e-27 0 1 1
50 10.7442 4.30608e-23 0 1 1
50 10.7442 1.54854e-25 0 1 1
50 10.7442 0.00737818 0 1 1
50 10.7442 1.55125e-25 0 1 1
50 10.7442 -1.47136e-25 0 1 1
50 10.7442 -0.0070105 0 1 1
50 10.7442 -1.47136e-25 0 1 1
50 10.7442 -8.09518e-27 0 1 1
50 10.8699 4.30608e-23 0 1 1
50 10.8699 1.54854e-25 0 1 1
50 10.8699 0.00737818 0 1 1
50 10.8699 1.55125e-25 0 1 1
50 10.8699 -1.47136e-25 0 1 1
50 10.8699 -0.0070105 0 1 1
50 10.8699 -1.47136e-25 0 1 1
50 10.8699 -8.09518e-27 0 1 1
50 10.9956 4.30608e-23 0 1 1
50 10.9956 1.54854e-25 0 1 1
50 10.9956 0.00737818 0 1 1
50 10.9956 1.55125e-25 0 1 1
50 10.9956 -1.47136e-25 0 1 1
50 10.9956 -0.0070105 0 1 1
50 10.9956 -1.47136e-25 0 1 1
50 10.9956 -8.09518e-27 0 1 1
50 11.1212 4.30608e-23 0 1 1
50 11.1212 1.54854e-25 0 1 1
50 11.1212 0.00737818 0 1 1
50 11.1212 1.55125e-25 0 1 1
50 11.1212 -1.47136e-25 0 1 1
50 11.1212 -0.0070105 0 1 1
50 11.1212 -1.47136e-25 0 1 1
50 11.1212 -8.09518e-27 0 1 1
50 11.2469 4.30608e-23 0 1 1
50 11.2469 1.54854e-25 0 1 1
50 11.2469 0.00737818 0 1 1
50 11.2469 1.55125e-25 0 1 1
50 11.2469 -1.47136e-25 0 1 1
50 11.2469 -0.0070105 0 1 1
50 11.2469 -1.47136e-25 0 1 1
50 11.2469 -8.09518e-27 0 1 1
50 11.3726 4.30608e-23 0 1 1
50 11.3726 1.54854e-25 0 1 1
50 11.3726 0.00737818 0 1 1
50 11.3726 1.55125e-25 0 1 1
50 11.3726 -1.47136e-25 0 1 1
50 11.3726 -0.0070105 0 1 1
50 11.3726 -1.47136e-25 0 1 1
50 11.3726 -8.09518e-27 0 1 1
50 11.4982 4.30608e-23 0 1 1
50 11.4982 1.54854e-25 0 1 1
50 11.4982 0.00737818 0 1 1
50 11.4982 1.55125e-25 0 1 1
50 11.4982 -1.47136e-25 0 1 1
50 11.4982 -0.0070105 0 1 1
50 11.4982 -1.47136e-25 0 1 1
50 11.4982 -8.09518e-27 0 1 1
50 11.6239 4.30608e-23 0 1 1
50 11.6239 1.54854e-25 0 1 1
50 11.6239 0.00737818 0 1 1
50 11.6239 1.55125e-25 0 1 1
50 11.6239 -1.47136e-25 0 1 1
50 11.6239 -0.0070105 0 1 1
50 11.6239 -1.47136e-25 0 1 1
50 11.6239 -8.09518e-27 0 1 1
50 11.7496 4.30608e-23 0 1 1
50 11.7496 1.54854e-25 0 1 1
50 11.7496 0.00737818 0 1 1
50 11.7496 1.55125e-25 0 1 1
50 11.7496 -1.47136e-25 0 1 1
50 11.7496 -0.0070105 0 1 1
50 11.7496 -1.47136e-25 0 1 1
50 11.7496 -8.09518e-27 0 1 1
50 11.8752 4.30608e-23 0 1 1
50 11.8752 1.54854e-25 0 1 1
50 11.8752 0.00737818 0 1 1
50 11.8752 1.55125e-25 0 1 1
50 11.8752 -1.47136e-25 0 1 1
50 11.8752 -0.0070105 0 1 1
50 11.8752 -1.47136e-25 0 1 1
50 11.8752 -8.09518e-27 0 1 1
50 12.0009 4.30608e-23 0 1 1
50 12.0009 1.54854e-25 0 1 1
50 12.0009 0.00737818 0 1 1
50 12.0009 1.55125e-25 0 1 1
50 12.0009 -1.47136e-25 0 1 1
50 12.0009 -0.0070105 0 1 1
50 12.0009 -1.47136e-25 0 1 1
50 12.0009 -8.09518e-27 0 1 1
50 12.1265 4.30608e-23 0 1 1
50 12.1265 1.54854e-25 0 1 1
50 12.1265 0.00737818 0 1 1
50 12.1265 1.55125e-25 0 1 1
50 12.1265 -1.47136e-25 0 1 1
50 12.1265 -0.0070105 0 1 1
50 12.1265 -1.47136e-25 0 1 1
50 12.1265 -8.09518e-27 0 1 1
50 12.2522 4.30608e-23 0 1 1
50 12.2522 1.54854e-25 0 1 1
50 12.2522 0.00737818 0 1 1
50 12.2522 1.55125e-25 0 1 1
50 12.2522 -1.47136e-25 0 1 1
50 12.2522 -0.0070105 0 1 1
50 12.2522 -1.47136e-25 0 1 1
50 12.2522 -8.09518e-27 0 1 1
50 12.3779 4.30608e-23 0 1 1
50 12.3779 1.54854e-25 0 1 1
50 12.3779 0.00737818 0 1 1
50 12.3779 1.55125e-25 0 1 1
50 12.3779 -1.47136e-25 0 1 1
50 12.3779 -0.0070105 0 1 1
50 12.3779 -1.47136e-25 0 1 1
50 12.3779 -8.09518e-27 0 1 1
50 12.5035 4.30608e-23 0 1 1
50 12.5035 1.54854e-25 0 1 1
50 12.5035 0.00737818 0 1 1
50 12.5035 1.55125e-25 0 1 1
50 12.5035 -1.47136e-25 0 1 1
50 12.5035 -0.0070105 0 1 1
50 12.5035 -1.47136e-25 0 1 1
50 12.5035 -8.09518e-27 0 1 1
