50 0.0628319 -4.89854e-26 1.0694e-26 1 1
50 0.0628319 -5.26121e-27 5.66827e-28 1 1
50 0.0628319 0.00456566 0.000149674 1 1
50 0.0628319 -0 -0 1 1
50 0.0628319 0.00162362 0.000106567 1 1
50 0.0628319 0.00456566 0.000149674 1 1
50 0.0628319 -5.25561e-27 5.66925e-28 1 1
50 0.0628319 -2.02106e-29 2.18003e-30 1 1
50 0.188496 -3.7222e-26 2.69075e-26 1 1
50 0.188496 -4.81106e-27 1.55651e-27 1 1
50 0.188496 0.00452678 0.000445199 1 1
50 0.188496 -0 -0 1 1
50 0.188496 0.00158235 0.000314281 1 1
50 0.188496 0.00452678 0.000445199 1 1
50 0.188496 -4.81297e-27 1.5574e-27 1 1
50 0.188496 -1.85077e-29 5.98904e-30 1 1
50 0.314159 -2.15777e-26 3.28409e-26 1 1
50 0.314159 -4.11724e-27 2.22067e-27 1 1
50 0.314159 0.00445098 0.000729574 1 1
50 0.314159 -0 -0 1 1
50 0.314159 0.00150324 0.000506406 1 1
50 0.314159 0.00445098 0.000729574 1 1
50 0.314159 -4.11883e-27 2.22141e-27 1 1
50 0.314159 -1.58386e-29 8.54225e-30 1 1
50 0.439823 -8.84842e-27 3.10816e-26 1 1
50 0.439823 -3.38672e-27 2.55646e-27 1 1
50 0.439823 0.00434192 0.000996377 1 1
50 0.439823 -0 -0 1 1
50 0.439823 0.00139256 0.000674651 1 1
50 0.439823 0.00434192 0.000996377 1 1
50 0.439823 -3.38627e-27 2.55685e-27 1 1
50 0.439823 -1.30218e-29 9.83224e-30 1 1
50 0.565487 -7.74021e-28 2.61141e-26 1 1
50 0.565487 -2.73628e-27 2.6589e-27 1 1
50 0.565487 0.00420456 0.00124053 1 1
50 0.565487 -0 -0 1 1
50 0.565487 0.00125843 0.000813393 1 1
50 0.565487 0.00420456 0.00124053 1 1
50 0.565487 -2.7372e-27 2.65726e-27 1 1
50 0.565487 -1.05258e-29 1.02184e-29 1 1
50 0.69115 3.56826e-27 2.07671e-26 1 1
50 0.69115 -2.20929e-27 2.62217e-27 1 1
50 0.69115 0.00404461 0.00145852 1 1
50 0.69115 -0 -0 1 1
50 0.69115 0.00110968 0.000919949 1 1
50 0.69115 0.00404461 0.00145852 1 1
50 0.69115 -2.20814e-27 2.62002e-27 1 1
50 0.69115 -8.49132e-30 1.00752e-29 1 1
50 0.816814 5.57123e-27 1.61704e-26 1 1
50 0.816814 -1.7933e-27 2.5125e-27 1 1
50 0.816814 0.00386804 0.00164846 1 1
50 0.816814 -0 -0 1 1
50 0.816814 0.000954723 0.000994356 1 1
50 0.816814 0.00386804 0.00164846 1 1
50 0.816814 -1.79241e-27 2.51339e-27 1 1
50 0.816814 -6.89262e-30 9.66522e-30 1 1
50 0.942478 6.2741e-27 1.25396e-26 1 1
50 0.942478 -1.46968e-27 2.37738e-27 1 1
50 0.942478 0.00368057 0.00180988 1 1
50 0.942478 -0 -0 1 1
50 0.942478 0.000800856 0.00103882 1 1
50 0.942478 0.00368057 0.00180988 1 1
50 0.942478 -1.4696e-27 2.37779e-27 1 1
50 0.942478 -5.6513e-30 9.14373e-30 1 1
50 1.06814 6.29997e-27 9.77983e-27 1 1
50 1.06814 -1.22004e-27 2.23204e-27 1 1
50 1.06814 0.00348741 0.00194355 1 1
50 1.06814 -0 -0 1 1
50 1.06814 0.000653777 0.001057 1 1
50 1.06814 0.00348741 0.00194355 1 1
50 1.06814 -1.21875e-27 2.23485e-27 1 1
50 1.06814 -4.68667e-30 8.59404e-30 1 1
50 1.19381 6.00675e-27 7.69278e-27 1 1
50 1.19381 -1.02239e-27 2.09512e-27 1 1
50 1.19381 0.00329299 0.00205111 1 1
50 1.19381 -0 -0 1 1
50 1.19381 0.000517488 0.0010533 1 1
50 1.19381 0.00329299 0.00205111 1 1
50 1.19381 -1.02243e-27 2.09541e-27 1 1
50 1.19381 -3.93168e-30 8.05779e-30 1 1
50 1.31947 5.57554e-27 6.11455e-27 1 1
50 1.31947 -8.6803e-28 1.96367e-27 1 1
50 1.31947 0.00310091 0.00213478 1 1
50 1.31947 -0 -0 1 1
50 1.31947 0.000394416 0.00103232 1 1
50 1.31947 0.00310091 0.00213478 1 1
50 1.31947 -8.67195e-28 1.96437e-27 1 1
50 1.31947 -3.33478e-30 7.55389e-30 1 1
50 1.44513 5.10983e-27 4.91579e-27 1 1
50 1.44513 -7.43544e-28 1.84215e-27 1 1
50 1.44513 0.00291394 0.00219711 1 1
50 1.44513 -0 -0 1 1
50 1.44513 0.000285673 0.000998406 1 1
50 1.44513 0.00291394 0.00219711 1 1
50 1.44513 -7.43103e-28 1.84357e-27 1 1
50 1.44513 -2.85757e-30 7.08939e-30 1 1
50 1.5708 4.64844e-27 3.99947e-27 1 1
50 1.5708 -6.42305e-28 1.73126e-27 1 1
50 1.5708 0.0027341 0.00224078 1 1
50 1.5708 -0 -0 1 1
50 1.5708 0.000191364 0.000955404 1 1
50 1.5708 0.0027341 0.00224078 1 1
50 1.5708 -6.42753e-28 1.73329e-27 1 1
50 1.5708 -2.47171e-30 6.66533e-30 1 1
50 1.69646 4.22154e-27 3.28797e-27 1 1
50 1.69646 -5.60473e-28 1.63266e-27 1 1
50 1.69646 0.00256276 0.00226838 1 1
50 1.69646 -0 -0 1 1
50 1.69646 0.000110893 0.000906559 1 1
50 1.69646 0.00256276 0.00226838 1 1
50 1.69646 -5.60732e-28 1.63307e-27 1 1
50 1.69646 -2.15628e-30 6.2799e-30 1 1
50 1.82212 3.8313e-27 2.7274e-27 1 1
50 1.82212 -4.92742e-28 1.54188e-27 1 1
50 1.82212 0.00240073 0.00228236 1 1
50 1.82212 -0 -0 1 1
50 1.82212 4.32214e-05 0.000854481 1 1
50 1.82212 0.00240073 0.00228236 1 1
50 1.82212 -4.92975e-28 1.5421e-27 1 1
50 1.82212 -1.89574e-30 5.9301e-30 1 1
50 1.94779 3.48202e-27 2.28757e-27 1 1
50 1.94779 -4.36432e-28 1.45808e-27 1 1
50 1.94779 0.00224842 0.00228499 1 1
50 1.94779 -0 -0 1 1
50 1.94779 -1.29244e-05 0.00080119 1 1
50 1.94779 0.00224842 0.00228499 1 1
50 1.94779 -4.36474e-28 1.45951e-27 1 1
50 1.94779 -1.67846e-30 5.61249e-30 1 1
50 2.07345 3.16723e-27 1.9329e-27 1 1
50 2.07345 -3.88958e-28 1.38372e-27 1 1
50 2.07345 0.00210591 0.00227823 1 1
50 2.07345 -0 -0 1 1
50 2.07345 -5.89068e-05 0.000748191 1 1
50 2.07345 0.00210591 0.00227823 1 1
50 2.07345 -3.88925e-28 1.38441e-27 1 1
50 2.07345 -1.4956e-30 5.32371e-30 1 1
50 2.19911 2.8891e-27 1.64614e-27 1 1
50 2.19911 -3.48433e-28 1.3157e-27 1 1
50 2.19911 0.00197304 0.00226385 1 1
50 2.19911 -0 -0 1 1
50 2.19911 -9.60731e-05 0.000696559 1 1
50 2.19911 0.00197304 0.00226385 1 1
50 2.19911 -3.48575e-28 1.31599e-27 1 1
50 2.19911 -1.34045e-30 5.06059e-30 1 1
50 2.32478 2.64116e-27 1.41329e-27 1 1
50 2.32478 -3.1401e-28 1.25389e-27 1 1
50 2.32478 0.00184948 0.00224334 1 1
50 2.32478 -0 -0 1 1
50 2.32478 -0.000125693 0.000647024 1 1
50 2.32478 0.00184948 0.00224334 1 1
50 2.32478 -3.14078e-28 1.2535e-27 1 1
50 2.32478 -1.20778e-30 4.82029e-30 1 1
50 2.45044 2.42124e-27 1.2214e-27 1 1
50 2.45044 -2.84401e-28 1.19612e-27 1 1
50 2.45044 0.00173481 0.00221799 1 1
50 2.45044 -0 -0 1 1
50 2.45044 -0.000148923 0.000600048 1 1
50 2.45044 0.00173481 0.00221799 1 1
50 2.45044 -2.84368e-28 1.19628e-27 1 1
50 2.45044 -1.09354e-30 4.60025e-30 1 1
50 2.57611 2.2272e-27 1.06185e-27 1 1
50 2.57611 -2.58773e-28 1.14491e-27 1 1
50 2.57611 0.00162852 0.00218888 1 1
50 2.57611 -0 -0 1 1
50 2.57611 -0.000166792 0.00055589 1 1
50 2.57611 0.00162852 0.00218888 1 1
50 2.57611 -2.5862e-28 1.14375e-27 1 1
50 2.57611 -9.94515e-31 4.39824e-30 1 1
50 2.70177 2.05364e-27 9.28718e-28 1 1
50 2.70177 -2.36132e-28 1.0953e-27 1 1
50 2.70177 0.00153009 0.0021569 1 1
50 2.70177 -0 -0 1 1
50 2.70177 -0.000180198 0.00051466 1 1
50 2.70177 0.00153009 0.0021569 1 1
50 2.70177 -2.36163e-28 1.09539e-27 1 1
50 2.70177 -9.08167e-31 4.21229e-30 1 1
50 2.82743 1.89732e-27 8.16603e-28 1 1
50 2.82743 -2.16263e-28 1.05005e-27 1 1
50 2.82743 0.00143897 0.0021228 1 1
50 2.82743 -0 -0 1 1
50 2.82743 -0.000189914 0.00047636 1 1
50 2.82743 0.00143897 0.0021228 1 1
50 2.82743 -2.16475e-28 1.05076e-27 1 1
50 2.82743 -8.32449e-31 4.04067e-30 1 1
50 2.9531 1.75826e-27 7.21198e-28 1 1
50 2.9531 -1.99173e-28 1.00903e-27 1 1
50 2.9531 0.00135464 0.0020872 1 1
50 2.9531 -0 -0 1 1
50 2.9531 -0.000196599 0.000440922 1 1
50 2.9531 0.00135464 0.0020872 1 1
50 2.9531 -1.99118e-28 1.00947e-27 1 1
50 2.9531 -7.65706e-31 3.8819e-30 1 1
50 3.07876 1.63213e-27 6.40346e-28 1 1
50 3.07876 -1.83605e-28 9.71205e-28 1 1
50 3.07876 0.00127657 0.00205061 1 1
50 3.07876 -0 -0 1 1
50 3.07876 -0.00020081 0.000408226 1 1
50 3.07876 0.00127657 0.00205061 1 1
50 3.07876 -1.83748e-28 9.7118e-28 1 1
50 3.07876 -7.06591e-31 3.73464e-30 1 1
50 3.20442 1.51894e-27 5.70814e-28 1 1
50 3.20442 -1.70046e-28 9.34815e-28 1 1
50 3.20442 0.00120427 0.00201344 1 1
50 3.20442 -0 -0 1 1
50 3.20442 -0.000203015 0.000378126 1 1
50 3.20442 0.00120427 0.00201344 1 1
50 3.20442 -1.70073e-28 9.3558e-28 1 1
50 3.20442 -6.53997e-31 3.59774e-30 1 1
50 3.33009 1.4176e-27 5.11253e-28 1 1
50 3.33009 -1.57635e-28 9.02321e-28 1 1
50 3.33009 0.00113729 0.00197601 1 1
50 3.33009 -0 -0 1 1
50 3.33009 -0.000203603 0.000350456 1 1
50 3.33009 0.00113729 0.00197601 1 1
50 3.33009 -1.57849e-28 9.02413e-28 1 1
50 3.33009 -6.07008e-31 3.4702e-30 1 1
50 3.45575 1.32381e-27 4.59238e-28 1 1
50 3.45575 -1.4668e-28 8.71111e-28 1 1
50 3.45575 0.00107518 0.0019386 1 1
50 3.45575 -0 -0 1 1
50 3.45575 -0.000202898 0.000325045 1 1
50 3.45575 0.00107518 0.0019386 1 1
50 3.45575 -1.46889e-28 8.71445e-28 1 1
50 3.45575 -5.64862e-31 3.35111e-30 1 1
50 3.58142 1.23973e-27 4.14231e-28 1 1
50 3.58142 -1.37107e-28 8.42226e-28 1 1
50 3.58142 0.00101756 0.00190142 1 1
50 3.58142 -0 -0 1 1
50 3.58142 -0.000201168 0.000301724 1 1
50 3.58142 0.00101756 0.00190142 1 1
50 3.58142 -1.37022e-28 8.42473e-28 1 1
50 3.58142 -5.26921e-31 3.2397e-30 1 1
50 3.70708 1.16427e-27 3.74883e-28 1 1
50 3.70708 -1.28137e-28 8.14688e-28 1 1
50 3.70708 0.000964044 0.00186463 1 1
50 3.70708 -0 -0 1 1
50 3.70708 -0.000198633 0.000280326 1 1
50 3.70708 0.000964044 0.00186463 1 1
50 3.70708 -1.28111e-28 8.15315e-28 1 1
50 3.70708 -4.9265e-31 3.13526e-30 1 1
50 3.83274 1.09419e-27 3.40386e-28 1 1
50 3.83274 -1.19949e-28 7.89861e-28 1 1
50 3.83274 0.000914303 0.00182837 1 1
50 3.83274 -0 -0 1 1
50 3.83274 -0.000195477 0.000260692 1 1
50 3.83274 0.000914303 0.00182837 1 1
50 3.83274 -1.20035e-28 7.89811e-28 1 1
50 3.83274 -4.61592e-31 3.03719e-30 1 1
50 3.95841 1.02951e-27 3.09662e-28 1 1
50 3.95841 -1.12695e-28 7.65402e-28 1 1
50 3.95841 0.000868023 0.00179273 1 1
50 3.95841 -0 -0 1 1
50 3.95841 -0.000191847 0.000242673 1 1
50 3.95841 0.000868023 0.00179273 1 1
50 3.95841 -1.12695e-28 7.65817e-28 1 1
50 3.95841 -4.33361e-31 2.94492e-30 1 1
50 4.08407 9.713e-28 2.82712e-28 1 1
50 4.08407 -1.06118e-28 7.42653e-28 1 1
50 4.08407 0.000824921 0.0017578 1 1
50 4.08407 -0 -0 1 1
50 4.08407 -0.000187865 0.000226129 1 1
50 4.08407 0.000824921 0.0017578 1 1
50 4.08407 -1.06001e-28 7.43208e-28 1 1
50 4.08407 -4.07626e-31 2.85798e-30 1 1
50 4.20973 9.16859e-28 2.58726e-28 1 1
50 4.20973 -9.98424e-29 7.21557e-28 1 1
50 4.20973 0.000784736 0.00172362 1 1
50 4.20973 -0 -0 1 1
50 4.20973 -0.000183631 0.000210931 1 1
50 4.20973 0.000784736 0.00172362 1 1
50 4.20973 -9.98851e-29 7.21869e-28 1 1
50 4.20973 -3.84104e-31 2.77592e-30 1 1
50 4.3354 8.67809e-28 2.37435e-28 1 1
50 4.3354 -9.42797e-29 7.01162e-28 1 1
50 4.3354 0.000747233 0.00169024 1 1
50 4.3354 -0 -0 1 1
50 4.3354 -0.000179226 0.000196961 1 1
50 4.3354 0.000747233 0.00169024 1 1
50 4.3354 -9.42803e-29 7.01699e-28 1 1
50 4.3354 -3.62549e-31 2.69836e-30 1 1
50 4.46106 8.21993e-28 2.183e-28 1 1
50 4.46106 -8.90987e-29 6.82977e-28 1 1
50 4.46106 0.000712196 0.00165768 1 1
50 4.46106 -0 -0 1 1
50 4.46106 -0.000174713 0.000184109 1 1
50 4.46106 0.000712196 0.00165768 1 1
50 4.46106 -8.91306e-29 6.82605e-28 1 1
50 4.46106 -3.42749e-31 2.62493e-30 1 1
50 4.58673 7.7995e-28 2.01321e-28 1 1
50 4.58673 -8.43768e-29 6.65016e-28 1 1
50 4.58673 0.000679428 0.00162596 1 1
50 4.58673 -0 -0 1 1
50 4.58673 -0.000170147 0.000172277 1 1
50 4.58673 0.000679428 0.00162596 1 1
50 4.58673 -8.43903e-29 6.64506e-28 1 1
50 4.58673 -3.24519e-31 2.55533e-30 1 1
50 4.71239 7.40063e-28 1.85959e-28 1 1
50 4.71239 -7.99271e-29 6.47339e-28 1 1
50 4.71239 0.000648749 0.00159508 1 1
50 4.71239 -0 -0 1 1
50 4.71239 -0.000165568 0.000161374 1 1
50 4.71239 0.000648749 0.00159508 1 1
50 4.71239 -8.00157e-29 6.47326e-28 1 1
50 4.71239 -3.07699e-31 2.48927e-30 1 1
50 4.83805 7.0395e-28 1.7208e-28 1 1
50 4.83805 -7.59365e-29 6.30862e-28 1 1
50 4.83805 0.000619998 0.00156504 1 1
50 4.83805 -0 -0 1 1
50 4.83805 -0.00016101 0.000151318 1 1
50 4.83805 0.000619998 0.00156504 1 1
50 4.83805 -7.59716e-29 6.30999e-28 1 1
50 4.83805 -2.92148e-31 2.42649e-30 1 1
50 4.96372 6.70531e-28 1.59548e-28 1 1
50 4.96372 -7.22695e-29 6.15763e-28 1 1
50 4.96372 0.000593025 0.00153583 1 1
50 4.96372 -0 -0 1 1
50 4.96372 -0.0001565 0.000142033 1 1
50 4.96372 0.000593025 0.00153583 1 1
50 4.96372 -7.22268e-29 6.15464e-28 1 1
50 4.96372 -2.77741e-31 2.36675e-30 1 1
50 5.08938 6.38729e-28 1.48228e-28 1 1
50 5.08938 -6.86623e-29 6.00228e-28 1 1
50 5.08938 0.000567694 0.00150745 1 1
50 5.08938 -0 -0 1 1
50 5.08938 -0.000152057 0.000133454 1 1
50 5.08938 0.000567694 0.00150745 1 1
50 5.08938 -6.87479e-29 6.00665e-28 1 1
50 5.08938 -2.6437e-31 2.30984e-30 1 1
50 5.21504 6.09623e-28 1.37987e-28 1 1
50 5.21504 -6.55458e-29 5.85668e-28 1 1
50 5.21504 0.000543881 0.00147988 1 1
50 5.21504 -0 -0 1 1
50 5.21504 -0.000147699 0.000125517 1 1
50 5.21504 0.000543881 0.00147988 1 1
50 5.21504 -6.55164e-29 5.86553e-28 1 1
50 5.21504 -2.51938e-31 2.25557e-30 1 1
50 5.34071 5.82672e-28 1.28554e-28 1 1
50 5.34071 -6.24957e-29 5.73381e-28 1 1
50 5.34071 0.000521473 0.0014531 1 1
50 5.34071 -0 -0 1 1
50 5.34071 -0.000143436 0.000118168 1 1
50 5.34071 0.000521473 0.0014531 1 1
50 5.34071 -6.25051e-29 5.7308e-28 1 1
50 5.34071 -2.40359e-31 2.20376e-30 1 1
50 5.46637 5.56799e-28 1.20065e-28 1 1
50 5.46637 -5.96665e-29 5.60068e-28 1 1
50 5.46637 0.000500368 0.00142709 1 1
50 5.46637 -0 -0 1 1
50 5.46637 -0.000139277 0.000111357 1 1
50 5.46637 0.000500368 0.00142709 1 1
50 5.46637 -5.96954e-29 5.60205e-28 1 1
50 5.46637 -2.29558e-31 2.15425e-30 1 1
50 5.59203 5.32813e-28 1.12249e-28 1 1
50 5.59203 -5.70871e-29 5.47871e-28 1 1
50 5.59203 0.000480469 0.00140184 1 1
50 5.59203 -0 -0 1 1
50 5.59203 -0.00013523 0.000105036 1 1
50 5.59203 0.000480469 0.00140184 1 1
50 5.59203 -5.70707e-29 5.4789e-28 1 1
50 5.59203 -2.19466e-31 2.10689e-30 1 1
50 5.7177 5.10444e-28 1.05107e-28 1 1
50 5.7177 -5.45887e-29 5.36327e-28 1 1
50 5.7177 0.000461692 0.00137733 1 1
50 5.7177 -0 -0 1 1
50 5.7177 -0.000131297 9.91662e-05 1 1
50 5.7177 0.000461692 0.00137733 1 1
50 5.7177 -5.46153e-29 5.36098e-28 1 1
50 5.7177 -2.10023e-31 2.06155e-30 1 1
50 5.84336 4.89423e-28 9.85718e-29 1 1
50 5.84336 -5.23312e-29 5.25077e-28 1 1
50 5.84336 0.000443956 0.00135353 1 1
50 5.84336 -0 -0 1 1
50 5.84336 -0.000127481 9.37088e-05 1 1
50 5.84336 0.000443956 0.00135353 1 1
50 5.84336 -5.23148e-29 5.24799e-28 1 1
50 5.84336 -2.01175e-31 2.01809e-30 1 1
50 5.96903 4.69479e-28 9.25753e-29 1 1
50 5.96903 -5.01279e-29 5.14195e-28 1 1
50 5.96903 0.000427188 0.00133041 1 1
50 5.96903 -0 -0 1 1
50 5.96903 -0.000123783 8.86299e-05 1 1
50 5.96903 0.000427188 0.00133041 1 1
50 5.96903 -5.01566e-29 5.13961e-28 1 1
50 5.96903 -1.92873e-31 1.97642e-30 1 1
50 6.09469 4.50884e-28 8.69831e-29 1 1
50 6.09469 -4.8142e-29 5.03219e-28 1 1
50 6.09469 0.000411323 0.00130797 1 1
50 6.09469 -0 -0 1 1
50 6.09469 -0.000120204 8.38988e-05 1 1
50 6.09469 0.000411323 0.00130797 1 1
50 6.09469 -4.81283e-29 5.03558e-28 1 1
50 6.09469 -1.85073e-31 1.93641e-30 1 1
50 6.22035 4.33366e-28 8.18624e-29 1 1
50 6.22035 -4.6184e-29 4.93167e-28 1 1
50 6.22035 0.000396298 0.00128618 1 1
50 6.22035 -0 -0 1 1
50 6.22035 -0.000116741 7.94872e-05 1 1
50 6.22035 0.000396298 0.00128618 1 1
50 6.22035 -4.62195e-29 4.93563e-28 1 1
50 6.22035 -1.77735e-31 1.89798e-30 1 1
50 6.34602 4.16926e-28 7.72135e-29 1 1
50 6.34602 -4.4366e-29 4.84041e-28 1 1
50 6.34602 0.000382058 0.00126501 1 1
50 6.34602 -0 -0 1 1
50 6.34602 -0.000113395 7.53697e-05 1 1
50 6.34602 0.000382058 0.00126501 1 1
50 6.34602 -4.44219e-29 4.83955e-28 1 1
50 6.34602 -1.70824e-31 1.86103e-30 1 1
50 6.47168 4.01025e-28 7.27666e-29 1 1
50 6.47168 -4.26846e-29 4.74727e-28 1 1
50 6.47168 0.000368549 0.00124445 1 1
50 6.47168 -0 -0 1 1
50 6.47168 -0.000110162 7.15231e-05 1 1
50 6.47168 0.000368549 0.00124445 1 1
50 6.47168 -4.27282e-29 4.7471e-28 1 1
50 6.47168 -1.64307e-31 1.82548e-30 1 1
50 6.59734 3.86202e-28 6.8724e-29 1 1
50 6.59734 -4.11023e-29 4.65863e-28 1 1
50 6.59734 0.000355725 0.00122447 1 1
50 6.59734 -0 -0 1 1
50 6.59734 -0.00010704 6.79261e-05 1 1
50 6.59734 0.000355725 0.00122447 1 1
50 6.59734 -4.1127e-29 4.65809e-28 1 1
50 6.59734 -1.58155e-31 1.79125e-30 1 1
50 6.72301 3.72457e-28 6.49846e-29 1 1
50 6.72301 -3.95882e-29 4.57145e-28 1 1
50 6.72301 0.000343542 0.00120506 1 1
50 6.72301 -0 -0 1 1
50 6.72301 -0.000104027 6.45595e-05 1 1
50 6.72301 0.000343542 0.00120506 1 1
50 6.72301 -3.96161e-29 4.57233e-28 1 1
50 6.72301 -1.52342e-31 1.75828e-30 1 1
50 6.84867 3.59252e-28 6.15147e-29 1 1
50 6.84867 -3.81725e-29 4.48956e-28 1 1
50 6.84867 0.000331958 0.00118619 1 1
50 6.84867 -0 -0 1 1
50 6.84867 -0.000101119 6.14058e-05 1 1
50 6.84867 0.000331958 0.00118619 1 1
50 6.84867 -3.81853e-29 4.48966e-28 1 1
50 6.84867 -1.46842e-31 1.72648e-30 1 1
50 6.97434 3.46585e-28 5.82807e-29 1 1
50 6.97434 -3.68375e-29 4.40655e-28 1 1
50 6.97434 0.000320935 0.00116784 1 1
50 6.97434 -0 -0 1 1
50 6.97434 -9.83127e-05 5.84488e-05 1 1
50 6.97434 0.000320935 0.00116784 1 1
50 6.97434 -3.68314e-29 4.40989e-28 1 1
50 6.97434 -1.41635e-31 1.69581e-30 1 1
50 7.1 3.34726e-28 5.52824e-29 1 1
50 7.1 -3.55229e-29 4.33184e-28 1 1
50 7.1 0.00031044 0.00115001 1 1
50 7.1 -0 -0 1 1
50 7.1 -9.56058e-05 5.56739e-05 1 1
50 7.1 0.00031044 0.00115001 1 1
50 7.1 -3.55481e-29 4.33289e-28 1 1
50 7.1 -1.36699e-31 1.6662e-30 1 1
50 7.22566 3.23407e-28 5.24863e-29 1 1
50 7.22566 -3.43479e-29 4.25933e-28 1 1
50 7.22566 0.00030044 0.00113266 1 1
50 7.22566 -0 -0 1 1
50 7.22566 -9.29945e-05 5.30677e-05 1 1
50 7.22566 0.00030044 0.00113266 1 1
50 7.22566 -3.43303e-29 4.25852e-28 1 1
50 7.22566 -1.32016e-31 1.6376e-30 1 1
50 7.35133 3.12627e-28 4.98586e-29 1 1
50 7.35133 -3.31707e-29 4.18743e-28 1 1
50 7.35133 0.000290904 0.00111578 1 1
50 7.35133 -0 -0 1 1
50 7.35133 -9.04756e-05 5.06178e-05 1 1
50 7.35133 0.000290904 0.00111578 1 1
50 7.35133 -3.31738e-29 4.18664e-28 1 1
50 7.35133 -1.27569e-31 1.60996e-30 1 1
50 7.47699 3.02386e-28 4.73994e-29 1 1
50 7.47699 -3.20958e-29 4.11425e-28 1 1
50 7.47699 0.000281806 0.00109936 1 1
50 7.47699 -0 -0 1 1
50 7.47699 -8.80457e-05 4.83131e-05 1 1
50 7.47699 0.000281806 0.00109936 1 1
50 7.47699 -3.20745e-29 4.11714e-28 1 1
50 7.47699 -1.23343e-31 1.58323e-30 1 1
50 7.60265 2.92684e-28 4.51086e-29 1 1
50 7.60265 -3.10127e-29 4.04836e-28 1 1
50 7.60265 0.000273119 0.00108338 1 1
50 7.60265 -0 -0 1 1
50 7.60265 -8.57017e-05 4.61431e-05 1 1
50 7.60265 0.000273119 0.00108338 1 1
50 7.60265 -3.10291e-29 4.04988e-28 1 1
50 7.60265 -1.19322e-31 1.55737e-30 1 1
50 7.72832 2.83251e-28 4.29525e-29 1 1
50 7.72832 -3.00212e-29 3.9841e-28 1 1
50 7.72832 0.00026482 0.00106782 1 1
50 7.72832 -0 -0 1 1
50 7.72832 -8.34402e-05 4.40985e-05 1 1
50 7.72832 0.00026482 0.00106782 1 1
50 7.72832 -3.00342e-29 3.98478e-28 1 1
50 7.72832 -1.15495e-31 1.53233e-30 1 1
50 7.85398 2.74357e-28 4.09312e-29 1 1
50 7.85398 -2.90942e-29 3.92119e-28 1 1
50 7.85398 0.000256886 0.00105267 1 1
50 7.85398 -0 -0 1 1
50 7.85398 -8.12582e-05 4.21704e-05 1 1
50 7.85398 0.000256886 0.00105267 1 1
50 7.85398 -2.90861e-29 3.92173e-28 1 1
50 7.85398 -1.11849e-31 1.50809e-30 1 1
50 7.97965 2.66137e-28 3.90784e-29 1 1
50 7.97965 -2.81792e-29 3.85973e-28 1 1
50 7.97965 0.000249296 0.00103792 1 1
50 7.97965 -0 -0 1 1
50 7.97965 -7.91526e-05 4.0351e-05 1 1
50 7.97965 0.000249296 0.00103792 1 1
50 7.97965 -2.81815e-29 3.86063e-28 1 1
50 7.97965 -1.08373e-31 1.48459e-30 1 1
50 8.10531 2.58052e-28 3.72592e-29 1 1
50 8.10531 -2.73044e-29 3.80044e-28 1 1
50 8.10531 0.000242032 0.00102355 1 1
50 8.10531 -0 -0 1 1
50 8.10531 -7.71204e-05 3.86327e-05 1 1
50 8.10531 0.000242032 0.00102355 1 1
50 8.10531 -2.73191e-29 3.80139e-28 1 1
50 8.10531 -1.05055e-31 1.46181e-30 1 1
50 8.23097 2.50236e-28 3.56085e-29 1 1
50 8.23097 -2.64982e-29 3.74386e-28 1 1
50 8.23097 0.000235076 0.00100954 1 1
50 8.23097 -0 -0 1 1
50 8.23097 -7.51587e-05 3.70088e-05 1 1
50 8.23097 0.000235076 0.00100954 1 1
50 8.23097 -2.64956e-29 3.74394e-28 1 1
50 8.23097 -1.01888e-31 1.43972e-30 1 1
50 8.35664 2.4296e-28 3.40251e-29 1 1
50 8.35664 -2.57197e-29 3.68823e-28 1 1
50 8.35664 0.00022841 0.000995887 1 1
50 8.35664 -0 -0 1 1
50 8.35664 -7.32649e-05 3.5473e-05 1 1
50 8.35664 0.00022841 0.000995887 1 1
50 8.35664 -2.57085e-29 3.68819e-28 1 1
50 8.35664 -9.88613e-32 1.41828e-30 1 1
50 8.4823 2.35953e-28 3.25429e-29 1 1
50 8.4823 -2.49579e-29 3.63401e-28 1 1
50 8.4823 0.000222018 0.000982577 1 1
50 8.4823 -0 -0 1 1
50 8.4823 -7.14361e-05 3.40196e-05 1 1
50 8.4823 0.000222018 0.000982577 1 1
50 8.4823 -2.49557e-29 3.63407e-28 1 1
50 8.4823 -9.59675e-32 1.39747e-30 1 1
50 8.60796 2.2908e-28 3.11448e-29 1 1
50 8.60796 -2.42422e-29 3.58287e-28 1 1
50 8.60796 0.000215887 0.000969598 1 1
50 8.60796 -0 -0 1 1
50 8.60796 -6.96698e-05 3.26432e-05 1 1
50 8.60796 0.000215887 0.000969598 1 1
50 8.60796 -2.42361e-29 3.5815e-28 1 1
50 8.60796 -9.31986e-32 1.37725e-30 1 1
50 8.73363 2.22747e-28 2.98478e-29 1 1
50 8.73363 -2.35324e-29 3.53091e-28 1 1
50 8.73363 0.000210003 0.000956938 1 1
50 8.73363 -0 -0 1 1
50 8.73363 -6.79635e-05 3.13388e-05 1 1
50 8.73363 0.000210003 0.000956938 1 1
50 8.73363 -2.35467e-29 3.53043e-28 1 1
50 8.73363 -9.05477e-32 1.35761e-30 1 1
50 8.85929 2.16413e-28 2.85845e-29 1 1
50 8.85929 -2.28807e-29 3.48311e-28 1 1
50 8.85929 0.000204352 0.000944587 1 1
50 8.85929 -0 -0 1 1
50 8.85929 -6.63148e-05 3.0102e-05 1 1
50 8.85929 0.000204352 0.000944587 1 1
50 8.85929 -2.28864e-29 3.48079e-28 1 1
50 8.85929 -8.80082e-32 1.33852e-30 1 1
50 8.98495 2.10619e-28 2.74054e-29 1 1
50 8.98495 -2.22529e-29 3.4346e-28 1 1
50 8.98495 0.000198923 0.000932534 1 1
50 8.98495 -0 -0 1 1
50 8.98495 -6.47214e-05 2.89283e-05 1 1
50 8.98495 0.000198923 0.000932534 1 1
50 8.98495 -2.2253e-29 3.43251e-28 1 1
50 8.98495 -8.55739e-32 1.31996e-30 1 1
50 9.11062 2.04825e-28 2.62937e-29 1 1
50 9.11062 -2.16332e-29 3.38606e-28 1 1
50 9.11062 0.000193704 0.00092077 1 1
50 9.11062 -0 -0 1 1
50 9.11062 -6.31811e-05 2.7814e-05 1 1
50 9.11062 0.000193704 0.00092077 1 1
50 9.11062 -2.16457e-29 3.38556e-28 1 1
50 9.11062 -8.3239e-32 1.3019e-30 1 1
50 9.23628 1.99434e-28 2.52493e-29 1 1
50 9.23628 -2.10511e-29 3.34413e-28 1 1
50 9.23628 0.000188685 0.000909284 1 1
50 9.23628 -0 -0 1 1
50 9.23628 -6.16918e-05 2.67554e-05 1 1
50 9.23628 0.000188685 0.000909284 1 1
50 9.23628 -2.10633e-29 3.33986e-28 1 1
50 9.23628 -8.09984e-32 1.28433e-30 1 1
50 9.36195 1.94179e-28 2.42387e-29 1 1
50 9.36195 -2.05187e-29 3.29402e-28 1 1
50 9.36195 0.000183856 0.000898067 1 1
50 9.36195 -0 -0 1 1
50 9.36195 -6.02513e-05 2.57491e-05 1 1
50 9.36195 0.000183856 0.000898067 1 1
50 9.36195 -2.05037e-29 3.29538e-28 1 1
50 9.36195 -7.88468e-32 1.26723e-30 1 1
50 9.48761 1.89193e-28 2.33123e-29 1 1
50 9.48761 -1.99371e-29 3.2513e-28 1 1
50 9.48761 0.000179208 0.000887111 1 1
50 9.48761 -0 -0 1 1
50 9.48761 -5.88579e-05 2.47919e-05 1 1
50 9.48761 0.000179208 0.000887111 1 1
50 9.48761 -1.9966e-29 3.25206e-28 1 1
50 9.48761 -7.67798e-32 1.25057e-30 1 1
50 9.61327 1.84207e-28 2.24195e-29 1 1
50 9.61327 -1.94364e-29 3.20985e-28 1 1
50 9.61327 0.000174731 0.000876407 1 1
50 9.61327 -0 -0 1 1
50 9.61327 -5.75096e-05 2.38809e-05 1 1
50 9.61327 0.000174731 0.000876407 1 1
50 9.61327 -1.94496e-29 3.20987e-28 1 1
50 9.61327 -7.47929e-32 1.23434e-30 1 1
50 9.73894 1.79491e-28 2.15605e-29 1 1
50 9.73894 -1.8935e-29 3.17033e-28 1 1
50 9.73894 0.000170418 0.000865948 1 1
50 9.73894 -0 -0 1 1
50 9.73894 -5.62047e-05 2.30134e-05 1 1
50 9.73894 0.000170418 0.000865948 1 1
50 9.73894 -1.89524e-29 3.16875e-28 1 1
50 9.73894 -7.2882e-32 1.21853e-30 1 1
50 9.8646 1.75044e-28 2.07351e-29 1 1
50 9.8646 -1.84549e-29 3.12875e-28 1 1
50 9.8646 0.000166261 0.000855724 1 1
50 9.8646 -0 -0 1 1
50 9.8646 -5.49414e-05 2.2187e-05 1 1
50 9.8646 0.000166261 0.000855724 1 1
50 9.8646 -1.84749e-29 3.12866e-28 1 1
50 9.8646 -7.10434e-32 1.20312e-30 1 1
50 9.99026 1.70732e-28 1.99771e-29 1 1
50 9.99026 -1.80018e-29 3.09174e-28 1 1
50 9.99026 0.000162252 0.00084573 1 1
50 9.99026 -0 -0 1 1
50 9.99026 -5.37181e-05 2.13991e-05 1 1
50 9.99026 0.000162252 0.00084573 1 1
50 9.99026 -1.80146e-29 3.08958e-28 1 1
50 9.99026 -6.92734e-32 1.18809e-30 1 1
50 10.1159 1.66555e-28 1.92528e-29 1 1
50 10.1159 -1.75619e-29 3.05146e-28 1 1
50 10.1159 0.000158385 0.000835956 1 1
50 10.1159 -0 -0 1 1
50 10.1159 -5.25333e-05 2.06477e-05 1 1
50 10.1159 0.000158385 0.000835956 1 1
50 10.1159 -1.75714e-29 3.05145e-28 1 1
50 10.1159 -6.75687e-32 1.17342e-30 1 1
50 10.2416 1.62512e-28 1.85454e-29 1 1
50 10.2416 -1.7136e-29 3.01512e-28 1 1
50 10.2416 0.000154653 0.000826398 1 1
50 10.2416 -0 -0 1 1
50 10.2416 -5.13854e-05 1.99306e-05 1 1
50 10.2416 0.000154653 0.000826398 1 1
50 10.2416 -1.71439e-29 3.01425e-28 1 1
50 10.2416 -6.5926e-32 1.15912e-30 1 1
50 10.3673 1.58604e-28 1.78885e-29 1 1
50 10.3673 -1.67052e-29 2.9784e-28 1 1
50 10.3673 0.000151049 0.000817047 1 1
50 10.3673 -0 -0 1 1
50 10.3673 -5.0273e-05 1.9246e-05 1 1
50 10.3673 0.000151049 0.000817047 1 1
50 10.3673 -1.67319e-29 2.97795e-28 1 1
50 10.3673 -6.43425e-32 1.14516e-30 1 1
50 10.4929 1.54831e-28 1.72484e-29 1 1
50 10.4929 -1.63344e-29 2.94445e-28 1 1
50 10.4929 0.000147569 0.000807897 1 1
50 10.4929 -0 -0 1 1
50 10.4929 -4.91948e-05 1.8592e-05 1 1
50 10.4929 0.000147569 0.000807897 1 1
50 10.4929 -1.63349e-29 2.9425e-28 1 1
50 10.4929 -6.28153e-32 1.13153e-30 1 1
50 10.6186 1.51193e-28 1.66504e-29 1 1
50 10.6186 -1.59498e-29 2.90876e-28 1 1
50 10.6186 0.000144207 0.000798943 1 1
50 10.6186 -0 -0 1 1
50 10.6186 -4.81495e-05 1.7967e-05 1 1
50 10.6186 0.000144207 0.000798943 1 1
50 10.6186 -1.5952e-29 2.90789e-28 1 1
50 10.6186 -6.13418e-32 1.11822e-30 1 1
50 10.7442 1.47824e-28 1.60777e-29 1 1
50 10.7442 -1.55886e-29 2.87446e-28 1 1
50 10.7442 0.000140957 0.000790179 1 1
50 10.7442 -0 -0 1 1
50 10.7442 -4.71357e-05 1.73694e-05 1 1
50 10.7442 0.000140957 0.000790179 1 1
50 10.7442 -1.55816e-29 2.87408e-28 1 1
50 10.7442 -5.99195e-32 1.10522e-30 1 1
50 10.8699 1.44455e-28 1.55219e-29 1 1
50 10.8699 -1.52318e-29 2.83873e-28 1 1
50 10.8699 0.000137814 0.000781598 1 1
50 10.8699 -0 -0 1 1
50 10.8699 -4.61524e-05 1.67977e-05 1 1
50 10.8699 0.000137814 0.000781598 1 1
50 10.8699 -1.52252e-29 2.84105e-28 1 1
50 10.8699 -5.8546e-32 1.09251e-30 1 1
50 10.9956 1.41221e-28 1.49997e-29 1 1
50 10.9956 -1.48639e-29 2.80895e-28 1 1
50 10.9956 0.000134774 0.000773195 1 1
50 10.9956 -0 -0 1 1
50 10.9956 -4.51983e-05 1.62506e-05 1 1
50 10.9956 0.000134774 0.000773195 1 1
50 10.9956 -1.48794e-29 2.80876e-28 1 1
50 10.9956 -5.72192e-32 1.0801e-30 1 1
50 11.1212 1.37987e-28 1.45028e-29 1 1
50 11.1212 -1.45446e-29 2.77336e-28 1 1
50 11.1212 0.000131833 0.000764965 1 1
50 11.1212 -0 -0 1 1
50 11.1212 -4.42724e-05 1.57268e-05 1 1
50 11.1212 0.000131833 0.000764965 1 1
50 11.1212 -1.45461e-29 2.7772e-28 1 1
50 11.1212 -5.59369e-32 1.06796e-30 1 1
50 11.2469 1.34955e-28 1.40143e-29 1 1
50 11.2469 -1.42207e-29 2.74549e-28 1 1
50 11.2469 0.000128986 0.000756904 1 1
50 11.2469 -0 -0 1 1
50 11.2469 -4.33737e-05 1.5225e-05 1 1
50 11.2469 0.000128986 0.000756904 1 1
50 11.2469 -1.42238e-29 2.74634e-28 1 1
50 11.2469 -5.46972e-32 1.05609e-30 1 1
50 11.3726 1.32058e-28 1.35595e-29 1 1
50 11.3726 -1.39111e-29 2.72015e-28 1 1
50 11.3726 0.00012623 0.000749005 1 1
50 11.3726 -0 -0 1 1
50 11.3726 -4.2501e-05 1.47442e-05 1 1
50 11.3726 0.00012623 0.000749005 1 1
50 11.3726 -1.3912e-29 2.71615e-28 1 1
50 11.3726 -5.34983e-32 1.04449e-30 1 1
50 11.4982 1.29228e-28 1.31216e-29 1 1
50 11.4982 -1.36125e-29 2.68766e-28 1 1
50 11.4982 0.00012356 0.000741264 1 1
50 11.4982 -0 -0 1 1
50 11.4982 -4.16535e-05 1.42832e-05 1 1
50 11.4982 0.00012356 0.000741264 1 1
50 11.4982 -1.36104e-29 2.68662e-28 1 1
50 11.4982 -5.23383e-32 1.03313e-30 1 1
50 11.6239 1.26466e-28 1.27089e-29 1 1
50 11.6239 -1.33165e-29 2.65685e-28 1 1
50 11.6239 0.000120973 0.000733677 1 1
50 11.6239 -0 -0 1 1
50 11.6239 -4.08303e-05 1.3841e-05 1 1
50 11.6239 0.000120973 0.000733677 1 1
50 11.6239 -1.33185e-29 2.65772e-28 1 1
50 11.6239 -5.12156e-32 1.02202e-30 1 1
50 11.7496 1.23771e-28 1.23046e-29 1 1
50 11.7496 -1.30273e-29 2.62953e-28 1 1
50 11.7496 0.000118466 0.000726239 1 1
50 11.7496 -0 -0 1 1
50 11.7496 -4.00304e-05 1.34167e-05 1 1
50 11.7496 0.000118466 0.000726239 1 1
50 11.7496 -1.30356e-29 2.62943e-28 1 1
50 11.7496 -5.01286e-32 1.01114e-30 1 1
50 11.8752 1.21143e-28 1.19172e-29 1 1
50 11.8752 -1.276e-29 2.60105e-28 1 1
50 11.8752 0.000116035 0.000718946 1 1
50 11.8752 -0 -0 1 1
50 11.8752 -3.92531e-05 1.30095e-05 1 1
50 11.8752 0.000116035 0.000718946 1 1
50 11.8752 -1.2762e-29 2.60174e-28 1 1
50 11.8752 -4.90758e-32 1.00049e-30 1 1
50 12.0009 1.18717e-28 1.15466e-29 1 1
50 12.0009 -1.24955e-29 2.57315e-28 1 1
50 12.0009 0.000113678 0.000711794 1 1
50 12.0009 -0 -0 1 1
50 12.0009 -3.84974e-05 1.26184e-05 1 1
50 12.0009 0.000113678 0.000711794 1 1
50 12.0009 -1.24968e-29 2.57463e-28 1 1
50 12.0009 -4.80558e-32 9.90064e-31 1 1
50 12.1265 1.16292e-28 1.11929e-29 1 1
50 12.1265 -1.22363e-29 2.5485e-28 1 1
50 12.1265 0.000111392 0.000704779 1 1
50 12.1265 -0 -0 1 1
50 12.1265 -3.77628e-05 1.22428e-05 1 1
50 12.1265 0.000111392 0.000704779 1 1
50 12.1265 -1.22396e-29 2.54807e-28 1 1
50 12.1265 -4.70673e-32 9.79852e-31 1 1
50 12.2522 1.13866e-28 1.0856e-29 1 1
50 12.2522 -1.19867e-29 2.52187e-28 1 1
50 12.2522 0.000109173 0.000697898 1 1
50 12.2522 -0 -0 1 1
50 12.2522 -3.70483e-05 1.18817e-05 1 1
50 12.2522 0.000109173 0.000697898 1 1
50 12.2522 -1.19905e-29 2.52206e-28 1 1
50 12.2522 -4.61089e-32 9.69848e-31 1 1
50 12.3779 1.11643e-28 1.05276e-29 1 1
50 12.3779 -1.17536e-29 2.49793e-28 1 1
50 12.3779 0.000107019 0.000691146 1 1
50 12.3779 -0 -0 1 1
50 12.3779 -3.63533e-05 1.15346e-05 1 1
50 12.3779 0.000107019 0.000691146 1 1
50 12.3779 -1.17489e-29 2.49657e-28 1 1
50 12.3779 -4.51795e-32 9.60045e-31 1 1
50 12.5035 1.09352e-28 1.0216e-29 1 1
50 12.5035 -1.15129e-29 2.47155e-28 1 1
50 12.5035 0.000104928 0.000684521 1 1
50 12.5035 -0 -0 1 1
50 12.5035 -3.56772e-05 1.12008e-05 1 1
50 12.5035 0.000104928 0.000684521 1 1
50 12.5035 -1.15144e-29 2.47158e-28 1 1
50 12.5035 -4.42779e-32 9.50439e-31 1 1
