50 0.0628319 0 0 1 1
50 0.0628319 -2.72975e-27 2.94447e-28 1 1
50 0.0628319 0.00961023 0.000315049 1 1
50 0.0628319 -2.63951e-27 2.74751e-28 1 1
50 0.0628319 -2.73136e-27 2.94679e-28 1 1
50 0.0628319 0.00961023 0.000315049 1 1
50 0.0628319 -3.53251e-26 3.67866e-27 1 1
50 0.0628319 0.0120652 0.000791909 1 1
50 0.188496 0 0 1 1
50 0.188496 -2.49975e-27 8.08912e-28 1 1
50 0.188496 0.00952839 0.000937097 1 1
50 0.188496 -2.4312e-27 7.59363e-28 1 1
50 0.188496 -2.49949e-27 8.09585e-28 1 1
50 0.188496 0.00952839 0.000937097 1 1
50 0.188496 -3.25336e-26 1.01618e-26 1 1
50 0.188496 0.0117585 0.00233544 1 1
50 0.314159 0 0 1 1
50 0.314159 -2.13925e-27 1.15376e-27 1 1
50 0.314159 0.00936884 0.00153568 1 1
50 0.314159 -2.09949e-27 1.09328e-27 1 1
50 0.314159 -2.13976e-27 1.15412e-27 1 1
50 0.314159 0.00936884 0.00153568 1 1
50 0.314159 -2.81025e-26 1.46213e-26 1 1
50 0.314159 0.0111706 0.00376313 1 1
50 0.439823 0 0 1 1
50 0.439823 -1.75879e-27 1.328e-27 1 1
50 0.439823 0.00913928 0.00209727 1 1
50 0.439823 -1.7425e-27 1.27076e-27 1 1
50 0.439823 -1.75892e-27 1.327e-27 1 1
50 0.439823 0.00913928 0.00209727 1 1
50 0.439823 -2.33323e-26 1.70218e-26 1 1
50 0.439823 0.0103482 0.00501337 1 1
50 0.565487 0 0 1 1
50 0.565487 -1.42167e-27 1.38015e-27 1 1
50 0.565487 0.00885014 0.00261118 1 1
50 0.565487 -1.42025e-27 1.33207e-27 1 1
50 0.565487 -1.42196e-27 1.38046e-27 1 1
50 0.565487 0.00885014 0.00261118 1 1
50 0.565487 -1.89948e-26 1.78321e-26 1 1
50 0.565487 0.0093515 0.00604437 1 1
50 0.69115 0 0 1 1
50 0.69115 -1.14688e-27 1.3608e-27 1 1
50 0.69115 0.00851347 0.00307003 1 1
50 0.69115 -1.15346e-27 1.32256e-27 1 1
50 0.69115 -1.14886e-27 1.36167e-27 1 1
50 0.69115 0.00851347 0.00307003 1 1
50 0.69115 -1.54472e-26 1.76859e-26 1 1
50 0.69115 0.00824608 0.00683619 1 1
50 0.816814 0 0 1 1
50 0.816814 -9.30954e-28 1.30544e-27 1 1
50 0.816814 0.0081418 0.00346983 1 1
50 0.816814 -9.41215e-28 1.27566e-27 1 1
50 0.816814 -9.31926e-28 1.30505e-27 1 1
50 0.816814 0.0081418 0.00346983 1 1
50 0.816814 -1.25996e-26 1.70864e-26 1 1
50 0.816814 0.0070946 0.00738912 1 1
50 0.942478 0 0 1 1
50 0.942478 -7.63294e-28 1.235e-27 1 1
50 0.942478 0.00774722 0.00380961 1 1
50 0.942478 -7.74843e-28 1.2119e-27 1 1
50 0.942478 -7.63984e-28 1.23422e-27 1 1
50 0.942478 0.00774722 0.00380961 1 1
50 0.942478 -1.03718e-26 1.62241e-26 1 1
50 0.942478 0.0059512 0.00771953 1 1
50 1.06814 0 0 1 1
50 1.06814 -6.33007e-28 1.16076e-27 1 1
50 1.06814 0.00734064 0.00409097 1 1
50 1.06814 -6.44605e-28 1.14275e-27 1 1
50 1.06814 -6.32576e-28 1.16138e-27 1 1
50 1.06814 0.00734064 0.00409097 1 1
50 1.06814 -8.63748e-27 1.52847e-26 1 1
50 1.06814 0.00485825 0.0078546 1 1
50 1.19381 0 0 1 1
50 1.19381 -5.31034e-28 1.08833e-27 1 1
50 1.19381 0.0069314 0.00431736 1 1
50 1.19381 -5.42091e-28 1.07417e-27 1 1
50 1.19381 -5.31434e-28 1.08901e-27 1 1
50 1.19381 0.0069314 0.00431736 1 1
50 1.19381 -7.25461e-27 1.43832e-26 1 1
50 1.19381 0.00384548 0.00782714 1 1
50 1.31947 0 0 1 1
50 1.31947 -4.50414e-28 1.02027e-27 1 1
50 1.31947 0.00652709 0.00449348 1 1
50 1.31947 -4.60682e-28 1.00901e-27 1 1
50 1.31947 -4.5036e-28 1.02075e-27 1 1
50 1.31947 0.00652709 0.00449348 1 1
50 1.31947 -6.17188e-27 1.35155e-26 1 1
50 1.31947 0.00293093 0.00767125 1 1
50 1.44513 0 0 1 1
50 1.44513 -3.85959e-28 9.5753e-28 1 1
50 1.44513 0.00613354 0.00462469 1 1
50 1.44513 -3.95367e-28 9.48474e-28 1 1
50 1.44513 -3.86383e-28 9.58004e-28 1 1
50 1.44513 0.00613354 0.00462469 1 1
50 1.44513 -5.29515e-27 1.27015e-26 1 1
50 1.44513 0.00212285 0.00741921 1 1
50 1.5708 0 0 1 1
50 1.5708 -3.33842e-28 9.00254e-28 1 1
50 1.5708 0.00575499 0.0047166 1 1
50 1.5708 -3.42406e-28 8.9289e-28 1 1
50 1.5708 -3.33808e-28 9.00676e-28 1 1
50 1.5708 0.00575499 0.0047166 1 1
50 1.5708 -4.58007e-27 1.19518e-26 1 1
50 1.5708 0.00142203 0.00709966 1 1
50 1.69646 0 0 1 1
50 1.69646 -2.91239e-28 8.48197e-28 1 1
50 1.69646 0.00539433 0.00477469 1 1
50 1.69646 -2.99014e-28 8.42144e-28 1 1
50 1.69646 -2.916e-28 8.48944e-28 1 1
50 1.69646 0.00539433 0.00477469 1 1
50 1.69646 -3.99411e-27 1.12749e-26 1 1
50 1.69646 0.000824049 0.00673669 1 1
50 1.82212 0 0 1 1
50 1.82212 -2.56049e-28 8.0095e-28 1 1
50 1.82212 0.00505328 0.00480414 1 1
50 1.82212 -2.63106e-28 7.95925e-28 1 1
50 1.82212 -2.56141e-28 8.01594e-28 1 1
50 1.82212 0.00505328 0.00480414 1 1
50 1.82212 -3.521e-27 1.06472e-26 1 1
50 1.82212 0.00032118 0.00634969 1 1
50 1.94779 0 0 1 1
50 1.94779 -2.26701e-28 7.58053e-28 1 1
50 1.94779 0.00473269 0.00480965 1 1
50 1.94779 -2.33112e-28 7.53842e-28 1 1
50 1.94779 -2.2689e-28 7.58304e-28 1 1
50 1.94779 0.00473269 0.00480965 1 1
50 1.94779 -3.12297e-27 1.00935e-26 1 1
50 1.94779 -9.60422e-05 0.00595368 1 1
50 2.07345 0 0 1 1
50 2.07345 -2.02004e-28 7.19048e-28 1 1
50 2.07345 0.00443272 0.00479544 1 1
50 2.07345 -2.07839e-28 7.15489e-28 1 1
50 2.07345 -2.02064e-28 7.1941e-28 1 1
50 2.07345 0.00443272 0.00479544 1 1
50 2.07345 -2.7832e-27 9.58108e-27 1 1
50 2.07345 -0.00043774 0.00555985 1 1
50 2.19911 0 0 1 1
50 2.19911 -1.81048e-28 6.83511e-28 1 1
50 2.19911 0.00415304 0.00476517 1 1
50 2.19911 -1.8637e-28 6.80478e-28 1 1
50 2.19911 -1.80994e-28 6.84669e-28 1 1
50 2.19911 0.00415304 0.00476517 1 1
50 2.19911 -2.49646e-27 9.10935e-27 1 1
50 2.19911 -0.000713924 0.00517617 1 1
50 2.32478 0 0 1 1
50 2.32478 -1.63129e-28 6.51054e-28 1 1
50 2.32478 0.00389297 0.004722 1 1
50 2.32478 -1.67996e-28 6.48452e-28 1 1
50 2.32478 -1.63137e-28 6.51554e-28 1 1
50 2.32478 0.00389297 0.004722 1 1
50 2.32478 -2.2505e-27 8.68295e-27 1 1
50 2.32478 -0.000934031 0.00480807 1 1
50 2.45044 0 0 1 1
50 2.45044 -1.47699e-28 6.21335e-28 1 1
50 2.45044 0.00365159 0.00466864 1 1
50 2.45044 -1.52162e-28 6.19086e-28 1 1
50 2.45044 -1.47728e-28 6.2116e-28 1 1
50 2.45044 0.00365159 0.00466864 1 1
50 2.45044 -2.03529e-27 8.2909e-27 1 1
50 2.45044 -0.00110665 0.00445899 1 1
50 2.57611 0 0 1 1
50 2.57611 -1.34324e-28 5.9405e-28 1 1
50 2.57611 0.00342787 0.00460735 1 1
50 2.57611 -1.38427e-28 5.92094e-28 1 1
50 2.57611 -1.34292e-28 5.94699e-28 1 1
50 2.57611 0.00342787 0.00460735 1 1
50 2.57611 -1.85203e-27 7.94128e-27 1 1
50 2.57611 -0.00123944 0.00413085 1 1
50 2.70177 0 0 1 1
50 2.70177 -1.22662e-28 5.68934e-28 1 1
50 2.70177 0.00322068 0.00454004 1 1
50 2.70177 -1.26443e-28 5.67224e-28 1 1
50 2.70177 -1.22712e-28 5.68558e-28 1 1
50 2.70177 0.00322068 0.00454004 1 1
50 2.70177 -1.6914e-27 7.59034e-27 1 1
50 2.70177 -0.00133906 0.00382446 1 1
50 2.82743 0 0 1 1
50 2.82743 -1.12435e-28 5.45755e-28 1 1
50 2.82743 0.00302888 0.00446827 1 1
50 2.82743 -1.15929e-28 5.44251e-28 1 1
50 2.82743 -1.12475e-28 5.45622e-28 1 1
50 2.82743 0.00302888 0.00446827 1 1
50 2.82743 -1.55167e-27 7.28617e-27 1 1
50 2.82743 -0.00141126 0.00353986 1 1
50 2.9531 0 0 1 1
50 2.9531 -1.0342e-28 5.24309e-28 1 1
50 2.9531 0.00285137 0.00439334 1 1
50 2.9531 -1.06657e-28 5.22981e-28 1 1
50 2.9531 -1.03499e-28 5.24687e-28 1 1
50 2.9531 0.00285137 0.00439334 1 1
50 2.9531 -1.42766e-27 6.99837e-27 1 1
50 2.9531 -0.00146094 0.00327651 1 1
50 3.07876 0 0 1 1
50 3.07876 -9.5436e-29 5.0442e-28 1 1
50 3.07876 0.00268704 0.00431632 1 1
50 3.07876 -9.84418e-29 5.0324e-28 1 1
50 3.07876 -9.54753e-29 5.04509e-28 1 1
50 3.07876 0.00268704 0.00431632 1 1
50 3.07876 -1.31807e-27 6.73686e-27 1 1
50 3.07876 -0.00149223 0.00303355 1 1
50 3.20442 0 0 1 1
50 3.20442 -8.83323e-29 4.8593e-28 1 1
50 3.20442 0.00253486 0.00423807 1 1
50 3.20442 -9.11297e-29 4.84878e-28 1 1
50 3.20442 -8.836e-29 4.86191e-28 1 1
50 3.20442 0.00253486 0.00423807 1 1
50 3.20442 -1.22099e-27 6.49039e-27 1 1
50 3.20442 -0.00150862 0.00280987 1 1
50 3.33009 0 0 1 1
50 3.33009 -8.19857e-29 4.68703e-28 1 1
50 3.33009 0.00239387 0.00415929 1 1
50 3.33009 -8.45949e-29 4.67761e-28 1 1
50 3.33009 -8.20694e-29 4.68797e-28 1 1
50 3.33009 0.00239387 0.00415929 1 1
50 3.33009 -1.1329e-27 6.25883e-27 1 1
50 3.33009 -0.00151299 0.00260426 1 1
50 3.45575 0 0 1 1
50 3.45575 -7.62932e-29 4.52619e-28 1 1
50 3.45575 0.00226314 0.00408055 1 1
50 3.45575 -7.87319e-29 4.51773e-28 1 1
50 3.45575 -7.6312e-29 4.52658e-28 1 1
50 3.45575 0.00226314 0.00408055 1 1
50 3.45575 -1.05361e-27 6.04849e-27 1 1
50 3.45575 -0.00150774 0.00241543 1 1
50 3.58142 0 0 1 1
50 3.58142 -7.11688e-29 4.37571e-28 1 1
50 3.58142 0.00214185 0.00400228 1 1
50 3.58142 -7.34526e-29 4.36808e-28 1 1
50 3.58142 -7.12325e-29 4.38215e-28 1 1
50 3.58142 0.00214185 0.00400228 1 1
50 3.58142 -9.81929e-28 5.84601e-27 1 1
50 3.58142 -0.00149489 0.00224213 1 1
50 3.70708 0 0 1 1
50 3.70708 -6.65399e-29 4.23465e-28 1 1
50 3.70708 0.00202921 0.00392485 1 1
50 3.70708 -6.86827e-29 4.22775e-28 1 1
50 3.70708 -6.65177e-29 4.2411e-28 1 1
50 3.70708 0.00202921 0.00392485 1 1
50 3.70708 -9.1955e-28 5.66029e-27 1 1
50 3.70708 -0.00147606 0.00208312 1 1
50 3.83274 0 0 1 1
50 3.83274 -6.2345e-29 4.10219e-28 1 1
50 3.83274 0.00192451 0.00384852 1 1
50 3.83274 -6.43592e-29 4.09592e-28 1 1
50 3.83274 -6.23902e-29 4.10485e-28 1 1
50 3.83274 0.00192451 0.00384852 1 1
50 3.83274 -8.61728e-28 5.48151e-27 1 1
50 3.83274 -0.0014526 0.00193722 1 1
50 3.95841 0 0 1 1
50 3.95841 -5.8532e-29 3.97757e-28 1 1
50 3.95841 0.0018271 0.00377351 1 1
50 3.95841 -6.04284e-29 3.97187e-28 1 1
50 3.95841 -5.85379e-29 3.97599e-28 1 1
50 3.95841 0.0018271 0.00377351 1 1
50 3.95841 -8.09098e-28 5.31435e-27 1 1
50 3.95841 -0.00142562 0.00180331 1 1
50 4.08407 0 0 1 1
50 4.08407 -5.50562e-29 3.86014e-28 1 1
50 4.08407 0.00173637 0.00369998 1 1
50 4.08407 -5.68447e-29 3.85493e-28 1 1
50 4.08407 -5.5085e-29 3.85999e-28 1 1
50 4.08407 0.00173637 0.00369998 1 1
50 4.08407 -7.6135e-28 5.15742e-27 1 1
50 4.08407 -0.00139604 0.00168037 1 1
50 4.20973 0 0 1 1
50 4.20973 -5.18791e-29 3.74931e-28 1 1
50 4.20973 0.00165179 0.00362804 1 1
50 4.20973 -5.35684e-29 3.74454e-28 1 1
50 4.20973 -5.18652e-29 3.7523e-28 1 1
50 4.20973 0.00165179 0.00362804 1 1
50 4.20973 -7.16721e-28 5.01234e-27 1 1
50 4.20973 -0.00136458 0.00156744 1 1
50 4.3354 0 0 1 1
50 4.3354 -4.89678e-29 3.64455e-28 1 1
50 4.3354 0.00157285 0.00355778 1 1
50 4.3354 -5.05658e-29 3.64017e-28 1 1
50 4.3354 -4.89681e-29 3.64835e-28 1 1
50 4.3354 0.00157285 0.00355778 1 1
50 4.3354 -6.77083e-28 4.87292e-27 1 1
50 4.3354 -0.00133184 0.00146362 1 1
50 4.46106 0 0 1 1
50 4.46106 -4.62935e-29 3.54537e-28 1 1
50 4.46106 0.0014991 0.00348925 1 1
50 4.46106 -4.78073e-29 3.54135e-28 1 1
50 4.46106 -4.62762e-29 3.54906e-28 1 1
50 4.46106 0.0014991 0.00348925 1 1
50 4.46106 -6.40326e-28 4.74143e-27 1 1
50 4.46106 -0.0012983 0.00136812 1 1
50 4.58673 0 0 1 1
50 4.58673 -4.38313e-29 3.45137e-28 1 1
50 4.58673 0.00143012 0.00342247 1 1
50 4.58673 -4.52672e-29 3.44766e-28 1 1
50 4.58673 -4.38249e-29 3.45465e-28 1 1
50 4.58673 0.00143012 0.00342247 1 1
50 4.58673 -6.06104e-28 4.61375e-27 1 1
50 4.58673 -0.00126437 0.0012802 1 1
50 4.71239 0 0 1 1
50 4.71239 -4.15595e-29 3.36214e-28 1 1
50 4.71239 0.00136555 0.00335747 1 1
50 4.71239 -4.29233e-29 3.35872e-28 1 1
50 4.71239 -4.15712e-29 3.36316e-28 1 1
50 4.71239 0.00136555 0.00335747 1 1
50 4.71239 -5.74553e-28 4.49699e-27 1 1
50 4.71239 -0.00123034 0.00119918 1 1
50 4.83805 0 0 1 1
50 4.83805 -3.94591e-29 3.27734e-28 1 1
50 4.83805 0.00130503 0.00329424 1 1
50 4.83805 -4.0756e-29 3.27417e-28 1 1
50 4.83805 -3.94696e-29 3.27985e-28 1 1
50 4.83805 0.00130503 0.00329424 1 1
50 4.83805 -5.45979e-28 4.38289e-27 1 1
50 4.83805 -0.00119647 0.00112445 1 1
50 4.96372 0 0 1 1
50 4.96372 -3.75132e-29 3.19665e-28 1 1
50 4.96372 0.00124825 0.00323276 1 1
50 4.96372 -3.8748e-29 3.19371e-28 1 1
50 4.96372 -3.75321e-29 3.2013e-28 1 1
50 4.96372 0.00124825 0.00323276 1 1
50 4.96372 -5.19317e-28 4.2725e-27 1 1
50 4.96372 -0.00116296 0.00105546 1 1
50 5.08938 0 0 1 1
50 5.08938 -3.57072e-29 3.11979e-28 1 1
50 5.08938 0.00119493 0.00317302 1 1
50 5.08938 -3.68841e-29 3.11706e-28 1 1
50 5.08938 -3.57533e-29 3.12325e-28 1 1
50 5.08938 0.00119493 0.00317302 1 1
50 5.08938 -4.93302e-28 4.17152e-27 1 1
50 5.08938 -0.00112995 0.000991702 1 1
50 5.21504 0 0 1 1
50 5.21504 -3.40281e-29 3.04649e-28 1 1
50 5.21504 0.00114481 0.00311498 1 1
50 5.21504 -3.5151e-29 3.04395e-28 1 1
50 5.21504 -3.40393e-29 3.0465e-28 1 1
50 5.21504 0.00114481 0.00311498 1 1
50 5.21504 -4.70215e-28 4.07349e-27 1 1
50 5.21504 -0.00109756 0.000932725 1 1
50 5.34071 0 0 1 1
50 5.34071 -3.24642e-29 2.97651e-28 1 1
50 5.34071 0.00109765 0.00305862 1 1
50 5.34071 -3.35368e-29 2.97415e-28 1 1
50 5.34071 -3.24655e-29 2.97948e-28 1 1
50 5.34071 0.00109765 0.00305862 1 1
50 5.34071 -4.48945e-28 3.98211e-27 1 1
50 5.34071 -0.00106588 0.000878115 1 1
50 5.46637 0 0 1 1
50 5.46637 -3.10053e-29 2.90964e-28 1 1
50 5.46637 0.00105322 0.00300388 1 1
50 5.46637 -3.20308e-29 2.90743e-28 1 1
50 5.46637 -3.10073e-29 2.90994e-28 1 1
50 5.46637 0.00105322 0.00300388 1 1
50 5.46637 -4.28834e-28 3.89148e-27 1 1
50 5.46637 -0.00103498 0.000827496 1 1
50 5.59203 0 0 1 1
50 5.59203 -2.96423e-29 2.84568e-28 1 1
50 5.59203 0.00101134 0.00295073 1 1
50 5.59203 -3.06237e-29 2.84361e-28 1 1
50 5.59203 -2.96359e-29 2.84959e-28 1 1
50 5.59203 0.00101134 0.00295073 1 1
50 5.59203 -4.09831e-28 3.80903e-27 1 1
50 5.59203 -0.0010049 0.00078053 1 1
50 5.7177 0 0 1 1
50 5.7177 -2.83669e-29 2.78443e-28 1 1
50 5.7177 0.000971812 0.00289913 1 1
50 5.7177 -2.93069e-29 2.7825e-28 1 1
50 5.7177 -2.84092e-29 2.78774e-28 1 1
50 5.7177 0.000971812 0.00289913 1 1
50 5.7177 -3.92236e-28 3.72522e-27 1 1
50 5.7177 -0.000975673 0.00073691 1 1
50 5.84336 0 0 1 1
50 5.84336 -2.71718e-29 2.72574e-28 1 1
50 5.84336 0.00093448 0.00284903 1 1
50 5.84336 -2.8073e-29 2.72393e-28 1 1
50 5.84336 -2.71593e-29 2.72771e-28 1 1
50 5.84336 0.00093448 0.00284903 1 1
50 5.84336 -3.75999e-28 3.64615e-27 1 1
50 5.84336 -0.000947316 0.000696355 1 1
50 5.96903 0 0 1 1
50 5.96903 -2.60504e-29 2.66946e-28 1 1
50 5.96903 0.000899186 0.00280038 1 1
50 5.96903 -2.69152e-29 2.66775e-28 1 1
50 5.96903 -2.60605e-29 2.67099e-28 1 1
50 5.96903 0.000899186 0.00280038 1 1
50 5.96903 -3.60155e-28 3.57038e-27 1 1
50 5.96903 -0.000919839 0.000658614 1 1
50 6.09469 0 0 1 1
50 6.09469 -2.49969e-29 2.61542e-28 1 1
50 6.09469 0.000865791 0.00275314 1 1
50 6.09469 -2.58273e-29 2.61382e-28 1 1
50 6.09469 -2.50097e-29 2.61709e-28 1 1
50 6.09469 0.000865791 0.00275314 1 1
50 6.09469 -3.45677e-28 3.49726e-27 1 1
50 6.09469 -0.000893239 0.000623456 1 1
50 6.22035 0 0 1 1
50 6.22035 -2.40058e-29 2.56351e-28 1 1
50 6.22035 0.000834166 0.00270727 1 1
50 6.22035 -2.48039e-29 2.56201e-28 1 1
50 6.22035 -2.4007e-29 2.56458e-28 1 1
50 6.22035 0.000834166 0.00270727 1 1
50 6.22035 -3.31888e-28 3.42779e-27 1 1
50 6.22035 -0.000867511 0.000590674 1 1
50 6.34602 0 0 1 1
50 6.34602 -2.30724e-29 2.51361e-28 1 1
50 6.34602 0.000804191 0.00266271 1 1
50 6.34602 -2.384e-29 2.51219e-28 1 1
50 6.34602 -2.30895e-29 2.51462e-28 1 1
50 6.34602 0.000804191 0.00266271 1 1
50 6.34602 -3.18994e-28 3.36389e-27 1 1
50 6.34602 -0.000842643 0.000560077 1 1
50 6.47168 0 0 1 1
50 6.47168 -2.21922e-29 2.46559e-28 1 1
50 6.47168 0.000775757 0.00261943 1 1
50 6.47168 -2.2931e-29 2.46425e-28 1 1
50 6.47168 -2.22125e-29 2.46904e-28 1 1
50 6.47168 0.000775757 0.00261943 1 1
50 6.47168 -3.07209e-28 3.29913e-27 1 1
50 6.47168 -0.000818619 0.000531492 1 1
50 6.59734 0 0 1 1
50 6.59734 -2.13613e-29 2.41936e-28 1 1
50 6.59734 0.000748764 0.00257738 1 1
50 6.59734 -2.20729e-29 2.4181e-28 1 1
50 6.59734 -2.13603e-29 2.41838e-28 1 1
50 6.59734 0.000748764 0.00257738 1 1
50 6.59734 -2.9555e-28 3.23945e-27 1 1
50 6.59734 -0.000795421 0.000504763 1 1
50 6.72301 0 0 1 1
50 6.72301 -2.05761e-29 2.37482e-28 1 1
50 6.72301 0.000723119 0.00253651 1 1
50 6.72301 -2.12619e-29 2.37362e-28 1 1
50 6.72301 -2.0594e-29 2.37611e-28 1 1
50 6.72301 0.000723119 0.00253651 1 1
50 6.72301 -2.84708e-28 3.17752e-27 1 1
50 6.72301 -0.000773028 0.000479745 1 1
50 6.84867 0 0 1 1
50 6.84867 -1.98333e-29 2.33188e-28 1 1
50 6.84867 0.000698735 0.0024968 1 1
50 6.84867 -2.04947e-29 2.33074e-28 1 1
50 6.84867 -1.98373e-29 2.33412e-28 1 1
50 6.84867 0.000698735 0.0024968 1 1
50 6.84867 -2.74479e-28 3.12111e-27 1 1
50 6.84867 -0.000751418 0.00045631 1 1
50 6.97434 0 0 1 1
50 6.97434 -1.91299e-29 2.29045e-28 1 1
50 6.97434 0.000675535 0.00245818 1 1
50 6.97434 -1.97682e-29 2.28938e-28 1 1
50 6.97434 -1.91611e-29 2.29373e-28 1 1
50 6.97434 0.000675535 0.00245818 1 1
50 6.97434 -2.64661e-28 3.06276e-27 1 1
50 6.97434 -0.000730567 0.000434336 1 1
50 7.1 0 0 1 1
50 7.1 -1.84633e-29 2.25046e-28 1 1
50 7.1 0.000653443 0.00242064 1 1
50 7.1 -1.90796e-29 2.24944e-28 1 1
50 7.1 -1.84849e-29 2.25102e-28 1 1
50 7.1 0.000653443 0.00242064 1 1
50 7.1 -2.55349e-28 3.01311e-27 1 1
50 7.1 -0.000710452 0.000413716 1 1
50 7.22566 0 0 1 1
50 7.22566 -1.78308e-29 2.21183e-28 1 1
50 7.22566 0.000632394 0.00238413 1 1
50 7.22566 -1.84262e-29 2.21086e-28 1 1
50 7.22566 -1.78076e-29 2.21349e-28 1 1
50 7.22566 0.000632394 0.00238413 1 1
50 7.22566 -2.47024e-28 2.95985e-27 1 1
50 7.22566 -0.000691047 0.000394349 1 1
50 7.35133 0 0 1 1
50 7.35133 -1.72301e-29 2.1745e-28 1 1
50 7.35133 0.000612322 0.0023486 1 1
50 7.35133 -1.78058e-29 2.17358e-28 1 1
50 7.35133 -1.72366e-29 2.1761e-28 1 1
50 7.35133 0.000612322 0.0023486 1 1
50 7.35133 -2.38114e-28 2.90948e-27 1 1
50 7.35133 -0.000672329 0.000376144 1 1
50 7.47699 0 0 1 1
50 7.47699 -1.66593e-29 2.13839e-28 1 1
50 7.47699 0.000593171 0.00231404 1 1
50 7.47699 -1.72162e-29 2.13752e-28 1 1
50 7.47699 -1.66607e-29 2.13945e-28 1 1
50 7.47699 0.000593171 0.00231404 1 1
50 7.47699 -2.30371e-28 2.86206e-27 1 1
50 7.47699 -0.000654273 0.000359017 1 1
50 7.60265 0 0 1 1
50 7.60265 -1.61163e-29 2.10346e-28 1 1
50 7.60265 0.000574887 0.0022804 1 1
50 7.60265 -1.66552e-29 2.10263e-28 1 1
50 7.60265 -1.61205e-29 2.10318e-28 1 1
50 7.60265 0.000574887 0.0022804 1 1
50 7.60265 -2.22899e-28 2.81507e-27 1 1
50 7.60265 -0.000636854 0.000342892 1 1
50 7.72832 0 0 1 1
50 7.72832 -1.55994e-29 2.06965e-28 1 1
50 7.72832 0.000557418 0.00224765 1 1
50 7.72832 -1.61212e-29 2.06886e-28 1 1
50 7.72832 -1.56065e-29 2.07104e-28 1 1
50 7.72832 0.000557418 0.00224765 1 1
50 7.72832 -2.1584e-28 2.76883e-27 1 1
50 7.72832 -0.000620049 0.000327698 1 1
50 7.85398 0 0 1 1
50 7.85398 -1.51069e-29 2.0369e-28 1 1
50 7.85398 0.000540717 0.00221577 1 1
50 7.85398 -1.56125e-29 2.03615e-28 1 1
50 7.85398 -1.51102e-29 2.03842e-28 1 1
50 7.85398 0.000540717 0.00221577 1 1
50 7.85398 -2.09043e-28 2.72756e-27 1 1
50 7.85398 -0.000603834 0.000313371 1 1
50 7.97965 0 0 1 1
50 7.97965 -1.46374e-29 2.00517e-28 1 1
50 7.97965 0.000524743 0.00218471 1 1
50 7.97965 -1.51274e-29 2.00445e-28 1 1
50 7.97965 -1.46372e-29 2.00478e-28 1 1
50 7.97965 0.000524743 0.00218471 1 1
50 7.97965 -2.02414e-28 2.68464e-27 1 1
50 7.97965 -0.000588187 0.00029985 1 1
50 8.10531 0 0 1 1
50 8.10531 -1.41893e-29 1.9744e-28 1 1
50 8.10531 0.000509453 0.00215445 1 1
50 8.10531 -1.46645e-29 1.97372e-28 1 1
50 8.10531 -1.41949e-29 1.97548e-28 1 1
50 8.10531 0.000509453 0.00215445 1 1
50 8.10531 -1.96287e-28 2.64254e-27 1 1
50 8.10531 -0.000573086 0.000287081 1 1
50 8.23097 0 0 1 1
50 8.23097 -1.37615e-29 1.94456e-28 1 1
50 8.23097 0.00049481 0.00212497 1 1
50 8.23097 -1.42225e-29 1.94391e-28 1 1
50 8.23097 -1.37618e-29 1.94449e-28 1 1
50 8.23097 0.00049481 0.00212497 1 1
50 8.23097 -1.90421e-28 2.59965e-27 1 1
50 8.23097 -0.000558509 0.000275014 1 1
50 8.35664 0 0 1 1
50 8.35664 -1.33527e-29 1.9156e-28 1 1
50 8.35664 0.000480778 0.00209624 1 1
50 8.35664 -1.38001e-29 1.91498e-28 1 1
50 8.35664 -1.33476e-29 1.91649e-28 1 1
50 8.35664 0.000480778 0.00209624 1 1
50 8.35664 -1.84827e-28 2.56208e-27 1 1
50 8.35664 -0.000544435 0.000263602 1 1
50 8.4823 0 0 1 1
50 8.4823 -1.29619e-29 1.88749e-28 1 1
50 8.4823 0.000467325 0.00206822 1 1
50 8.4823 -1.33963e-29 1.88689e-28 1 1
50 8.4823 -1.29728e-29 1.88823e-28 1 1
50 8.4823 0.000467325 0.00206822 1 1
50 8.4823 -1.79442e-28 2.52454e-27 1 1
50 8.4823 -0.000530846 0.000252802 1 1
50 8.60796 0 0 1 1
50 8.60796 -1.25879e-29 1.86019e-28 1 1
50 8.60796 0.00045442 0.0020409 1 1
50 8.60796 -1.30099e-29 1.85962e-28 1 1
50 8.60796 -1.25969e-29 1.86049e-28 1 1
50 8.60796 0.00045442 0.0020409 1 1
50 8.60796 -1.74257e-28 2.48879e-27 1 1
50 8.60796 -0.00051772 0.000242573 1 1
50 8.73363 0 0 1 1
50 8.73363 -1.22299e-29 1.83367e-28 1 1
50 8.73363 0.000442034 0.00201425 1 1
50 8.73363 -1.264e-29 1.83312e-28 1 1
50 8.73363 -1.22339e-29 1.83397e-28 1 1
50 8.73363 0.000442034 0.00201425 1 1
50 8.73363 -1.69175e-28 2.45305e-27 1 1
50 8.73363 -0.000505041 0.000232881 1 1
50 8.85929 0 0 1 1
50 8.85929 -1.18869e-29 1.80788e-28 1 1
50 8.85929 0.000430139 0.00198826 1 1
50 8.85929 -1.22856e-29 1.80736e-28 1 1
50 8.85929 -1.18996e-29 1.80891e-28 1 1
50 8.85929 0.000430139 0.00198826 1 1
50 8.85929 -1.64463e-28 2.41964e-27 1 1
50 8.85929 -0.000492789 0.000223689 1 1
50 8.98495 0 0 1 1
50 8.98495 -1.15581e-29 1.78281e-28 1 1
50 8.98495 0.000418712 0.00196289 1 1
50 8.98495 -1.19458e-29 1.7823e-28 1 1
50 8.98495 -1.15728e-29 1.78245e-28 1 1
50 8.98495 0.000418712 0.00196289 1 1
50 8.98495 -1.59839e-28 2.38542e-27 1 1
50 8.98495 -0.000480948 0.000214968 1 1
50 9.11062 0 0 1 1
50 9.11062 -1.12427e-29 1.75842e-28 1 1
50 9.11062 0.000407727 0.00193812 1 1
50 9.11062 -1.162e-29 1.75794e-28 1 1
50 9.11062 -1.12458e-29 1.75984e-28 1 1
50 9.11062 0.000407727 0.00193812 1 1
50 9.11062 -1.55666e-28 2.35063e-27 1 1
50 9.11062 -0.000469502 0.000206688 1 1
50 9.23628 0 0 1 1
50 9.23628 -1.09401e-29 1.73469e-28 1 1
50 9.23628 0.000397163 0.00191395 1 1
50 9.23628 -1.13073e-29 1.73422e-28 1 1
50 9.23628 -1.0943e-29 1.73725e-28 1 1
50 9.23628 0.000397163 0.00191395 1 1
50 9.23628 -1.51439e-28 2.3226e-27 1 1
50 9.23628 -0.000458435 0.000198821 1 1
50 9.36195 0 0 1 1
50 9.36195 -1.06495e-29 1.71158e-28 1 1
50 9.36195 0.000386998 0.00189034 1 1
50 9.36195 -1.1007e-29 1.71114e-28 1 1
50 9.36195 -1.06491e-29 1.71207e-28 1 1
50 9.36195 0.000386998 0.00189034 1 1
50 9.36195 -1.47536e-28 2.28861e-27 1 1
50 9.36195 -0.000447731 0.000191343 1 1
50 9.48761 0 0 1 1
50 9.48761 -1.03703e-29 1.68909e-28 1 1
50 9.48761 0.000377214 0.00186727 1 1
50 9.48761 -1.07185e-29 1.68866e-28 1 1
50 9.48761 -1.0379e-29 1.68974e-28 1 1
50 9.48761 0.000377214 0.00186727 1 1
50 9.48761 -1.43406e-28 2.25986e-27 1 1
50 9.48761 -0.000437376 0.00018423 1 1
50 9.61327 0 0 1 1
50 9.61327 -1.01019e-29 1.66717e-28 1 1
50 9.61327 0.000367791 0.00184474 1 1
50 9.61327 -1.04412e-29 1.66676e-28 1 1
50 9.61327 -1.0114e-29 1.66981e-28 1 1
50 9.61327 0.000367791 0.00184474 1 1
50 9.61327 -1.39721e-28 2.22919e-27 1 1
50 9.61327 -0.000427357 0.00017746 1 1
50 9.73894 0 0 1 1
50 9.73894 -9.84384e-30 1.64581e-28 1 1
50 9.73894 0.000358712 0.00182273 1 1
50 9.73894 -1.01745e-29 1.64541e-28 1 1
50 9.73894 -9.85121e-30 1.64499e-28 1 1
50 9.73894 0.000358712 0.00182273 1 1
50 9.73894 -1.36208e-28 2.20113e-27 1 1
50 9.73894 -0.00041766 0.000171014 1 1
50 9.8646 0 0 1 1
50 9.8646 -9.5955e-30 1.62499e-28 1 1
50 9.8646 0.000349962 0.00180121 1 1
50 9.8646 -9.9179e-30 1.62461e-28 1 1
50 9.8646 -9.5927e-30 1.62547e-28 1 1
50 9.8646 0.000349962 0.00180121 1 1
50 9.8646 -1.32791e-28 2.17333e-27 1 1
50 9.8646 -0.000408273 0.000164873 1 1
50 9.99026 0 0 1 1
50 9.99026 -9.35644e-30 1.60469e-28 1 1
50 9.99026 0.000341524 0.00178017 1 1
50 9.99026 -9.67086e-30 1.60432e-28 1 1
50 9.99026 -9.36873e-30 1.60493e-28 1 1
50 9.99026 0.000341524 0.00178017 1 1
50 9.99026 -1.29425e-28 2.14724e-27 1 1
50 9.99026 -0.000399182 0.000159018 1 1
50 10.1159 0 0 1 1
50 10.1159 -9.12618e-30 1.58489e-28 1 1
50 10.1159 0.000333383 0.0017596 1 1
50 10.1159 -9.43292e-30 1.58454e-28 1 1
50 10.1159 -9.12992e-30 1.58624e-28 1 1
50 10.1159 0.000333383 0.0017596 1 1
50 10.1159 -1.26295e-28 2.12036e-27 1 1
50 10.1159 -0.000390378 0.000153434 1 1
50 10.2416 0 0 1 1
50 10.2416 -8.90432e-30 1.56557e-28 1 1
50 10.2416 0.000325528 0.00173948 1 1
50 10.2416 -9.20365e-30 1.56523e-28 1 1
50 10.2416 -8.90055e-30 1.56684e-28 1 1
50 10.2416 0.000325528 0.00173948 1 1
50 10.2416 -1.2325e-28 2.09678e-27 1 1
50 10.2416 -0.000381848 0.000148105 1 1
50 10.3673 0 0 1 1
50 10.3673 -8.69044e-30 1.54671e-28 1 1
50 10.3673 0.000317943 0.0017198 1 1
50 10.3673 -8.98262e-30 1.54638e-28 1 1
50 10.3673 -8.68845e-30 1.54737e-28 1 1
50 10.3673 0.000317943 0.0017198 1 1
50 10.3673 -1.20312e-28 2.07031e-27 1 1
50 10.3673 -0.000373582 0.000143018 1 1
50 10.4929 0 0 1 1
50 10.4929 -8.48417e-30 1.5283e-28 1 1
50 10.4929 0.000310618 0.00170054 1 1
50 10.4929 -8.76946e-30 1.52799e-28 1 1
50 10.4929 -8.4885e-30 1.529e-28 1 1
50 10.4929 0.000310618 0.00170054 1 1
50 10.4929 -1.17307e-28 2.04441e-27 1 1
50 10.4929 -0.000365569 0.000138158 1 1
50 10.6186 0 0 1 1
50 10.6186 -8.28515e-30 1.51033e-28 1 1
50 10.6186 0.00030354 0.00168169 1 1
50 10.6186 -8.56379e-30 1.51002e-28 1 1
50 10.6186 -8.28773e-30 1.5084e-28 1 1
50 10.6186 0.00030354 0.00168169 1 1
50 10.6186 -1.1467e-28 2.02173e-27 1 1
50 10.6186 -0.000357801 0.000133514 1 1
50 10.7442 0 0 1 1
50 10.7442 -8.09304e-30 1.49277e-28 1 1
50 10.7442 0.000296699 0.00166324 1 1
50 10.7442 -8.36526e-30 1.49247e-28 1 1
50 10.7442 -8.0894e-30 1.4939e-28 1 1
50 10.7442 0.000296699 0.00166324 1 1
50 10.7442 -1.12025e-28 1.99722e-27 1 1
50 10.7442 -0.000350268 0.000129073 1 1
50 10.8699 0 0 1 1
50 10.8699 -7.90753e-30 1.47561e-28 1 1
50 10.8699 0.000290084 0.00164518 1 1
50 10.8699 -8.17355e-30 1.47532e-28 1 1
50 10.8699 -7.90982e-30 1.47554e-28 1 1
50 10.8699 0.000290084 0.00164518 1 1
50 10.8699 -1.09401e-28 1.97381e-27 1 1
50 10.8699 -0.000342961 0.000124825 1 1
50 10.9956 0 0 1 1
50 10.9956 -7.72833e-30 1.45884e-28 1 1
50 10.9956 0.000283686 0.00162749 1 1
50 10.9956 -7.98834e-30 1.45856e-28 1 1
50 10.9956 -7.73347e-30 1.45861e-28 1 1
50 10.9956 0.000283686 0.00162749 1 1
50 10.9956 -1.06849e-28 1.95188e-27 1 1
50 10.9956 -0.000335871 0.000120759 1 1
50 11.1212 0 0 1 1
50 11.1212 -7.55514e-30 1.44245e-28 1 1
50 11.1212 0.000277495 0.00161017 1 1
50 11.1212 -7.80936e-30 1.44218e-28 1 1
50 11.1212 -7.56091e-30 1.44381e-28 1 1
50 11.1212 0.000277495 0.00161017 1 1
50 11.1212 -1.04482e-28 1.92833e-27 1 1
50 11.1212 -0.000328991 0.000116867 1 1
50 11.2469 0 0 1 1
50 11.2469 -7.3877e-30 1.42642e-28 1 1
50 11.2469 0.000271502 0.0015932 1 1
50 11.2469 -7.63632e-30 1.42616e-28 1 1
50 11.2469 -7.39333e-30 1.42563e-28 1 1
50 11.2469 0.000271502 0.0015932 1 1
50 11.2469 -1.02256e-28 1.90891e-27 1 1
50 11.2469 -0.000322312 0.000113138 1 1
50 11.3726 0 0 1 1
50 11.3726 -7.22576e-30 1.41074e-28 1 1
50 11.3726 0.0002657 0.00157657 1 1
50 11.3726 -7.46896e-30 1.41049e-28 1 1
50 11.3726 -7.22576e-30 1.41178e-28 1 1
50 11.3726 0.0002657 0.00157657 1 1
50 11.3726 -1.00002e-28 1.8907e-27 1 1
50 11.3726 -0.000315827 0.000109565 1 1
50 11.4982 0 0 1 1
50 11.4982 -7.06909e-30 1.3954e-28 1 1
50 11.4982 0.000260081 0.00156028 1 1
50 11.4982 -7.30704e-30 1.39516e-28 1 1
50 11.4982 -7.06952e-30 1.39548e-28 1 1
50 11.4982 0.000260081 0.00156028 1 1
50 11.4982 -9.78282e-29 1.86813e-27 1 1
50 11.4982 -0.00030953 0.000106139 1 1
50 11.6239 0 0 1 1
50 11.6239 -6.91745e-30 1.38039e-28 1 1
50 11.6239 0.000254636 0.00154431 1 1
50 11.6239 -7.15032e-30 1.38016e-28 1 1
50 11.6239 -6.92259e-30 1.38226e-28 1 1
50 11.6239 0.000254636 0.00154431 1 1
50 11.6239 -9.56907e-29 1.84682e-27 1 1
50 11.6239 -0.000303412 0.000102853 1 1
50 11.7496 0 0 1 1
50 11.7496 -6.77063e-30 1.3657e-28 1 1
50 11.7496 0.000249358 0.00152866 1 1
50 11.7496 -6.99859e-30 1.36547e-28 1 1
50 11.7496 -6.77256e-30 1.3666e-28 1 1
50 11.7496 0.000249358 0.00152866 1 1
50 11.7496 -9.36127e-29 1.82724e-27 1 1
50 11.7496 -0.000297468 9.97006e-05 1 1
50 11.8752 0 0 1 1
50 11.8752 -6.62844e-30 1.35132e-28 1 1
50 11.8752 0.000244242 0.0015133 1 1
50 11.8752 -6.85163e-30 1.3511e-28 1 1
50 11.8752 -6.62711e-30 1.35163e-28 1 1
50 11.8752 0.000244242 0.0015133 1 1
50 11.8752 -9.17624e-29 1.80728e-27 1 1
50 11.8752 -0.000291692 9.66743e-05 1 1
50 12.0009 0 0 1 1
50 12.0009 -6.49068e-30 1.33723e-28 1 1
50 12.0009 0.000239281 0.00149825 1 1
50 12.0009 -6.70925e-30 1.33702e-28 1 1
50 12.0009 -6.48882e-30 1.33782e-28 1 1
50 12.0009 0.000239281 0.00149825 1 1
50 12.0009 -8.98803e-29 1.78833e-27 1 1
50 12.0009 -0.000286077 9.37683e-05 1 1
50 12.1265 0 0 1 1
50 12.1265 -6.35716e-30 1.32344e-28 1 1
50 12.1265 0.000234467 0.00148349 1 1
50 12.1265 -6.57126e-30 1.32323e-28 1 1
50 12.1265 -6.35915e-30 1.32479e-28 1 1
50 12.1265 0.000234467 0.00148349 1 1
50 12.1265 -8.79703e-29 1.77102e-27 1 1
50 12.1265 -0.000280617 9.09766e-05 1 1
50 12.2522 0 0 1 1
50 12.2522 -6.22772e-30 1.30993e-28 1 1
50 12.2522 0.000229797 0.001469 1 1
50 12.2522 -6.43748e-30 1.30973e-28 1 1
50 12.2522 -6.22976e-30 1.31071e-28 1 1
50 12.2522 0.000229797 0.001469 1 1
50 12.2522 -8.61795e-29 1.75213e-27 1 1
50 12.2522 -0.000275308 8.82937e-05 1 1
50 12.3779 0 0 1 1
50 12.3779 -6.10219e-30 1.29669e-28 1 1
50 12.3779 0.000225263 0.00145479 1 1
50 12.3779 -6.30774e-30 1.29649e-28 1 1
50 12.3779 -6.10456e-30 1.29751e-28 1 1
50 12.3779 0.000225263 0.00145479 1 1
50 12.3779 -8.45376e-29 1.73531e-27 1 1
50 12.3779 -0.000270144 8.57145e-05 1 1
50 12.5035 0 0 1 1
50 12.5035 -5.98041e-30 1.28371e-28 1 1
50 12.5035 0.000220861 0.00144084 1 1
50 12.5035 -6.18188e-30 1.28352e-28 1 1
50 12.5035 -5.9749e-30 1.28502e-28 1 1
50 12.5035 0.000220861 0.00144084 1 1
50 12.5035 -8.28099e-29 1.7182e-27 1 1
50 12.5035 -0.000265119 8.3234e-05 1 1
