50 0.0628319 -0 -0 1 1
50 0.0628319 4.99379e-27 -5.38659e-28 1 1
50 0.0628319 -0.00480511 -0.000157524 1 1
50 0.0628319 4.99787e-27 -5.38673e-28 1 1
50 0.0628319 3.60709e-28 -3.75467e-29 1 1
50 0.0628319 -0.00480511 -0.000157524 1 1
50 0.0628319 4.82686e-27 -5.02358e-28 1 1
50 0.0628319 -0.0060326 -0.000395954 1 1
50 0.188496 -0 -0 1 1
50 0.188496 4.57302e-27 -1.47982e-27 1 1
50 0.188496 -0.0047642 -0.000468549 1 1
50 0.188496 4.573e-27 -1.47985e-27 1 1
50 0.188496 3.32242e-28 -1.03772e-28 1 1
50 0.188496 -0.0047642 -0.000468549 1 1
50 0.188496 4.44552e-27 -1.38851e-27 1 1
50 0.188496 -0.00587926 -0.00116772 1 1
50 0.314159 -0 -0 1 1
50 0.314159 3.91353e-27 -2.11068e-27 1 1
50 0.314159 -0.00468442 -0.000767838 1 1
50 0.314159 3.91554e-27 -2.11071e-27 1 1
50 0.314159 2.86911e-28 -1.49405e-28 1 1
50 0.314159 -0.00468442 -0.000767838 1 1
50 0.314159 3.83995e-27 -1.99893e-27 1 1
50 0.314159 -0.00558531 -0.00188157 1 1
50 0.439823 -0 -0 1 1
50 0.439823 3.21752e-27 -2.42943e-27 1 1
50 0.439823 -0.00456964 -0.00104863 1 1
50 0.439823 3.21954e-27 -2.43145e-27 1 1
50 0.439823 2.38125e-28 -1.73659e-28 1 1
50 0.439823 -0.00456964 -0.00104863 1 1
50 0.439823 3.18846e-27 -2.32656e-27 1 1
50 0.439823 -0.00517408 -0.00250668 1 1
50 0.565487 -0 -0 1 1
50 0.565487 2.6008e-27 -2.52483e-27 1 1
50 0.565487 -0.00442507 -0.00130559 1 1
50 0.565487 2.60282e-27 -2.52484e-27 1 1
50 0.565487 1.94087e-28 -1.82037e-28 1 1
50 0.565487 -0.00442507 -0.00130559 1 1
50 0.565487 2.59664e-27 -2.43758e-27 1 1
50 0.565487 -0.00467575 -0.00302218 1 1
50 0.69115 -0 -0 1 1
50 0.69115 2.0981e-27 -2.48945e-27 1 1
50 0.69115 -0.00425674 -0.00153502 1 1
50 0.69115 2.0981e-27 -2.49148e-27 1 1
50 0.69115 1.57628e-28 -1.80738e-28 1 1
50 0.69115 -0.00425674 -0.00153502 1 1
50 0.69115 2.11e-27 -2.41716e-27 1 1
50 0.69115 -0.00412304 -0.00341809 1 1
50 0.816814 -0 -0 1 1
50 0.816814 1.70308e-27 -2.38816e-27 1 1
50 0.816814 -0.0040709 -0.00173491 1 1
50 0.816814 1.70409e-27 -2.38817e-27 1 1
50 0.816814 1.28624e-28 -1.74328e-28 1 1
50 0.816814 -0.0040709 -0.00173491 1 1
50 0.816814 1.72199e-27 -2.33404e-27 1 1
50 0.816814 -0.0035473 -0.00369456 1 1
50 0.942478 -0 -0 1 1
50 0.942478 1.39637e-27 -2.2593e-27 1 1
50 0.942478 -0.00387361 -0.00190481 1 1
50 0.942478 1.39737e-27 -2.26132e-27 1 1
50 0.942478 1.05888e-28 -1.65615e-28 1 1
50 0.942478 -0.00387361 -0.00190481 1 1
50 0.942478 1.41689e-27 -2.21701e-27 1 1
50 0.942478 -0.0029756 -0.00385976 1 1
50 1.06814 -0 -0 1 1
50 1.06814 1.15802e-27 -2.12348e-27 1 1
50 1.06814 -0.00367032 -0.00204549 1 1
50 1.06814 1.15903e-27 -2.1255e-27 1 1
50 1.06814 8.809e-29 -1.56165e-28 1 1
50 1.06814 -0.00367032 -0.00204549 1 1
50 1.06814 1.18019e-27 -2.08864e-27 1 1
50 1.06814 -0.00242913 -0.0039273 1 1
50 1.19381 -0 -0 1 1
50 1.19381 9.7147e-28 -1.99098e-27 1 1
50 1.19381 -0.0034657 -0.00215868 1 1
50 1.19381 9.71981e-28 -1.99301e-27 1 1
50 1.19381 7.40807e-29 -1.46793e-28 1 1
50 1.19381 -0.0034657 -0.00215868 1 1
50 1.19381 9.91166e-28 -1.96521e-27 1 1
50 1.19381 -0.00192274 -0.00391357 1 1
50 1.31947 -0 -0 1 1
50 1.31947 8.23984e-28 -1.86647e-27 1 1
50 1.31947 -0.00326354 -0.00224674 1 1
50 1.31947 8.2398e-28 -1.86749e-27 1 1
50 1.31947 6.29555e-29 -1.37888e-28 1 1
50 1.31947 -0.00326354 -0.00224674 1 1
50 1.31947 8.43333e-28 -1.84667e-27 1 1
50 1.31947 -0.00146546 -0.00383562 1 1
50 1.44513 -0 -0 1 1
50 1.44513 7.0607e-28 -1.7517e-27 1 1
50 1.44513 -0.00306677 -0.00231234 1 1
50 1.44513 7.06072e-28 -1.7517e-27 1 1
50 1.44513 5.40298e-29 -1.29616e-28 1 1
50 1.44513 -0.00306677 -0.00231234 1 1
50 1.44513 7.23742e-28 -1.736e-27 1 1
50 1.44513 -0.00106143 -0.0037096 1 1
50 1.5708 -0 -0 1 1
50 1.5708 6.10729e-28 -1.64692e-27 1 1
50 1.5708 -0.0028775 -0.0023583 1 1
50 1.5708 6.1073e-28 -1.64793e-27 1 1
50 1.5708 4.67923e-29 -1.2202e-28 1 1
50 1.5708 -0.0028775 -0.0023583 1 1
50 1.5708 6.25782e-28 -1.63368e-27 1 1
50 1.5708 -0.000711017 -0.00354983 1 1
50 1.69646 -0 -0 1 1
50 1.69646 5.3279e-28 -1.55169e-27 1 1
50 1.69646 -0.00269716 -0.00238734 1 1
50 1.69646 5.33294e-28 -1.5527e-27 1 1
50 1.69646 4.08625e-29 -1.15085e-28 1 1
50 1.69646 -0.00269716 -0.00238734 1 1
50 1.69646 5.4586e-28 -1.54065e-27 1 1
50 1.69646 -0.000412024 -0.00336834 1 1
50 1.82212 -0 -0 1 1
50 1.82212 4.68415e-28 -1.46525e-27 1 1
50 1.82212 -0.00252664 -0.00240207 1 1
50 1.82212 4.68669e-28 -1.46626e-27 1 1
50 1.82212 3.59553e-29 -1.08769e-28 1 1
50 1.82212 -0.00252664 -0.00240207 1 1
50 1.82212 4.8127e-28 -1.45526e-27 1 1
50 1.82212 -0.00016059 -0.00317485 1 1
50 1.94779 -0 -0 1 1
50 1.94779 4.14726e-28 -1.38678e-27 1 1
50 1.94779 -0.00236635 -0.00240483 1 1
50 1.94779 4.14976e-28 -1.38678e-27 1 1
50 1.94779 3.18565e-29 -1.03018e-28 1 1
50 1.94779 -0.00236635 -0.00240483 1 1
50 1.94779 4.26688e-28 -1.37924e-27 1 1
50 1.94779 4.80211e-05 -0.00297684 1 1
50 2.07345 -0 -0 1 1
50 2.07345 3.69545e-28 -1.31542e-27 1 1
50 2.07345 -0.00221636 -0.00239772 1 1
50 2.07345 3.69797e-28 -1.31644e-27 1 1
50 2.07345 2.84027e-29 -9.77768e-29 1 1
50 2.07345 -0.00221636 -0.00239772 1 1
50 2.07345 3.80313e-28 -1.30904e-27 1 1
50 2.07345 0.00021887 -0.00277992 1 1
50 2.19911 -0 -0 1 1
50 2.19911 3.31208e-28 -1.25041e-27 1 1
50 2.19911 -0.00207652 -0.00238258 1 1
50 2.19911 3.31458e-28 -1.25142e-27 1 1
50 2.19911 2.54689e-29 -9.29923e-29 1 1
50 2.19911 -0.00207652 -0.00238258 1 1
50 2.19911 3.41084e-28 -1.24516e-27 1 1
50 2.19911 0.000356962 -0.00258808 1 1
50 2.32478 -0 -0 1 1
50 2.32478 2.98427e-28 -1.19103e-27 1 1
50 2.32478 -0.00194648 -0.002361 1 1
50 2.32478 2.98426e-28 -1.19205e-27 1 1
50 2.32478 2.29579e-29 -8.86156e-29 1 1
50 2.32478 -0.00194648 -0.002361 1 1
50 2.32478 3.07457e-28 -1.18622e-27 1 1
50 2.32478 0.000467016 -0.00240404 1 1
50 2.45044 -0 -0 1 1
50 2.45044 2.70199e-28 -1.13667e-27 1 1
50 2.45044 -0.0018258 -0.00233432 1 1
50 2.45044 2.70197e-28 -1.13667e-27 1 1
50 2.45044 2.0794e-29 -8.46026e-29 1 1
50 2.45044 -0.0018258 -0.00233432 1 1
50 2.45044 2.78038e-28 -1.13328e-27 1 1
50 2.45044 0.000553327 -0.0022295 1 1
50 2.57611 -0 -0 1 1
50 2.57611 2.45732e-28 -1.08675e-27 1 1
50 2.57611 -0.00171393 -0.00230368 1 1
50 2.57611 2.45985e-28 -1.08776e-27 1 1
50 2.57611 1.89171e-29 -8.0914e-29 1 1
50 2.57611 -0.00171393 -0.00230368 1 1
50 2.57611 2.53052e-28 -1.08516e-27 1 1
50 2.57611 0.00061972 -0.00206542 1 1
50 2.70177 -0 -0 1 1
50 2.70177 2.24397e-28 -1.0408e-27 1 1
50 2.70177 -0.00161034 -0.00227002 1 1
50 2.70177 2.24398e-28 -1.04181e-27 1 1
50 2.70177 1.72794e-29 -7.75153e-29 1 1
50 2.70177 -0.00161034 -0.00227002 1 1
50 2.70177 2.31186e-28 -1.03739e-27 1 1
50 2.70177 0.000669529 -0.00191223 1 1
50 2.82743 -0 -0 1 1
50 2.82743 2.05688e-28 -9.98401e-28 1 1
50 2.82743 -0.00151444 -0.00223413 1 1
50 2.82743 2.05687e-28 -9.98401e-28 1 1
50 2.82743 1.58426e-29 -7.43759e-29 1 1
50 2.82743 -0.00151444 -0.00223413 1 1
50 2.82743 2.12107e-28 -9.95814e-28 1 1
50 2.82743 0.000705629 -0.00176993 1 1
50 2.9531 -0 -0 1 1
50 2.9531 1.89197e-28 -9.59169e-28 1 1
50 2.9531 -0.00142568 -0.00219667 1 1
50 2.9531 1.89321e-28 -9.6018e-28 1 1
50 2.9531 1.45755e-29 -7.14691e-29 1 1
50 2.9531 -0.00142568 -0.00219667 1 1
50 2.9531 1.95073e-28 -9.56587e-28 1 1
50 2.9531 0.000730469 -0.00163826 1 1
50 3.07876 -0 -0 1 1
50 3.07876 1.7459e-28 -9.22782e-28 1 1
50 3.07876 -0.00134352 -0.00215816 1 1
50 3.07876 1.74591e-28 -9.23792e-28 1 1
50 3.07876 1.34528e-29 -6.87714e-29 1 1
50 3.07876 -0.00134352 -0.00215816 1 1
50 3.07876 1.80137e-28 -9.20475e-28 1 1
50 3.07876 0.000746117 -0.00151678 1 1
50 3.20442 -0 -0 1 1
50 3.20442 1.61595e-28 -8.88957e-28 1 1
50 3.20442 -0.00126743 -0.00211904 1 1
50 3.20442 1.61594e-28 -8.89463e-28 1 1
50 3.20442 1.24535e-29 -6.62621e-29 1 1
50 3.20442 -0.00126743 -0.00211904 1 1
50 3.20442 1.66866e-28 -8.86989e-28 1 1
50 3.20442 0.000754309 -0.00140494 1 1
50 3.33009 -0 -0 1 1
50 3.33009 1.49984e-28 -8.57442e-28 1 1
50 3.33009 -0.00119693 -0.00207965 1 1
50 3.33009 1.5011e-28 -8.57948e-28 1 1
50 3.33009 1.15605e-29 -6.3923e-29 1 1
50 3.33009 -0.00119693 -0.00207965 1 1
50 3.33009 1.54776e-28 -8.55317e-28 1 1
50 3.33009 0.000756493 -0.00130213 1 1
50 3.45575 -0 -0 1 1
50 3.45575 1.3957e-28 -8.28018e-28 1 1
50 3.45575 -0.00113157 -0.00204027 1 1
50 3.45575 1.39696e-28 -8.28018e-28 1 1
50 3.45575 1.07593e-29 -6.1738e-29 1 1
50 3.45575 -0.00113157 -0.00204027 1 1
50 3.45575 1.44019e-28 -8.25873e-28 1 1
50 3.45575 0.000753872 -0.00120772 1 1
50 3.58142 -0 -0 1 1
50 3.58142 1.30196e-28 -8.0049e-28 1 1
50 3.58142 -0.00107092 -0.00200114 1 1
50 3.58142 1.30324e-28 -8.00995e-28 1 1
50 3.58142 1.00378e-29 -5.9693e-29 1 1
50 3.58142 -0.00107092 -0.00200114 1 1
50 3.58142 1.34198e-28 -7.98864e-28 1 1
50 3.58142 0.000747444 -0.00112106 1 1
50 3.70708 -0 -0 1 1
50 3.70708 1.21728e-28 -7.74685e-28 1 1
50 3.70708 -0.0010146 -0.00196242 1 1
50 3.70708 1.2179e-28 -7.7519e-28 1 1
50 3.70708 9.38599e-30 -5.77753e-29 1 1
50 3.70708 -0.0010146 -0.00196242 1 1
50 3.70708 1.25694e-28 -7.73745e-28 1 1
50 3.70708 0.000738028 -0.00104156 1 1
50 3.83274 -0 -0 1 1
50 3.83274 1.14054e-28 -7.50452e-28 1 1
50 3.83274 -0.000962255 -0.00192426 1 1
50 3.83274 1.14117e-28 -7.50451e-28 1 1
50 3.83274 8.79515e-30 -5.59737e-29 1 1
50 3.83274 -0.000962255 -0.00192426 1 1
50 3.83274 1.17781e-28 -7.49248e-28 1 1
50 3.83274 0.000726299 -0.000968608 1 1
50 3.95841 -0 -0 1 1
50 3.95841 1.07078e-28 -7.27654e-28 1 1
50 3.95841 -0.000913548 -0.00188676 1 1
50 3.95841 1.07079e-28 -7.2816e-28 1 1
50 3.95841 8.25799e-30 -5.42784e-29 1 1
50 3.95841 -0.000913548 -0.00188676 1 1
50 3.95841 1.10586e-28 -7.26419e-28 1 1
50 3.95841 0.000712812 -0.000901657 1 1
50 4.08407 -0 -0 1 1
50 4.08407 1.00719e-28 -7.06172e-28 1 1
50 4.08407 -0.000868185 -0.00184999 1 1
50 4.08407 1.00782e-28 -7.06172e-28 1 1
50 4.08407 7.76824e-30 -5.26805e-29 1 1
50 4.08407 -0.000868185 -0.00184999 1 1
50 4.08407 1.04068e-28 -7.04763e-28 1 1
50 4.08407 0.000698019 -0.000840187 1 1
50 4.20973 -0 -0 1 1
50 4.20973 9.49073e-29 -6.85896e-28 1 1
50 4.20973 -0.000825893 -0.00181402 1 1
50 4.20973 9.49075e-29 -6.86402e-28 1 1
50 4.20973 7.32052e-30 -5.11719e-29 1 1
50 4.20973 -0.000825893 -0.00181402 1 1
50 4.20973 9.79605e-29 -6.85115e-28 1 1
50 4.20973 0.000682288 -0.000783719 1 1
50 4.3354 -0 -0 1 1
50 4.3354 8.95813e-29 -6.66731e-28 1 1
50 4.3354 -0.000786423 -0.00177889 1 1
50 4.3354 8.9582e-29 -6.67237e-28 1 1
50 4.3354 6.91018e-30 -4.97456e-29 1 1
50 4.3354 -0.000786423 -0.00177889 1 1
50 4.3354 9.2541e-29 -6.65786e-28 1 1
50 4.3354 0.000665918 -0.000731812 1 1
50 4.46106 -0 -0 1 1
50 4.46106 8.4689e-29 -6.48589e-28 1 1
50 4.46106 -0.000749548 -0.00174462 1 1
50 4.46106 8.47521e-29 -6.49094e-28 1 1
50 4.46106 6.53321e-30 -4.83952e-29 1 1
50 4.46106 -0.000749548 -0.00174462 1 1
50 4.46106 8.75175e-29 -6.48124e-28 1 1
50 4.46106 0.000649152 -0.000684062 1 1
50 4.58673 -0 -0 1 1
50 4.58673 8.01847e-29 -6.31391e-28 1 1
50 4.58673 -0.000715061 -0.00171124 1 1
50 4.58673 8.01849e-29 -6.31897e-28 1 1
50 4.58673 6.1861e-30 -4.71148e-29 1 1
50 4.58673 -0.000715061 -0.00171124 1 1
50 4.58673 8.28236e-29 -6.30574e-28 1 1
50 4.58673 0.000632185 -0.0006401 1 1
50 4.71239 -0 -0 1 1
50 4.71239 7.60287e-29 -6.15068e-28 1 1
50 4.71239 -0.000682774 -0.00167874 1 1
50 4.71239 7.60915e-29 -6.15067e-28 1 1
50 4.71239 5.86578e-30 -4.58993e-29 1 1
50 4.71239 -0.000682774 -0.00167874 1 1
50 4.71239 7.85371e-29 -6.14506e-28 1 1
50 4.71239 0.000615172 -0.000599589 1 1
50 4.83805 -0 -0 1 1
50 4.83805 7.21862e-29 -5.99555e-28 1 1
50 4.83805 -0.000652515 -0.00164712 1 1
50 4.83805 7.22489e-29 -6.0006e-28 1 1
50 4.83805 5.5696e-30 -4.47439e-29 1 1
50 4.83805 -0.000652515 -0.00164712 1 1
50 4.83805 7.46136e-29 -5.98956e-28 1 1
50 4.83805 0.000598237 -0.000562224 1 1
50 4.96372 -0 -0 1 1
50 4.96372 6.86265e-29 -5.84794e-28 1 1
50 4.96372 -0.000624127 -0.00161638 1 1
50 4.96372 6.86887e-29 -5.85299e-28 1 1
50 4.96372 5.29519e-30 -4.36444e-29 1 1
50 4.96372 -0.000624127 -0.00161638 1 1
50 4.96372 7.09673e-29 -5.8405e-28 1 1
50 4.96372 0.000581479 -0.000527729 1 1
50 5.08938 -0 -0 1 1
50 5.08938 6.53226e-29 -5.70732e-28 1 1
50 5.08938 -0.000597467 -0.00158651 1 1
50 5.08938 6.53852e-29 -5.71238e-28 1 1
50 5.08938 5.04049e-30 -4.25969e-29 1 1
50 5.08938 -0.000597467 -0.00158651 1 1
50 5.08938 6.74177e-29 -5.70058e-28 1 1
50 5.08938 0.000564973 -0.000495851 1 1
50 5.21504 -0 -0 1 1
50 5.21504 6.22508e-29 -5.57323e-28 1 1
50 5.21504 -0.000572406 -0.00155749 1 1
50 5.21504 6.22831e-29 -5.57323e-28 1 1
50 5.21504 4.80365e-30 -4.15978e-29 1 1
50 5.21504 -0.000572406 -0.00155749 1 1
50 5.21504 6.42307e-29 -5.56836e-28 1 1
50 5.21504 0.000548779 -0.000466363 1 1
50 5.34071 -0 -0 1 1
50 5.34071 5.93898e-29 -5.44522e-28 1 1
50 5.34071 -0.000548823 -0.00152931 1 1
50 5.34071 5.93903e-29 -5.45027e-28 1 1
50 5.34071 4.58305e-30 -4.06439e-29 1 1
50 5.34071 -0.000548823 -0.00152931 1 1
50 5.34071 6.13623e-29 -5.4436e-28 1 1
50 5.34071 0.00053294 -0.000439057 1 1
50 5.46637 -0 -0 1 1
50 5.46637 5.6721e-29 -5.32288e-28 1 1
50 5.46637 -0.00052661 -0.00150194 1 1
50 5.46637 5.67522e-29 -5.32288e-28 1 1
50 5.46637 4.37724e-30 -3.97322e-29 1 1
50 5.46637 -0.00052661 -0.00150194 1 1
50 5.46637 5.86045e-29 -5.31836e-28 1 1
50 5.46637 0.000517489 -0.000413748 1 1
50 5.59203 -0 -0 1 1
50 5.59203 5.42274e-29 -5.20586e-28 1 1
50 5.59203 -0.000505669 -0.00147537 1 1
50 5.59203 5.42592e-29 -5.21092e-28 1 1
50 5.59203 4.18495e-30 -3.886e-29 1 1
50 5.59203 -0.000505669 -0.00147537 1 1
50 5.59203 5.60092e-29 -5.2066e-28 1 1
50 5.59203 0.00050245 -0.000390265 1 1
50 5.7177 -0 -0 1 1
50 5.7177 5.18942e-29 -5.09383e-28 1 1
50 5.7177 -0.000485906 -0.00144957 1 1
50 5.7177 5.19262e-29 -5.09888e-28 1 1
50 5.7177 4.00501e-30 -3.80249e-29 1 1
50 5.7177 -0.000485906 -0.00144957 1 1
50 5.7177 5.35966e-29 -5.08999e-28 1 1
50 5.7177 0.000487836 -0.000368455 1 1
50 5.84336 -0 -0 1 1
50 5.84336 4.97079e-29 -4.98646e-28 1 1
50 5.84336 -0.00046724 -0.00142451 1 1
50 5.84336 4.97394e-29 -4.98899e-28 1 1
50 5.84336 3.83639e-30 -3.72245e-29 1 1
50 5.84336 -0.00046724 -0.00142451 1 1
50 5.84336 5.13891e-29 -4.98265e-28 1 1
50 5.84336 0.000473658 -0.000348178 1 1
50 5.96903 -0 -0 1 1
50 5.96903 4.76565e-29 -4.88348e-28 1 1
50 5.96903 -0.000449593 -0.00140019 1 1
50 5.96903 4.76878e-29 -4.88601e-28 1 1
50 5.96903 3.67816e-30 -3.64568e-29 1 1
50 5.96903 -0.000449593 -0.00140019 1 1
50 5.96903 4.92253e-29 -4.87936e-28 1 1
50 5.96903 0.000459919 -0.000329307 1 1
50 6.09469 -0 -0 1 1
50 6.09469 4.57292e-29 -4.78464e-28 1 1
50 6.09469 -0.000432896 -0.00137657 1 1
50 6.09469 4.57605e-29 -4.78716e-28 1 1
50 6.09469 3.52949e-30 -3.57198e-29 1 1
50 6.09469 -0.000432896 -0.00137657 1 1
50 6.09469 4.72304e-29 -4.77849e-28 1 1
50 6.09469 0.00044662 -0.000311728 1 1
50 6.22035 -0 -0 1 1
50 6.22035 4.39161e-29 -4.68967e-28 1 1
50 6.22035 -0.000417083 -0.00135363 1 1
50 6.22035 4.39163e-29 -4.6922e-28 1 1
50 6.22035 3.38963e-30 -3.50117e-29 1 1
50 6.22035 -0.000417083 -0.00135363 1 1
50 6.22035 4.53407e-29 -4.68516e-28 1 1
50 6.22035 0.000433755 -0.000295337 1 1
50 6.34602 -0 -0 1 1
50 6.34602 4.22084e-29 -4.59838e-28 1 1
50 6.34602 -0.000402095 -0.00133136 1 1
50 6.34602 4.22398e-29 -4.6009e-28 1 1
50 6.34602 3.2579e-30 -3.43309e-29 1 1
50 6.34602 -0.000402095 -0.00133136 1 1
50 6.34602 4.35828e-29 -4.59727e-28 1 1
50 6.34602 0.000421321 -0.000280038 1 1
50 6.47168 -0 -0 1 1
50 6.47168 4.05982e-29 -4.51054e-28 1 1
50 6.47168 -0.000387879 -0.00130972 1 1
50 6.47168 4.06295e-29 -4.51307e-28 1 1
50 6.47168 3.13368e-30 -3.36758e-29 1 1
50 6.47168 -0.000387879 -0.00130972 1 1
50 6.47168 4.19751e-29 -4.50892e-28 1 1
50 6.47168 0.000409309 -0.000265746 1 1
50 6.59734 -0 -0 1 1
50 6.59734 3.90782e-29 -4.42597e-28 1 1
50 6.59734 -0.000374382 -0.00128869 1 1
50 6.59734 3.90785e-29 -4.42596e-28 1 1
50 6.59734 3.01642e-30 -3.3045e-29 1 1
50 6.59734 -0.000374382 -0.00128869 1 1
50 6.59734 4.03881e-29 -4.42733e-28 1 1
50 6.59734 0.00039771 -0.000252381 1 1
50 6.72301 -0 -0 1 1
50 6.72301 3.76418e-29 -4.34448e-28 1 1
50 6.72301 -0.000361559 -0.00126826 1 1
50 6.72301 3.76735e-29 -4.34701e-28 1 1
50 6.72301 2.90559e-30 -3.24373e-29 1 1
50 6.72301 -0.000361559 -0.00126826 1 1
50 6.72301 3.88995e-29 -4.34303e-28 1 1
50 6.72301 0.000386514 -0.000239873 1 1
50 6.84867 -0 -0 1 1
50 6.84867 3.62829e-29 -4.26592e-28 1 1
50 6.84867 -0.000349368 -0.0012484 1 1
50 6.84867 3.6315e-29 -4.26845e-28 1 1
50 6.84867 2.80075e-30 -3.18513e-29 1 1
50 6.84867 -0.000349368 -0.0012484 1 1
50 6.84867 3.7522e-29 -4.26579e-28 1 1
50 6.84867 0.000375709 -0.000228155 1 1
50 6.97434 -0 -0 1 1
50 6.97434 3.49962e-29 -4.19013e-28 1 1
50 6.97434 -0.000337767 -0.00122909 1 1
50 6.97434 3.4996e-29 -4.19266e-28 1 1
50 6.97434 2.70147e-30 -3.1286e-29 1 1
50 6.97434 -0.000337767 -0.00122909 1 1
50 6.97434 3.61577e-29 -4.1856e-28 1 1
50 6.97434 0.000365284 -0.000217168 1 1
50 7.1 -0 -0 1 1
50 7.1 3.37766e-29 -4.11697e-28 1 1
50 7.1 -0.000326722 -0.00121032 1 1
50 7.1 3.38082e-29 -4.11697e-28 1 1
50 7.1 2.60737e-30 -3.07402e-29 1 1
50 7.1 -0.000326722 -0.00121032 1 1
50 7.1 3.48903e-29 -4.11725e-28 1 1
50 7.1 0.000355226 -0.000206858 1 1
50 7.22566 -0 -0 1 1
50 7.22566 3.26195e-29 -4.04631e-28 1 1
50 7.22566 -0.000316197 -0.00119206 1 1
50 7.22566 3.26195e-29 -4.0463e-28 1 1
50 7.22566 2.51808e-30 -3.0213e-29 1 1
50 7.22566 -0.000316197 -0.00119206 1 1
50 7.22566 3.37534e-29 -4.04446e-28 1 1
50 7.22566 0.000345524 -0.000197174 1 1
50 7.35133 -0 -0 1 1
50 7.35133 3.15207e-29 -3.97801e-28 1 1
50 7.35133 -0.000306161 -0.0011743 1 1
50 7.35133 3.15207e-29 -3.98054e-28 1 1
50 7.35133 2.4333e-30 -2.97035e-29 1 1
50 7.35133 -0.000306161 -0.0011743 1 1
50 7.35133 3.25501e-29 -3.97647e-28 1 1
50 7.35133 0.000336165 -0.000188072 1 1
50 7.47699 -0 -0 1 1
50 7.47699 3.04764e-29 -3.91196e-28 1 1
50 7.47699 -0.000296586 -0.00115702 1 1
50 7.47699 3.04761e-29 -3.91449e-28 1 1
50 7.47699 2.35271e-30 -2.92108e-29 1 1
50 7.47699 -0.000296586 -0.00115702 1 1
50 7.47699 3.14523e-29 -3.91217e-28 1 1
50 7.47699 0.000327136 -0.000179509 1 1
50 7.60265 -0 -0 1 1
50 7.60265 2.94831e-29 -3.84807e-28 1 1
50 7.60265 -0.000287443 -0.0011402 1 1
50 7.60265 2.94987e-29 -3.85059e-28 1 1
50 7.60265 2.27606e-30 -2.8734e-29 1 1
50 7.60265 -0.000287443 -0.0011402 1 1
50 7.60265 3.04648e-29 -3.84717e-28 1 1
50 7.60265 0.000318427 -0.000171446 1 1
50 7.72832 -0 -0 1 1
50 7.72832 2.85375e-29 -3.78621e-28 1 1
50 7.72832 -0.000278709 -0.00112383 1 1
50 7.72832 2.85375e-29 -3.78874e-28 1 1
50 7.72832 2.20308e-30 -2.82725e-29 1 1
50 7.72832 -0.000278709 -0.00112383 1 1
50 7.72832 2.94941e-29 -3.78471e-28 1 1
50 7.72832 0.000310024 -0.000163849 1 1
50 7.85398 -0 -0 1 1
50 7.85398 2.76365e-29 -3.7263e-28 1 1
50 7.85398 -0.000270359 -0.00110788 1 1
50 7.85398 2.76524e-29 -3.72882e-28 1 1
50 7.85398 2.13356e-30 -2.78255e-29 1 1
50 7.85398 -0.000270359 -0.00110788 1 1
50 7.85398 2.85713e-29 -3.72819e-28 1 1
50 7.85398 0.000301917 -0.000156685 1 1
50 7.97965 -0 -0 1 1
50 7.97965 2.67775e-29 -3.66824e-28 1 1
50 7.97965 -0.000262371 -0.00109236 1 1
50 7.97965 2.67776e-29 -3.67077e-28 1 1
50 7.97965 2.06726e-30 -2.73923e-29 1 1
50 7.97965 -0.000262371 -0.00109236 1 1
50 7.97965 2.76548e-29 -3.66848e-28 1 1
50 7.97965 0.000294093 -0.000149925 1 1
50 8.10531 -0 -0 1 1
50 8.10531 2.59579e-29 -3.61196e-28 1 1
50 8.10531 -0.000254726 -0.00107723 1 1
50 8.10531 2.59735e-29 -3.61449e-28 1 1
50 8.10531 2.00401e-30 -2.69723e-29 1 1
50 8.10531 -0.000254726 -0.00107723 1 1
50 8.10531 2.68254e-29 -3.61093e-28 1 1
50 8.10531 0.000286543 -0.000143541 1 1
50 8.23097 -0 -0 1 1
50 8.23097 2.51752e-29 -3.55737e-28 1 1
50 8.23097 -0.000247405 -0.00106249 1 1
50 8.23097 2.51753e-29 -3.5599e-28 1 1
50 8.23097 1.94361e-30 -2.65649e-29 1 1
50 8.23097 -0.000247405 -0.00106249 1 1
50 8.23097 2.60279e-29 -3.55141e-28 1 1
50 8.23097 0.000279254 -0.000137507 1 1
50 8.35664 -0 -0 1 1
50 8.35664 2.44274e-29 -3.5044e-28 1 1
50 8.35664 -0.000240389 -0.00104812 1 1
50 8.35664 2.44432e-29 -3.5044e-28 1 1
50 8.35664 1.88589e-30 -2.61696e-29 1 1
50 8.35664 -0.000240389 -0.00104812 1 1
50 8.35664 2.52602e-29 -3.5016e-28 1 1
50 8.35664 0.000272218 -0.000131801 1 1
50 8.4823 -0 -0 1 1
50 8.4823 2.37124e-29 -3.45297e-28 1 1
50 8.4823 -0.000233663 -0.00103411 1 1
50 8.4823 2.37284e-29 -3.4555e-28 1 1
50 8.4823 1.8307e-30 -2.57858e-29 1 1
50 8.4823 -0.000233663 -0.00103411 1 1
50 8.4823 2.45162e-29 -3.44971e-28 1 1
50 8.4823 0.000265423 -0.000126401 1 1
50 8.60796 -0 -0 1 1
50 8.60796 2.30282e-29 -3.40302e-28 1 1
50 8.60796 -0.00022721 -0.00102045 1 1
50 8.60796 2.30442e-29 -3.40555e-28 1 1
50 8.60796 1.7779e-30 -2.5413e-29 1 1
50 8.60796 -0.00022721 -0.00102045 1 1
50 8.60796 2.38068e-29 -3.40192e-28 1 1
50 8.60796 0.00025886 -0.000121287 1 1
50 8.73363 -0 -0 1 1
50 8.73363 2.23732e-29 -3.3545e-28 1 1
50 8.73363 -0.000221017 -0.00100713 1 1
50 8.73363 2.23891e-29 -3.3545e-28 1 1
50 8.73363 1.72735e-30 -2.50509e-29 1 1
50 8.73363 -0.000221017 -0.00100713 1 1
50 8.73363 2.31221e-29 -3.35193e-28 1 1
50 8.73363 0.00025252 -0.00011644 1 1
50 8.85929 -0 -0 1 1
50 8.85929 2.17457e-29 -3.30733e-28 1 1
50 8.85929 -0.00021507 -0.000994128 1 1
50 8.85929 2.17459e-29 -3.30733e-28 1 1
50 8.85929 1.67891e-30 -2.46988e-29 1 1
50 8.85929 -0.00021507 -0.000994128 1 1
50 8.85929 2.24807e-29 -3.30682e-28 1 1
50 8.85929 0.000246395 -0.000111845 1 1
50 8.98495 -0 -0 1 1
50 8.98495 2.11442e-29 -3.26146e-28 1 1
50 8.98495 -0.000209356 -0.000981443 1 1
50 8.98495 2.11441e-29 -3.26399e-28 1 1
50 8.98495 1.63249e-30 -2.43565e-29 1 1
50 8.98495 -0.000209356 -0.000981443 1 1
50 8.98495 2.18421e-29 -3.25922e-28 1 1
50 8.98495 0.000240474 -0.000107484 1 1
50 9.11062 -0 -0 1 1
50 9.11062 2.05673e-29 -3.21684e-28 1 1
50 9.11062 -0.000203863 -0.000969061 1 1
50 9.11062 2.05675e-29 -3.21684e-28 1 1
50 9.11062 1.58796e-30 -2.40235e-29 1 1
50 9.11062 -0.000203863 -0.000969061 1 1
50 9.11062 2.12681e-29 -3.21216e-28 1 1
50 9.11062 0.000234751 -0.000103344 1 1
50 9.23628 -0 -0 1 1
50 9.23628 2.00137e-29 -3.17343e-28 1 1
50 9.23628 -0.000198581 -0.000956973 1 1
50 9.23628 2.00136e-29 -3.17343e-28 1 1
50 9.23628 1.54522e-30 -2.36994e-29 1 1
50 9.23628 -0.000198581 -0.000956973 1 1
50 9.23628 2.06978e-29 -3.17517e-28 1 1
50 9.23628 0.000229217 -9.94104e-05 1 1
50 9.36195 -0 -0 1 1
50 9.36195 1.94821e-29 -3.13116e-28 1 1
50 9.36195 -0.000193499 -0.000945168 1 1
50 9.36195 1.94978e-29 -3.13116e-28 1 1
50 9.36195 1.50419e-30 -2.33839e-29 1 1
50 9.36195 -0.000193499 -0.000945168 1 1
50 9.36195 2.01592e-29 -3.12775e-28 1 1
50 9.36195 0.000223866 -9.56713e-05 1 1
50 9.48761 -0 -0 1 1
50 9.48761 1.89713e-29 -3.09e-28 1 1
50 9.48761 -0.000188607 -0.000933637 1 1
50 9.48761 1.89873e-29 -3.09e-28 1 1
50 9.48761 1.46476e-30 -2.30767e-29 1 1
50 9.48761 -0.000188607 -0.000933637 1 1
50 9.48761 1.95938e-29 -3.08775e-28 1 1
50 9.48761 0.000218688 -9.21148e-05 1 1
50 9.61327 -0 -0 1 1
50 9.61327 1.84804e-29 -3.04991e-28 1 1
50 9.61327 -0.000183895 -0.000922372 1 1
50 9.61327 1.84961e-29 -3.05244e-28 1 1
50 9.61327 1.42687e-30 -2.27774e-29 1 1
50 9.61327 -0.000183895 -0.000922372 1 1
50 9.61327 1.90986e-29 -3.04589e-28 1 1
50 9.61327 0.000213679 -8.87301e-05 1 1
50 9.73894 -0 -0 1 1
50 9.73894 1.80083e-29 -3.01084e-28 1 1
50 9.73894 -0.000179356 -0.000911364 1 1
50 9.73894 1.80242e-29 -3.01084e-28 1 1
50 9.73894 1.39042e-30 -2.24858e-29 1 1
50 9.73894 -0.000179356 -0.000911364 1 1
50 9.73894 1.86158e-29 -3.00792e-28 1 1
50 9.73894 0.00020883 -8.55071e-05 1 1
50 9.8646 -0 -0 1 1
50 9.8646 1.75539e-29 -2.97275e-28 1 1
50 9.8646 -0.000174981 -0.000900604 1 1
50 9.8646 1.75538e-29 -2.97528e-28 1 1
50 9.8646 1.35535e-30 -2.22015e-29 1 1
50 9.8646 -0.000174981 -0.000900604 1 1
50 9.8646 1.81416e-29 -2.97034e-28 1 1
50 9.8646 0.000204136 -8.24363e-05 1 1
50 9.99026 -0 -0 1 1
50 9.99026 1.71166e-29 -2.93561e-28 1 1
50 9.99026 -0.000170762 -0.000890085 1 1
50 9.99026 1.71164e-29 -2.93814e-28 1 1
50 9.99026 1.32159e-30 -2.19242e-29 1 1
50 9.99026 -0.000170762 -0.000890085 1 1
50 9.99026 1.76837e-29 -2.93465e-28 1 1
50 9.99026 0.000199591 -7.9509e-05 1 1
50 10.1159 -0 -0 1 1
50 10.1159 1.66954e-29 -2.89939e-28 1 1
50 10.1159 -0.000166692 -0.0008798 1 1
50 10.1159 1.66953e-29 -2.90191e-28 1 1
50 10.1159 1.28908e-30 -2.16538e-29 1 1
50 10.1159 -0.000166692 -0.0008798 1 1
50 10.1159 1.72535e-29 -2.8981e-28 1 1
50 10.1159 0.000195189 -7.6717e-05 1 1
50 10.2416 -0 -0 1 1
50 10.2416 1.62895e-29 -2.86404e-28 1 1
50 10.2416 -0.000162764 -0.00086974 1 1
50 10.2416 1.62895e-29 -2.86657e-28 1 1
50 10.2416 1.25775e-30 -2.139e-29 1 1
50 10.2416 -0.000162764 -0.00086974 1 1
50 10.2416 1.68381e-29 -2.86537e-28 1 1
50 10.2416 0.000190924 -7.40527e-05 1 1
50 10.3673 -0 -0 1 1
50 10.3673 1.58982e-29 -2.82955e-28 1 1
50 10.3673 -0.000158972 -0.000859898 1 1
50 10.3673 1.59139e-29 -2.82955e-28 1 1
50 10.3673 1.22754e-30 -2.11325e-29 1 1
50 10.3673 -0.000158972 -0.000859898 1 1
50 10.3673 1.64627e-29 -2.83023e-28 1 1
50 10.3673 0.000186791 -7.1509e-05 1 1
50 10.4929 -0 -0 1 1
50 10.4929 1.55209e-29 -2.79587e-28 1 1
50 10.4929 -0.000155309 -0.000850269 1 1
50 10.4929 1.55288e-29 -2.7984e-28 1 1
50 10.4929 1.19841e-30 -2.0881e-29 1 1
50 10.4929 -0.000155309 -0.000850269 1 1
50 10.4929 1.6026e-29 -2.7931e-28 1 1
50 10.4929 0.000182785 -6.90791e-05 1 1
50 10.6186 -0 -0 1 1
50 10.6186 1.51568e-29 -2.76298e-28 1 1
50 10.6186 -0.00015177 -0.000840846 1 1
50 10.6186 1.51645e-29 -2.76298e-28 1 1
50 10.6186 1.1703e-30 -2.06355e-29 1 1
50 10.6186 -0.00015177 -0.000840846 1 1
50 10.6186 1.56703e-29 -2.76256e-28 1 1
50 10.6186 0.000178901 -6.67569e-05 1 1
50 10.7442 -0 -0 1 1
50 10.7442 1.48054e-29 -2.73086e-28 1 1
50 10.7442 -0.000148349 -0.000831621 1 1
50 10.7442 1.48135e-29 -2.73338e-28 1 1
50 10.7442 1.14317e-30 -2.03957e-29 1 1
50 10.7442 -0.000148349 -0.000831621 1 1
50 10.7442 1.53105e-29 -2.72844e-28 1 1
50 10.7442 0.000175134 -6.45365e-05 1 1
50 10.8699 -0 -0 1 1
50 10.8699 1.4466e-29 -2.69947e-28 1 1
50 10.8699 -0.000145042 -0.00082259 1 1
50 10.8699 1.4466e-29 -2.69947e-28 1 1
50 10.8699 1.11697e-30 -2.01614e-29 1 1
50 10.8699 -0.000145042 -0.00082259 1 1
50 10.8699 1.49484e-29 -2.69634e-28 1 1
50 10.8699 0.00017148 -6.24125e-05 1 1
50 10.9956 -0 -0 1 1
50 10.9956 1.41382e-29 -2.66879e-28 1 1
50 10.9956 -0.000141843 -0.000813747 1 1
50 10.9956 1.41461e-29 -2.66879e-28 1 1
50 10.9956 1.09167e-30 -1.99323e-29 1 1
50 10.9956 -0.000141843 -0.000813747 1 1
50 10.9956 1.46045e-29 -2.66668e-28 1 1
50 10.9956 0.000167936 -6.03797e-05 1 1
50 11.1212 -0 -0 1 1
50 11.1212 1.38213e-29 -2.6388e-28 1 1
50 11.1212 -0.000138747 -0.000805086 1 1
50 11.1212 1.38292e-29 -2.64133e-28 1 1
50 11.1212 1.06721e-30 -1.97084e-29 1 1
50 11.1212 -0.000138747 -0.000805086 1 1
50 11.1212 1.42777e-29 -2.63564e-28 1 1
50 11.1212 0.000164495 -5.84334e-05 1 1
50 11.2469 -0 -0 1 1
50 11.2469 1.3515e-29 -2.60948e-28 1 1
50 11.2469 -0.000135751 -0.000796601 1 1
50 11.2469 1.35229e-29 -2.612e-28 1 1
50 11.2469 1.04356e-30 -1.94895e-29 1 1
50 11.2469 -0.000135751 -0.000796601 1 1
50 11.2469 1.39737e-29 -2.60824e-28 1 1
50 11.2469 0.000161156 -5.6569e-05 1 1
50 11.3726 -0 -0 1 1
50 11.3726 1.32188e-29 -2.58079e-28 1 1
50 11.3726 -0.00013285 -0.000788287 1 1
50 11.3726 1.32188e-29 -2.58332e-28 1 1
50 11.3726 1.02069e-30 -1.92753e-29 1 1
50 11.3726 -0.00013285 -0.000788287 1 1
50 11.3726 1.36622e-29 -2.58305e-28 1 1
50 11.3726 0.000157914 -5.47824e-05 1 1
50 11.4982 -0 -0 1 1
50 11.4982 1.29321e-29 -2.55273e-28 1 1
50 11.4982 -0.00013004 -0.000780141 1 1
50 11.4982 1.2948e-29 -2.55273e-28 1 1
50 11.4982 9.9856e-31 -1.90658e-29 1 1
50 11.4982 -0.00013004 -0.000780141 1 1
50 11.4982 1.33618e-29 -2.55349e-28 1 1
50 11.4982 0.000154765 -5.30695e-05 1 1
50 11.6239 -0 -0 1 1
50 11.6239 1.26547e-29 -2.52528e-28 1 1
50 11.6239 -0.000127318 -0.000772156 1 1
50 11.6239 1.26627e-29 -2.5278e-28 1 1
50 11.6239 9.77144e-31 -1.88608e-29 1 1
50 11.6239 -0.000127318 -0.000772156 1 1
50 11.6239 1.30763e-29 -2.52335e-28 1 1
50 11.6239 0.000151706 -5.14266e-05 1 1
50 11.7496 -0 -0 1 1
50 11.7496 1.23862e-29 -2.4984e-28 1 1
50 11.7496 -0.000124679 -0.000764328 1 1
50 11.7496 1.23941e-29 -2.49966e-28 1 1
50 11.7496 9.56408e-31 -1.86602e-29 1 1
50 11.7496 -0.000124679 -0.000764328 1 1
50 11.7496 1.27968e-29 -2.49767e-28 1 1
50 11.7496 0.000148734 -4.98503e-05 1 1
50 11.8752 -0 -0 1 1
50 11.8752 1.2126e-29 -2.47209e-28 1 1
50 11.8752 -0.000122121 -0.000756652 1 1
50 11.8752 1.2134e-29 -2.47335e-28 1 1
50 11.8752 9.36325e-31 -1.84637e-29 1 1
50 11.8752 -0.000122121 -0.000756652 1 1
50 11.8752 1.25408e-29 -2.46946e-28 1 1
50 11.8752 0.000145846 -4.83372e-05 1 1
50 12.0009 -0 -0 1 1
50 12.0009 1.1874e-29 -2.44633e-28 1 1
50 12.0009 -0.00011964 -0.000749126 1 1
50 12.0009 1.18899e-29 -2.44633e-28 1 1
50 12.0009 9.16868e-31 -1.82714e-29 1 1
50 12.0009 -0.00011964 -0.000749126 1 1
50 12.0009 1.22798e-29 -2.44418e-28 1 1
50 12.0009 0.000143038 -4.68841e-05 1 1
50 12.1265 -0 -0 1 1
50 12.1265 1.16297e-29 -2.42109e-28 1 1
50 12.1265 -0.000117234 -0.000741743 1 1
50 12.1265 1.16376e-29 -2.42236e-28 1 1
50 12.1265 8.9801e-31 -1.8083e-29 1 1
50 12.1265 -0.000117234 -0.000741743 1 1
50 12.1265 1.20191e-29 -2.42e-28 1 1
50 12.1265 0.000140309 -4.54883e-05 1 1
50 12.2522 -0 -0 1 1
50 12.2522 1.13929e-29 -2.39637e-28 1 1
50 12.2522 -0.000114898 -0.000734501 1 1
50 12.2522 1.14009e-29 -2.39764e-28 1 1
50 12.2522 8.79728e-31 -1.78984e-29 1 1
50 12.2522 -0.000114898 -0.000734501 1 1
50 12.2522 1.1774e-29 -2.39396e-28 1 1
50 12.2522 0.000137654 -4.41469e-05 1 1
50 12.3779 -0 -0 1 1
50 12.3779 1.11633e-29 -2.37215e-28 1 1
50 12.3779 -0.000112632 -0.000727395 1 1
50 12.3779 1.11711e-29 -2.37342e-28 1 1
50 12.3779 8.61998e-31 -1.77175e-29 1 1
50 12.3779 -0.000112632 -0.000727395 1 1
50 12.3779 1.1553e-29 -2.37136e-28 1 1
50 12.3779 0.000135072 -4.28573e-05 1 1
50 12.5035 -0 -0 1 1
50 12.5035 1.09405e-29 -2.34842e-28 1 1
50 12.5035 -0.000110431 -0.000720422 1 1
50 12.5035 1.09485e-29 -2.35094e-28 1 1
50 12.5035 8.44798e-31 -1.75403e-29 1 1
50 12.5035 -0.000110431 -0.000720422 1 1
50 12.5035 1.13168e-29 -2.34746e-28 1 1
50 12.5035 0.00013256 -4.1617e-05 1 1
