50 0.0628319 -1.51718e-16 -3.79296e-17 1 1
50 0.0628319 1.10425e-17 -2.41026e-18 1 1
50 0.0628319 0.00456566 0.000149674 1 1
50 0.0628319 5.84953e-19 -1.46238e-19 1 1
50 0.0628319 1.59876e-19 -3.9969e-20 1 1
50 0.0628319 0.00124786 4.09082e-05 1 1
50 0.0628319 0.00594047 0.000389908 1 1
50 0.0628319 1.12044e-17 -2.44696e-18 1 1
50 0.188496 -0 -0 1 1
50 0.188496 8.38798e-18 -6.06361e-18 1 1
50 0.188496 0.00452678 0.000445199 1 1
50 0.188496 -0 -5.84953e-19 1 1
50 0.188496 3.66061e-29 -7.9938e-20 1 1
50 0.188496 0.00123724 0.000121679 1 1
50 0.188496 0.00578947 0.00114989 1 1
50 0.188496 8.51602e-18 -6.16263e-18 1 1
50 0.314159 -0 -7.58592e-17 1 1
50 0.314159 4.86575e-18 -7.40136e-18 1 1
50 0.314159 0.00445098 0.000729574 1 1
50 0.314159 -2.92476e-19 -0 1 1
50 0.314159 2.12293e-29 -3.22984e-29 1 1
50 0.314159 0.00121652 0.000199403 1 1
50 0.314159 0.00550002 0.00185283 1 1
50 0.314159 4.93617e-18 -7.516e-18 1 1
50 0.439823 -0 -7.58592e-17 1 1
50 0.439823 1.99381e-18 -7.00398e-18 1 1
50 0.439823 0.00434192 0.000996377 1 1
50 0.439823 -7.31191e-20 2.92476e-19 1 1
50 0.439823 -1.99845e-20 7.9938e-20 1 1
50 0.439823 0.00118671 0.000272324 1 1
50 0.439823 0.00509507 0.0024684 1 1
50 0.439823 2.02434e-18 -7.1126e-18 1 1
50 0.565487 2.3706e-18 7.58592e-17 1 1
50 0.565487 1.74436e-19 -5.88381e-18 1 1
50 0.565487 0.00420456 0.00124053 1 1
50 0.565487 -0 -0 1 1
50 0.565487 2.49806e-21 -2.56642e-29 1 1
50 0.565487 0.00114917 0.000339054 1 1
50 0.565487 0.00460435 0.00297603 1 1
50 0.565487 1.77e-19 -5.97481e-18 1 1
50 0.69115 9.4824e-18 -7.58592e-17 1 1
50 0.69115 -8.04324e-19 -4.68003e-18 1 1
50 0.69115 0.00404461 0.00145852 1 1
50 0.69115 -0 -0 1 1
50 0.69115 -3.5102e-30 -2.04114e-29 1 1
50 0.69115 0.00110545 0.000398635 1 1
50 0.69115 0.00406008 0.0033659 1 1
50 0.69115 -8.16939e-19 -4.75438e-18 1 1
50 0.816814 -0 3.79296e-17 1 1
50 0.816814 -1.25569e-18 -3.64433e-18 1 1
50 0.816814 0.00386804 0.00164846 1 1
50 0.816814 7.31191e-20 -0 1 1
50 0.816814 1.99845e-20 -1.59038e-29 1 1
50 0.816814 0.00105719 0.000450547 1 1
50 0.816814 0.00349313 0.00363814 1 1
50 0.816814 -1.27466e-18 -3.69837e-18 1 1
50 0.942478 -1.89648e-17 3.79296e-17 1 1
50 0.942478 -1.4133e-18 -2.82678e-18 1 1
50 0.942478 0.00368057 0.00180988 1 1
50 0.942478 -0 1.46238e-19 1 1
50 0.942478 -6.17069e-30 3.9969e-20 1 1
50 0.942478 0.00100595 0.000494668 1 1
50 0.942478 0.00293016 0.00380082 1 1
50 0.942478 -1.4354e-18 -2.87061e-18 1 1
50 1.06814 -1.89648e-17 3.79296e-17 1 1
50 1.06814 -1.41938e-18 -2.20335e-18 1 1
50 1.06814 0.00348741 0.00194355 1 1
50 1.06814 -7.31191e-20 -1.46238e-19 1 1
50 1.06814 -1.99845e-20 -3.9969e-20 1 1
50 1.06814 0.000953161 0.000531201 1 1
50 1.06814 0.00239203 0.00386733 1 1
50 1.06814 -1.44025e-18 -2.23817e-18 1 1
50 1.19381 1.89648e-17 -1.89648e-17 1 1
50 1.19381 -1.35311e-18 -1.73307e-18 1 1
50 1.19381 0.00329299 0.00205111 1 1
50 1.19381 -7.31191e-20 -0 1 1
50 1.19381 -1.99845e-20 -7.56114e-30 1 1
50 1.19381 0.000900023 0.000560597 1 1
50 1.19381 0.00189338 0.00385381 1 1
50 1.19381 -1.37526e-18 -1.75997e-18 1 1
50 1.31947 1.89648e-17 1.89648e-17 1 1
50 1.31947 -1.25657e-18 -1.37803e-18 1 1
50 1.31947 0.00310091 0.00213478 1 1
50 1.31947 -0 7.31191e-20 1 1
50 1.31947 -5.48455e-30 1.99845e-20 1 1
50 1.31947 0.000847524 0.000583465 1 1
50 1.31947 0.00144309 0.00377705 1 1
50 1.31947 -1.27486e-18 -1.39955e-18 1 1
50 1.44513 -0 -1.89648e-17 1 1
50 1.44513 -1.15135e-18 -1.10822e-18 1 1
50 1.44513 0.00291394 0.00219711 1 1
50 1.44513 -0 -0 1 1
50 1.44513 -5.02107e-30 -4.83931e-30 1 1
50 1.44513 0.000796423 0.000600503 1 1
50 1.44513 0.00104522 0.00365295 1 1
50 1.44513 -1.16895e-18 -1.12566e-18 1 1
50 1.5708 1.89648e-17 -0 1 1
50 1.5708 -1.04806e-18 -9.01239e-19 1 1
50 1.5708 0.0027341 0.00224078 1 1
50 1.5708 -7.31191e-20 7.31191e-20 1 1
50 1.5708 -1.99845e-20 9.99226e-21 1 1
50 1.5708 0.00074727 0.000612437 1 1
50 1.5708 0.000700159 0.00349562 1 1
50 1.5708 -1.0644e-18 -9.15297e-19 1 1
50 1.69646 -9.4824e-18 9.4824e-18 1 1
50 1.69646 -9.51517e-19 -7.40764e-19 1 1
50 1.69646 0.00256276 0.00226838 1 1
50 1.69646 -3.65595e-20 -0 1 1
50 1.69646 -9.99226e-21 -3.23075e-30 1 1
50 1.69646 0.000700439 0.00061998 1 1
50 1.69646 0.000405732 0.00331691 1 1
50 1.69646 -9.6621e-19 -7.52506e-19 1 1
50 1.82212 9.4824e-18 -0 1 1
50 1.82212 -8.63567e-19 -6.14983e-19 1 1
50 1.82212 0.00240073 0.00228236 1 1
50 1.82212 -0 7.31191e-20 1 1
50 1.82212 -3.76921e-30 9.99226e-21 1 1
50 1.82212 0.000656154 0.000623804 1 1
50 1.82212 0.000158138 0.00312636 1 1
50 1.82212 -8.76937e-19 -6.24484e-19 1 1
50 1.94779 -9.4824e-18 9.4824e-18 1 1
50 1.94779 -7.84537e-19 -5.15332e-19 1 1
50 1.94779 0.00224842 0.00228499 1 1
50 1.94779 3.65595e-20 -3.65595e-20 1 1
50 1.94779 -3.42387e-30 -9.99226e-21 1 1
50 1.94779 0.000614527 0.00062452 1 1
50 1.94779 -4.72878e-05 0.00293138 1 1
50 1.94779 -7.97347e-19 -5.23392e-19 1 1
50 2.07345 -9.4824e-18 -0 1 1
50 2.07345 -7.14029e-19 -4.35564e-19 1 1
50 2.07345 0.00210591 0.00227823 1 1
50 2.07345 -0 -1.82798e-20 1 1
50 2.07345 -3.11488e-30 -1.90051e-30 1 1
50 2.07345 0.000575577 0.000622674 1 1
50 2.07345 -0.000215527 0.00273747 1 1
50 2.07345 -7.24536e-19 -4.42346e-19 1 1
50 2.19911 -0 -4.7412e-18 1 1
50 2.19911 -6.51332e-19 -3.71084e-19 1 1
50 2.19911 0.00197304 0.00226385 1 1
50 2.19911 -0 -0 1 1
50 2.19911 -2.84224e-30 -1.61992e-30 1 1
50 2.19911 0.000539261 0.000618744 1 1
50 2.19911 -0.000351511 0.00254856 1 1
50 2.19911 -6.61431e-19 -3.76918e-19 1 1
50 2.32478 -9.4824e-18 -0 1 1
50 2.32478 -5.95633e-19 -3.1848e-19 1 1
50 2.32478 0.00184948 0.00224334 1 1
50 2.32478 -0 1.82798e-20 1 1
50 2.32478 -2.59914e-30 -1.39045e-30 1 1
50 2.32478 0.000505491 0.000613139 1 1
50 2.32478 -0.000459884 0.00236732 1 1
50 2.32478 -6.0555e-19 -3.23406e-19 1 1
50 2.45044 -9.4824e-18 4.7412e-18 1 1
50 2.45044 -5.46127e-19 -2.75192e-19 1 1
50 2.45044 0.00173481 0.00221799 1 1
50 2.45044 3.65595e-20 -0 1 1
50 2.45044 -2.3833e-30 -1.20074e-30 1 1
50 2.45044 0.000474149 0.00060621 1 1
50 2.45044 -0.000544878 0.00219545 1 1
50 2.45044 -5.54956e-19 -2.7945e-19 1 1
50 2.57611 -9.4824e-18 2.3706e-18 1 1
50 2.57611 -5.02061e-19 -2.39283e-19 1 1
50 2.57611 0.00162852 0.00218888 1 1
50 2.57611 3.65595e-20 -9.13988e-21 1 1
50 2.57611 4.99613e-21 -2.49806e-21 1 1
50 2.57611 0.000445099 0.000598252 1 1
50 2.57611 -0.000610256 0.00203388 1 1
50 2.57611 -5.0986e-19 -2.43159e-19 1 1
50 2.70177 4.7412e-18 -0 1 1
50 2.70177 -4.6276e-19 -2.09269e-19 1 1
50 2.70177 0.00153009 0.0021569 1 1
50 2.70177 1.82798e-20 9.13988e-21 1 1
50 2.70177 4.99613e-21 -9.12766e-31 1 1
50 2.70177 0.000418196 0.000589511 1 1
50 2.70177 -0.000659304 0.00188303 1 1
50 2.70177 -4.69848e-19 -2.12455e-19 1 1
50 2.82743 -0 2.3706e-18 1 1
50 2.82743 -4.27626e-19 -1.84006e-19 1 1
50 2.82743 0.00143897 0.0021228 1 1
50 2.82743 1.82798e-20 -0 1 1
50 2.82743 4.99613e-21 -8.03143e-31 1 1
50 2.82743 0.000393292 0.000580192 1 1
50 2.82743 -0.000694853 0.0017429 1 1
50 2.82743 -4.34148e-19 -1.86849e-19 1 1
50 2.9531 -4.7412e-18 -0 1 1
50 2.9531 -3.96136e-19 -1.62603e-19 1 1
50 2.9531 0.00135464 0.0020872 1 1
50 2.9531 1.82798e-20 9.13988e-21 1 1
50 2.9531 4.99613e-21 -7.09424e-31 1 1
50 2.9531 0.000370242 0.000570463 1 1
50 2.9531 -0.000719314 0.00161324 1 1
50 2.9531 -4.02187e-19 -1.65178e-19 1 1
50 3.07876 -4.7412e-18 2.3706e-18 1 1
50 3.07876 -3.67838e-19 -1.44357e-19 1 1
50 3.07876 0.00127657 0.00205061 1 1
50 3.07876 -0 9.13988e-21 1 1
50 3.07876 -1.60515e-30 -6.29905e-31 1 1
50 3.07876 0.000348904 0.000560462 1 1
50 3.07876 -0.000734723 0.00149361 1 1
50 3.07876 -3.736e-19 -1.46639e-19 1 1
50 3.20442 4.7412e-18 2.3706e-18 1 1
50 3.20442 -3.4234e-19 -1.28714e-19 1 1
50 3.20442 0.00120427 0.00201344 1 1
50 3.20442 -0 -9.13988e-21 1 1
50 3.20442 -1.49496e-30 -2.49806e-21 1 1
50 3.20442 0.000329145 0.000550302 1 1
50 3.20442 -0.00074279 0.00138348 1 1
50 3.20442 -3.47681e-19 -1.30693e-19 1 1
50 3.33009 4.7412e-18 1.1853e-18 1 1
50 3.33009 -3.19303e-19 -1.15231e-19 1 1
50 3.33009 0.00113729 0.00197601 1 1
50 3.33009 -0 -4.56994e-21 1 1
50 3.33009 -1.39386e-30 -1.24903e-21 1 1
50 3.33009 0.000310837 0.000540073 1 1
50 3.33009 -0.00074494 0.00128224 1 1
50 3.33009 -3.24224e-19 -1.17101e-19 1 1
50 3.45575 4.7412e-18 -0 1 1
50 3.45575 -2.98436e-19 -1.03551e-19 1 1
50 3.45575 0.00107518 0.0019386 1 1
50 3.45575 -0 -4.56994e-21 1 1
50 3.45575 -1.30184e-30 -4.51839e-31 1 1
50 3.45575 0.000293863 0.000529848 1 1
50 3.45575 -0.00074236 0.00118927 1 1
50 3.45575 -3.02973e-19 -1.05124e-19 1 1
50 3.58142 4.7412e-18 1.1853e-18 1 1
50 3.58142 -2.79484e-19 -9.33839e-20 1 1
50 3.58142 0.00101756 0.00190142 1 1
50 3.58142 3.65595e-20 4.56994e-21 1 1
50 3.58142 4.99613e-21 -4.07536e-31 1 1
50 3.58142 0.000278113 0.000519685 1 1
50 3.58142 -0.00073603 0.00110395 1 1
50 3.58142 -2.83635e-19 -9.49162e-20 1 1
50 3.70708 4.7412e-18 -1.1853e-18 1 1
50 3.70708 -2.6223e-19 -8.44955e-20 1 1
50 3.70708 0.000964044 0.00186463 1 1
50 3.70708 1.82798e-20 -0 1 1
50 3.70708 4.99613e-21 -3.68628e-31 1 1
50 3.70708 0.000263487 0.000509631 1 1
50 3.70708 -0.000726757 0.00102565 1 1
50 3.70708 -2.66294e-19 -8.58219e-20 1 1
50 3.83274 -4.7412e-18 -0 1 1
50 3.83274 -2.46482e-19 -7.66922e-20 1 1
50 3.83274 0.000914303 0.00182837 1 1
50 3.83274 -9.13988e-21 -4.56994e-21 1 1
50 3.83274 -2.49806e-21 -1.24903e-21 1 1
50 3.83274 0.000249892 0.00049972 1 1
50 3.83274 -0.000715208 0.000953817 1 1
50 3.83274 -2.50454e-19 -7.79684e-20 1 1
50 3.95841 2.3706e-18 1.1853e-18 1 1
50 3.95841 -2.32077e-19 -6.98144e-20 1 1
50 3.95841 0.000868023 0.00179273 1 1
50 3.95841 -0 -0 1 1
50 3.95841 -1.01273e-30 1.24903e-21 1 1
50 3.95841 0.000237243 0.00048998 1 1
50 3.95841 -0.000701927 0.000887888 1 1
50 3.95841 -2.35732e-19 -7.08974e-20 1 1
50 4.08407 -0 -0 1 1
50 4.08407 -2.18869e-19 -6.37299e-20 1 1
50 4.08407 0.000824921 0.0017578 1 1
50 4.08407 -0 -0 1 1
50 4.08407 -9.54798e-31 -2.78033e-31 1 1
50 4.08407 0.000225463 0.000480432 1 1
50 4.08407 -0.000687359 0.000827357 1 1
50 4.08407 -2.22274e-19 -6.47089e-20 1 1
50 4.20973 -0 -5.9265e-19 1 1
50 4.20973 -2.06733e-19 -5.83281e-20 1 1
50 4.20973 0.000784736 0.00172362 1 1
50 4.20973 -0 -0 1 1
50 4.20973 -9.01974e-31 -2.54603e-31 1 1
50 4.20973 0.00021448 0.000471091 1 1
50 4.20973 -0.000671869 0.000771751 1 1
50 4.20973 -2.09932e-19 -5.92739e-20 1 1
50 4.3354 2.3706e-18 -0 1 1
50 4.3354 -1.95559e-19 -5.35165e-20 1 1
50 4.3354 0.000747233 0.00169024 1 1
50 4.3354 -0 -0 1 1
50 4.3354 -8.53127e-31 -2.33588e-31 1 1
50 4.3354 0.00020423 0.000461968 1 1
50 4.3354 -0.000655749 0.000720637 1 1
50 4.3354 -1.98543e-19 -5.4342e-20 1 1
50 4.46106 2.3706e-18 -5.9265e-19 1 1
50 4.46106 -1.85251e-19 -4.92171e-20 1 1
50 4.46106 0.000712196 0.00165768 1 1
50 4.46106 -9.13988e-21 -0 1 1
50 4.46106 -8.08255e-31 -2.14702e-31 1 1
50 4.46106 0.000194654 0.000453069 1 1
50 4.46106 -0.000639239 0.000673616 1 1
50 4.46106 -1.88066e-19 -4.99924e-20 1 1
50 4.58673 2.3706e-18 -0 1 1
50 4.58673 -1.75721e-19 -4.53638e-20 1 1
50 4.58673 0.000679428 0.00162596 1 1
50 4.58673 9.13988e-21 -0 1 1
50 4.58673 -7.66792e-31 -1.98088e-31 1 1
50 4.58673 0.000185697 0.000444399 1 1
50 4.58673 -0.000622531 0.000630325 1 1
50 4.58673 -1.78451e-19 -4.60509e-20 1 1
50 4.71239 -2.3706e-18 -5.9265e-19 1 1
50 4.71239 -1.66897e-19 -4.19006e-20 1 1
50 4.71239 0.000648749 0.00159508 1 1
50 4.71239 -0 4.56994e-21 1 1
50 4.71239 -7.28736e-31 6.24516e-22 1 1
50 4.71239 0.000177313 0.000435958 1 1
50 4.71239 -0.000605777 0.000590432 1 1
50 4.71239 -1.69499e-19 -4.25745e-20 1 1
50 4.83805 2.3706e-18 -5.9265e-19 1 1
50 4.83805 -1.5871e-19 -3.87795e-20 1 1
50 4.83805 0.000619998 0.00156504 1 1
50 4.83805 9.13988e-21 -0 1 1
50 4.83805 2.49806e-21 -1.6912e-31 1 1
50 4.83805 0.000169455 0.000427748 1 1
50 4.83805 -0.000589101 0.000553639 1 1
50 4.83805 -1.61001e-19 -3.93709e-20 1 1
50 4.96372 -0 5.9265e-19 1 1
50 4.96372 -1.51103e-19 -3.59595e-20 1 1
50 4.96372 0.000593025 0.00153583 1 1
50 4.96372 -0 -0 1 1
50 4.96372 -6.59441e-31 -1.56908e-31 1 1
50 4.96372 0.000162082 0.000419765 1 1
50 4.96372 -0.000572599 0.00051967 1 1
50 4.96372 -1.53431e-19 -3.65159e-20 1 1
50 5.08938 -0 5.9265e-19 1 1
50 5.08938 -1.44022e-19 -3.34053e-20 1 1
50 5.08938 0.000567694 0.00150745 1 1
50 5.08938 -0 -0 1 1
50 5.08938 -6.28201e-31 -1.4569e-31 1 1
50 5.08938 0.000155159 0.000412008 1 1
50 5.08938 -0.000556345 0.000488279 1 1
50 5.08938 -1.46291e-19 -3.39251e-20 1 1
50 5.21504 -0 -0 1 1
50 5.21504 -1.3742e-19 -3.10865e-20 1 1
50 5.21504 0.000543881 0.00147988 1 1
50 5.21504 -9.13988e-21 1.14249e-21 1 1
50 5.21504 -2.49806e-21 -1.3568e-31 1 1
50 5.21504 0.000148651 0.000404472 1 1
50 5.21504 -0.000540398 0.000459241 1 1
50 5.21504 -1.3949e-19 -3.15603e-20 1 1
50 5.34071 -2.3706e-18 -0 1 1
50 5.34071 -1.31257e-19 -2.89765e-20 1 1
50 5.34071 0.000521473 0.0014531 1 1
50 5.34071 9.13988e-21 -0 1 1
50 5.34071 -5.72822e-31 -1.2645e-31 1 1
50 5.34071 0.000142526 0.000397153 1 1
50 5.34071 -0.000524801 0.000432353 1 1
50 5.34071 -1.33209e-19 -2.94484e-20 1 1
50 5.46637 2.3706e-18 -2.96325e-19 1 1
50 5.46637 -1.25494e-19 -2.70527e-20 1 1
50 5.46637 0.000500368 0.00142709 1 1
50 5.46637 -0 -1.14249e-21 1 1
50 5.46637 -1.24903e-21 -3.12258e-22 1 1
50 5.46637 0.000136758 0.000390045 1 1
50 5.46637 -0.000509587 0.00040743 1 1
50 5.46637 -1.27418e-19 -2.74749e-20 1 1
50 5.59203 -0 2.96325e-19 1 1
50 5.59203 -1.20098e-19 -2.52948e-20 1 1
50 5.59203 0.000480469 0.00140184 1 1
50 5.59203 -0 1.14249e-21 1 1
50 5.59203 -5.24258e-31 3.12258e-22 1 1
50 5.59203 0.000131319 0.000383144 1 1
50 5.59203 -0.000494777 0.000384305 1 1
50 5.59203 -1.21942e-19 -2.56945e-20 1 1
50 5.7177 -1.1853e-18 -0 1 1
50 5.7177 -1.15039e-19 -2.36855e-20 1 1
50 5.7177 0.000461692 0.00137733 1 1
50 5.7177 4.56994e-21 1.14249e-21 1 1
50 5.7177 -5.01823e-31 3.12258e-22 1 1
50 5.7177 0.000126187 0.000376444 1 1
50 5.7177 -0.000480387 0.000362828 1 1
50 5.7177 -1.16814e-19 -2.40733e-20 1 1
50 5.84336 1.1853e-18 -2.96325e-19 1 1
50 5.84336 -1.1029e-19 -2.22094e-20 1 1
50 5.84336 0.000443956 0.00135353 1 1
50 5.84336 -0 -0 1 1
50 5.84336 -4.81375e-31 -9.6914e-32 1 1
50 5.84336 0.00012134 0.000369938 1 1
50 5.84336 -0.000466425 0.000342861 1 1
50 5.84336 -1.11922e-19 -2.25579e-20 1 1
50 5.96903 -0 -0 1 1
50 5.96903 -1.05826e-19 -2.08531e-20 1 1
50 5.96903 0.000427188 0.00133041 1 1
50 5.96903 -0 1.14249e-21 1 1
50 5.96903 -4.61779e-31 3.12258e-22 1 1
50 5.96903 0.000116757 0.000363622 1 1
50 5.96903 -0.000452896 0.000324278 1 1
50 5.96903 -1.07498e-19 -2.11792e-20 1 1
50 6.09469 -0 -0 1 1
50 6.09469 -1.01625e-19 -1.96048e-20 1 1
50 6.09469 0.000411323 0.00130797 1 1
50 6.09469 -0 1.14249e-21 1 1
50 6.09469 -4.43603e-31 -8.55541e-32 1 1
50 6.09469 0.000112421 0.000357488 1 1
50 6.09469 -0.000439799 0.000306968 1 1
50 6.09469 -1.03221e-19 -1.98977e-20 1 1
50 6.22035 -0 -0 1 1
50 6.22035 -9.76674e-20 -1.84538e-20 1 1
50 6.22035 0.000396298 0.00128618 1 1
50 6.22035 4.56994e-21 -1.14249e-21 1 1
50 6.22035 1.24903e-21 -3.12258e-22 1 1
50 6.22035 0.000108314 0.000351531 1 1
50 6.22035 -0.000427132 0.000290827 1 1
50 6.22035 -9.91786e-20 -1.87412e-20 1 1
50 6.34602 -1.1853e-18 -2.96325e-19 1 1
50 6.34602 -9.39343e-20 -1.7391e-20 1 1
50 6.34602 0.000382058 0.00126501 1 1
50 6.34602 -0 1.14249e-21 1 1
50 6.34602 -4.10092e-31 3.12258e-22 1 1
50 6.34602 0.000104422 0.000345746 1 1
50 6.34602 -0.000414887 0.000275762 1 1
50 6.34602 -9.53908e-20 -1.76674e-20 1 1
50 6.47168 -0 -2.96325e-19 1 1
50 6.47168 -9.04094e-20 -1.6408e-20 1 1
50 6.47168 0.000368549 0.00124445 1 1
50 6.47168 -0 1.14249e-21 1 1
50 6.47168 -3.94472e-31 -7.16027e-32 1 1
50 6.47168 0.00010073 0.000340126 1 1
50 6.47168 -0.000403059 0.000261688 1 1
50 6.47168 -9.17359e-20 -1.66589e-20 1 1
50 6.59734 1.1853e-18 -0 1 1
50 6.59734 -8.70776e-20 -1.54975e-20 1 1
50 6.59734 0.000355725 0.00122447 1 1
50 6.59734 4.56994e-21 -5.71243e-22 1 1
50 6.59734 1.24903e-21 -6.76268e-32 1 1
50 6.59734 9.72249e-05 0.000334665 1 1
50 6.59734 -0.000391637 0.000248527 1 1
50 6.59734 -8.8505e-20 -1.57404e-20 1 1
50 6.72301 -1.1853e-18 -0 1 1
50 6.72301 -8.39253e-20 -1.4653e-20 1 1
50 6.72301 0.000343542 0.00120506 1 1
50 6.72301 4.56994e-21 -0 1 1
50 6.72301 1.24903e-21 -6.39348e-32 1 1
50 6.72301 9.3895e-05 0.000329359 1 1
50 6.72301 -0.000380612 0.00023621 1 1
50 6.72301 -8.52297e-20 -1.48842e-20 1 1
50 6.84867 -0 1.48162e-19 1 1
50 6.84867 -8.09398e-20 -1.38687e-20 1 1
50 6.84867 0.000331958 0.00118619 1 1
50 6.84867 -0 -5.71243e-22 1 1
50 6.84867 -3.53008e-31 -6.05269e-32 1 1
50 6.84867 9.07288e-05 0.000324202 1 1
50 6.84867 -0.000369971 0.000224671 1 1
50 6.84867 -8.21984e-20 -1.40874e-20 1 1
50 6.97434 -1.1853e-18 -0 1 1
50 6.97434 -7.81097e-20 -1.31392e-20 1 1
50 6.97434 0.000320935 0.00116784 1 1
50 6.97434 -0 -0 1 1
50 6.97434 -3.40796e-31 -5.73319e-32 1 1
50 6.97434 8.77163e-05 0.000319188 1 1
50 6.97434 -0.000359705 0.000213852 1 1
50 6.97434 -7.94226e-20 -1.33555e-20 1 1
50 7.1 -0 1.48162e-19 1 1
50 7.1 -7.54244e-20 -1.24598e-20 1 1
50 7.1 0.00031044 0.00115001 1 1
50 7.1 -0 -0 1 1
50 7.1 -3.29152e-31 -1.56129e-22 1 1
50 7.1 8.48478e-05 0.000314313 1 1
50 7.1 -0.000349801 0.000203699 1 1
50 7.1 -7.65687e-20 -1.26587e-20 1 1
50 7.22566 1.1853e-18 -0 1 1
50 7.22566 -7.28744e-20 -1.18265e-20 1 1
50 7.22566 0.00030044 0.00113266 1 1
50 7.22566 -0 5.71243e-22 1 1
50 7.22566 -3.17793e-31 -5.16164e-32 1 1
50 7.22566 8.21145e-05 0.000309572 1 1
50 7.22566 -0.000340247 0.000194163 1 1
50 7.22566 -7.39908e-20 -1.20101e-20 1 1
50 7.35133 -0 -0 1 1
50 7.35133 -7.04507e-20 -1.12352e-20 1 1
50 7.35133 0.000290904 0.00111578 1 1
50 7.35133 4.56994e-21 -0 1 1
50 7.35133 -3.07285e-31 -4.9025e-32 1 1
50 7.35133 7.95084e-05 0.00030496 1 1
50 7.35133 -0.000331031 0.0001852 1 1
50 7.35133 -7.16292e-20 -1.14134e-20 1 1
50 7.47699 -1.1853e-18 1.48162e-19 1 1
50 7.47699 -6.81452e-20 -1.06826e-20 1 1
50 7.47699 0.000281806 0.00109936 1 1
50 7.47699 -0 -0 1 1
50 7.47699 -2.97629e-31 -4.66465e-32 1 1
50 7.47699 7.70217e-05 0.000300472 1 1
50 7.47699 -0.000322141 0.000176767 1 1
50 7.47699 -6.92853e-20 -1.08377e-20 1 1
50 7.60265 -0 1.48162e-19 1 1
50 7.60265 -6.59504e-20 -1.01656e-20 1 1
50 7.60265 0.000273119 0.00108338 1 1
50 7.60265 -0 5.71243e-22 1 1
50 7.60265 -2.87689e-31 1.56129e-22 1 1
50 7.60265 7.46474e-05 0.000296104 1 1
50 7.60265 -0.000313564 0.000168828 1 1
50 7.60265 -6.69668e-20 -1.03206e-20 1 1
50 7.72832 -0 -1.48162e-19 1 1
50 7.72832 -6.38593e-20 -9.68142e-21 1 1
50 7.72832 0.00026482 0.00106782 1 1
50 7.72832 -0 -5.71243e-22 1 1
50 7.72832 -2.78743e-31 -1.56129e-22 1 1
50 7.72832 7.23791e-05 0.000291852 1 1
50 7.72832 -0.00030529 0.000161347 1 1
50 7.72832 -6.4853e-20 -9.83053e-21 1 1
50 7.85398 1.1853e-18 -0 1 1
50 7.85398 -6.18655e-20 -9.22742e-21 1 1
50 7.85398 0.000256886 0.00105267 1 1
50 7.85398 2.28497e-21 -0 1 1
50 7.85398 6.24516e-22 -4.02566e-32 1 1
50 7.85398 7.02106e-05 0.000287711 1 1
50 7.85398 -0.000297306 0.000154293 1 1
50 7.85398 -6.27782e-20 -9.37005e-21 1 1
50 7.97965 -0 1.48162e-19 1 1
50 7.97965 -5.99632e-20 -8.80132e-21 1 1
50 7.97965 0.000249296 0.00103792 1 1
50 7.97965 2.28497e-21 -0 1 1
50 7.97965 -2.61703e-31 -3.84106e-32 1 1
50 7.97965 6.81364e-05 0.000283679 1 1
50 7.97965 -0.000289602 0.000147636 1 1
50 7.97965 -6.08861e-20 -8.94152e-21 1 1
50 8.10531 -5.9265e-19 -0 1 1
50 8.10531 -5.81468e-20 -8.40101e-21 1 1
50 8.10531 0.000242032 0.00102355 1 1
50 8.10531 -0 -0 1 1
50 8.10531 -2.53751e-31 -3.66711e-32 1 1
50 8.10531 6.6151e-05 0.00027975 1 1
50 8.10531 -0.000282167 0.000141349 1 1
50 8.10531 -5.90446e-20 -8.53417e-21 1 1
50 8.23097 -5.9265e-19 -1.48162e-19 1 1
50 8.23097 -5.64114e-20 -8.02457e-21 1 1
50 8.23097 0.000235076 0.00100954 1 1
50 8.23097 -0 -0 1 1
50 8.23097 -2.46083e-31 -3.50204e-32 1 1
50 8.23097 6.42496e-05 0.000275922 1 1
50 8.23097 -0.00027499 0.000135407 1 1
50 8.23097 -5.72931e-20 -8.14994e-21 1 1
50 8.35664 5.9265e-19 1.48162e-19 1 1
50 8.35664 -5.4752e-20 -7.67026e-21 1 1
50 8.35664 0.00022841 0.000995887 1 1
50 8.35664 -2.28497e-21 -0 1 1
50 8.35664 -6.24516e-22 -3.34584e-32 1 1
50 8.35664 6.24277e-05 0.00027219 1 1
50 8.35664 -0.000268061 0.000129788 1 1
50 8.35664 -5.56021e-20 -7.79061e-21 1 1
50 8.4823 5.9265e-19 -7.40812e-20 1 1
50 8.4823 -5.31645e-20 -7.33647e-21 1 1
50 8.4823 0.000222018 0.000982577 1 1
50 8.4823 -0 -0 1 1
50 8.4823 -2.31884e-31 -3.20207e-32 1 1
50 8.4823 6.06809e-05 0.000268553 1 1
50 8.4823 -0.00026137 0.000124471 1 1
50 8.4823 -5.3976e-20 -7.4492e-21 1 1
50 8.60796 -5.9265e-19 -7.40812e-20 1 1
50 8.60796 -5.16447e-20 -7.02174e-21 1 1
50 8.60796 0.000215887 0.000969598 1 1
50 8.60796 2.28497e-21 -0 1 1
50 8.60796 6.24516e-22 7.80645e-23 1 1
50 8.60796 5.90052e-05 0.000265005 1 1
50 8.60796 -0.000254907 0.000119435 1 1
50 8.60796 -5.24878e-20 -7.13149e-21 1 1
50 8.73363 -0 7.40812e-20 1 1
50 8.73363 -5.01889e-20 -6.72474e-21 1 1
50 8.73363 0.000210003 0.000956938 1 1
50 8.73363 -0 -2.85621e-22 1 1
50 8.73363 -6.24516e-22 -2.93582e-32 1 1
50 8.73363 5.73968e-05 0.000261545 1 1
50 8.73363 -0.000248664 0.000114662 1 1
50 8.73363 -5.10035e-20 -6.83023e-21 1 1
50 8.85929 -5.9265e-19 -7.40812e-20 1 1
50 8.85929 -4.87935e-20 -6.44423e-21 1 1
50 8.85929 0.000204352 0.000944587 1 1
50 8.85929 -0 2.85621e-22 1 1
50 8.85929 -2.12998e-31 7.80645e-23 1 1
50 8.85929 5.58524e-05 0.000258169 1 1
50 8.85929 -0.000242632 0.000110137 1 1
50 8.85929 -4.95612e-20 -6.54237e-21 1 1
50 8.98495 -0 -0 1 1
50 8.98495 -4.74553e-20 -6.17908e-21 1 1
50 8.98495 0.000198923 0.000932534 1 1
50 8.98495 2.28497e-21 -2.85621e-22 1 1
50 8.98495 6.24516e-22 -7.80645e-23 1 1
50 8.98495 5.43685e-05 0.000254875 1 1
50 8.98495 -0.000236802 0.000105843 1 1
50 8.98495 -4.81987e-20 -6.27766e-21 1 1
50 9.11062 -0 -0 1 1
50 9.11062 -4.61711e-20 -5.92826e-21 1 1
50 9.11062 0.000193704 0.00092077 1 1
50 9.11062 -0 -0 1 1
50 9.11062 -2.01354e-31 -2.58792e-32 1 1
50 9.11062 5.29422e-05 0.00025166 1 1
50 9.11062 -0.000231166 0.000101766 1 1
50 9.11062 -4.68846e-20 -6.01993e-21 1 1
50 9.23628 -0 -7.40812e-20 1 1
50 9.23628 -4.49382e-20 -5.69082e-21 1 1
50 9.23628 0.000188685 0.000909284 1 1
50 9.23628 -0 -2.85621e-22 1 1
50 9.23628 -1.961e-31 -7.80645e-23 1 1
50 9.23628 5.15705e-05 0.00024852 1 1
50 9.23628 -0.000225717 9.78923e-05 1 1
50 9.23628 -4.56218e-20 -5.77876e-21 1 1
50 9.36195 5.9265e-19 -7.40812e-20 1 1
50 9.36195 -4.37538e-20 -5.46588e-21 1 1
50 9.36195 0.000183856 0.000898067 1 1
50 9.36195 -0 2.85621e-22 1 1
50 9.36195 -1.90846e-31 7.80645e-23 1 1
50 9.36195 5.02506e-05 0.000245455 1 1
50 9.36195 -0.000220447 9.42103e-05 1 1
50 9.36195 -4.44476e-20 -5.55073e-21 1 1
50 9.48761 5.9265e-19 -7.40812e-20 1 1
50 9.48761 -4.26154e-20 -5.25262e-21 1 1
50 9.48761 0.000179208 0.000887111 1 1
50 9.48761 2.28497e-21 -0 1 1
50 9.48761 6.24516e-22 -2.2915e-32 1 1
50 9.48761 4.89801e-05 0.00024246 1 1
50 9.48761 -0.000215349 9.07082e-05 1 1
50 9.48761 -4.3261e-20 -5.32806e-21 1 1
50 9.61327 -0 -7.40812e-20 1 1
50 9.61327 -4.15208e-20 -5.0503e-21 1 1
50 9.61327 0.000174731 0.000876407 1 1
50 9.61327 -2.28497e-21 -2.85621e-22 1 1
50 9.61327 -6.24516e-22 -7.80645e-23 1 1
50 9.61327 4.77566e-05 0.000239535 1 1
50 9.61327 -0.000210416 8.73751e-05 1 1
50 9.61327 -4.21679e-20 -5.12874e-21 1 1
50 9.73894 5.9265e-19 7.40812e-20 1 1
50 9.73894 -4.04676e-20 -4.85823e-21 1 1
50 9.73894 0.000170418 0.000865948 1 1
50 9.73894 -0 -2.85621e-22 1 1
50 9.73894 6.24516e-22 -7.80645e-23 1 1
50 9.73894 4.65778e-05 0.000236676 1 1
50 9.73894 -0.000205641 8.42013e-05 1 1
50 9.73894 -4.11015e-20 -4.93193e-21 1 1
50 9.8646 -0 -7.40812e-20 1 1
50 9.8646 -3.94538e-20 -4.67576e-21 1 1
50 9.8646 0.000166261 0.000855724 1 1
50 9.8646 -0 -0 1 1
50 9.8646 -1.72102e-31 -2.03945e-32 1 1
50 9.8646 4.54415e-05 0.000233882 1 1
50 9.8646 -0.000201019 8.11774e-05 1 1
50 9.8646 -4.0064e-20 -4.74258e-21 1 1
50 9.99026 5.9265e-19 7.40812e-20 1 1
50 9.99026 -3.84776e-20 -4.50231e-21 1 1
50 9.99026 0.000162252 0.00084573 1 1
50 9.99026 -0 -0 1 1
50 9.99026 -1.67984e-31 -1.9649e-32 1 1
50 9.99026 4.43459e-05 0.00023115 1 1
50 9.99026 -0.000196543 7.82948e-05 1 1
50 9.99026 -3.90573e-20 -4.57423e-21 1 1
50 10.1159 -0 7.40812e-20 1 1
50 10.1159 -3.7537e-20 -4.33733e-21 1 1
50 10.1159 0.000158385 0.000835956 1 1
50 10.1159 -2.28497e-21 -0 1 1
50 10.1159 -6.24516e-22 -7.80645e-23 1 1
50 10.1159 4.32889e-05 0.000228479 1 1
50 10.1159 -0.000192208 7.55455e-05 1 1
50 10.1159 -3.80833e-20 -4.40589e-21 1 1
50 10.2416 -0 7.40812e-20 1 1
50 10.2416 -3.66304e-20 -4.18029e-21 1 1
50 10.2416 0.000154653 0.000826398 1 1
50 10.2416 -0 -0 1 1
50 10.2416 -6.24516e-22 -1.82468e-32 1 1
50 10.2416 4.22688e-05 0.000225867 1 1
50 10.2416 -0.000188008 7.29219e-05 1 1
50 10.2416 -3.72127e-20 -4.24454e-21 1 1
50 10.3673 -5.9265e-19 -7.40812e-20 1 1
50 10.3673 -3.57561e-20 -4.03075e-21 1 1
50 10.3673 0.000151049 0.000817047 1 1
50 10.3673 -0 -2.85621e-22 1 1
50 10.3673 -1.56056e-31 -7.80645e-23 1 1
50 10.3673 4.1284e-05 0.000223311 1 1
50 10.3673 -0.000183938 7.04169e-05 1 1
50 10.3673 -3.63091e-20 -4.09283e-21 1 1
50 10.4929 -5.9265e-19 -7.40812e-20 1 1
50 10.4929 -3.49127e-20 -3.88824e-21 1 1
50 10.4929 0.000147569 0.000807897 1 1
50 10.4929 -0 -0 1 1
50 10.4929 -1.52364e-31 -3.90322e-23 1 1
50 10.4929 4.03328e-05 0.00022081 1 1
50 10.4929 -0.000179993 6.80242e-05 1 1
50 10.4929 -3.54776e-20 -3.94903e-21 1 1
50 10.6186 5.9265e-19 -3.70406e-20 1 1
50 10.6186 -3.40986e-20 -3.75236e-21 1 1
50 10.6186 0.000144207 0.000798943 1 1
50 10.6186 4.56994e-21 -1.42811e-22 1 1
50 10.6186 6.24516e-22 -3.90322e-23 1 1
50 10.6186 3.94138e-05 0.000218363 1 1
50 10.6186 -0.000176169 6.57374e-05 1 1
50 10.6186 -3.46162e-20 -3.81141e-21 1 1
50 10.7442 -5.9265e-19 3.70406e-20 1 1
50 10.7442 -3.33126e-20 -3.62274e-21 1 1
50 10.7442 0.000140957 0.000790179 1 1
50 10.7442 -0 1.42811e-22 1 1
50 10.7442 -1.45406e-31 -1.58151e-32 1 1
50 10.7442 3.85255e-05 0.000215967 1 1
50 10.7442 -0.00017246 6.35509e-05 1 1
50 10.7442 -3.38297e-20 -3.67821e-21 1 1
50 10.8699 -0 3.70406e-20 1 1
50 10.8699 -3.25534e-20 -3.49902e-21 1 1
50 10.8699 0.000137814 0.000781598 1 1
50 10.8699 -0 -0 1 1
50 10.8699 -1.42069e-31 -1.52648e-32 1 1
50 10.8699 3.76666e-05 0.000213622 1 1
50 10.8699 -0.000168862 6.14594e-05 1 1
50 10.8699 -3.30504e-20 -3.55625e-21 1 1
50 10.9956 5.9265e-19 3.70406e-20 1 1
50 10.9956 -3.18198e-20 -3.38086e-21 1 1
50 10.9956 0.000134774 0.000773195 1 1
50 10.9956 -0 -0 1 1
50 10.9956 -1.38875e-31 -1.4759e-32 1 1
50 10.9956 3.68358e-05 0.000211326 1 1
50 10.9956 -0.000165371 5.94576e-05 1 1
50 10.9956 -3.23141e-20 -3.43295e-21 1 1
50 11.1212 -5.9265e-19 -0 1 1
50 11.1212 -3.11107e-20 -3.26795e-21 1 1
50 11.1212 0.000131833 0.000764965 1 1
50 11.1212 -0 -2.85621e-22 1 1
50 11.1212 -1.35822e-31 -3.90322e-23 1 1
50 11.1212 3.60319e-05 0.000209076 1 1
50 11.1212 -0.000161983 5.7541e-05 1 1
50 11.1212 -3.16046e-20 -3.31937e-21 1 1
50 11.2469 -0 3.70406e-20 1 1
50 11.2469 -3.04249e-20 -3.16001e-21 1 1
50 11.2469 0.000128986 0.000756904 1 1
50 11.2469 -0 -0 1 1
50 11.2469 -1.32769e-31 -1.37916e-32 1 1
50 11.2469 3.52538e-05 0.000206873 1 1
50 11.2469 -0.000158695 5.57051e-05 1 1
50 11.2469 -3.08713e-20 -3.21152e-21 1 1
50 11.3726 2.96325e-19 3.70406e-20 1 1
50 11.3726 -2.97615e-20 -3.05678e-21 1 1
50 11.3726 0.00012623 0.000749005 1 1
50 11.3726 -0 1.42811e-22 1 1
50 11.3726 -1.29858e-31 -1.3339e-32 1 1
50 11.3726 3.45005e-05 0.000204714 1 1
50 11.3726 -0.000155502 5.39458e-05 1 1
50 11.3726 -3.02187e-20 -3.1032e-21 1 1
50 11.4982 -2.96325e-19 -3.70406e-20 1 1
50 11.4982 -2.91195e-20 -2.95798e-21 1 1
50 11.4982 0.00012356 0.000741264 1 1
50 11.4982 -0 -0 1 1
50 11.4982 -1.27089e-31 -1.2913e-32 1 1
50 11.4982 3.37707e-05 0.000202598 1 1
50 11.4982 -0.000152401 5.22591e-05 1 1
50 11.4982 -2.95616e-20 -3.00544e-21 1 1
50 11.6239 -0 -3.70406e-20 1 1
50 11.6239 -2.8498e-20 -2.8634e-21 1 1
50 11.6239 0.000120973 0.000733677 1 1
50 11.6239 -0 -0 1 1
50 11.6239 -1.24391e-31 -1.24959e-32 1 1
50 11.6239 3.30637e-05 0.000200525 1 1
50 11.6239 -0.000149389 5.06413e-05 1 1
50 11.6239 -2.89353e-20 -2.90557e-21 1 1
50 11.7496 -0 3.70406e-20 1 1
50 11.7496 -2.78962e-20 -2.7728e-21 1 1
50 11.7496 0.000118466 0.000726239 1 1
50 11.7496 -0 -0 1 1
50 11.7496 -1.21693e-31 -1.21054e-32 1 1
50 11.7496 3.23785e-05 0.000198492 1 1
50 11.7496 -0.000146463 4.9089e-05 1 1
50 11.7496 -2.83063e-20 -2.81456e-21 1 1
50 11.8752 -0 3.70406e-20 1 1
50 11.8752 -2.73131e-20 -2.68598e-21 1 1
50 11.8752 0.000116035 0.000718946 1 1
50 11.8752 -0 1.42811e-22 1 1
50 11.8752 -3.12258e-22 3.90322e-23 1 1
50 11.8752 3.17142e-05 0.000196498 1 1
50 11.8752 -0.000143619 4.7599e-05 1 1
50 11.8752 -2.77615e-20 -2.72832e-21 1 1
50 12.0009 2.96325e-19 -0 1 1
50 12.0009 -2.67482e-20 -2.60274e-21 1 1
50 12.0009 0.000113678 0.000711794 1 1
50 12.0009 -0 1.42811e-22 1 1
50 12.0009 -1.16723e-31 3.90322e-23 1 1
50 12.0009 3.10699e-05 0.000194544 1 1
50 12.0009 -0.000140854 4.61682e-05 1 1
50 12.0009 -2.7164e-20 -2.64275e-21 1 1
50 12.1265 -0 3.70406e-20 1 1
50 12.1265 -2.62005e-20 -2.52291e-21 1 1
50 12.1265 0.000111392 0.000704779 1 1
50 12.1265 -0 1.42811e-22 1 1
50 12.1265 -1.14309e-31 -1.10049e-32 1 1
50 12.1265 3.04449e-05 0.000192627 1 1
50 12.1265 -0.000138166 4.47937e-05 1 1
50 12.1265 -2.66006e-20 -2.56234e-21 1 1
50 12.2522 2.96325e-19 -3.70406e-20 1 1
50 12.2522 -2.56694e-20 -2.4463e-21 1 1
50 12.2522 0.000109173 0.000697898 1 1
50 12.2522 -0 -1.42811e-22 1 1
50 12.2522 -1.12037e-31 -3.90322e-23 1 1
50 12.2522 2.98385e-05 0.000190746 1 1
50 12.2522 -0.000135552 4.34727e-05 1 1
50 12.2522 -2.60719e-20 -2.48511e-21 1 1
50 12.3779 -0 3.70406e-20 1 1
50 12.3779 -2.51543e-20 -2.37277e-21 1 1
50 12.3779 0.000107019 0.000691146 1 1
50 12.3779 -0 -2.85621e-22 1 1
50 12.3779 -1.09836e-31 -3.90322e-23 1 1
50 12.3779 2.92498e-05 0.0001889 1 1
50 12.3779 -0.000133009 4.22028e-05 1 1
50 12.3779 -2.55443e-20 -2.40907e-21 1 1
50 12.5035 -2.96325e-19 -3.70406e-20 1 1
50 12.5035 -2.46545e-20 -2.30214e-21 1 1
50 12.5035 0.000104928 0.000684521 1 1
50 12.5035 -0 -1.42811e-22 1 1
50 12.5035 -1.07564e-31 -3.90322e-23 1 1
50 12.5035 2.86782e-05 0.000187089 1 1
50 12.5035 -0.000130535 4.09815e-05 1 1
50 12.5035 -2.50356e-20 -2.33868e-21 1 1
