50 0.0628319 0 0 1 1
50 0.0628319 -6.69829e-16 7.22517e-17 1 1
50 0.0628319 0.0171778 0.000563134 1 1
50 0.0628319 0 0 1 1
50 0.188496 0 0 1 1
50 0.188496 -6.13391e-16 1.98492e-16 1 1
50 0.188496 0.0170315 0.00167502 1 1
50 0.188496 0 0 1 1
50 0.314159 0 0 1 1
50 0.314159 -5.24933e-16 2.83111e-16 1 1
50 0.314159 0.0167463 0.00274495 1 1
50 0.314159 0 0 1 1
50 0.439823 0 0 1 1
50 0.439823 -4.31575e-16 3.25865e-16 1 1
50 0.439823 0.016336 0.00374876 1 1
50 0.439823 0 0 1 1
50 0.565487 0 0 1 1
50 0.565487 -3.48852e-16 3.38663e-16 1 1
50 0.565487 0.0158192 0.00466736 1 1
50 0.565487 0 0 1 1
50 0.69115 0 0 1 1
50 0.69115 -2.81424e-16 3.33916e-16 1 1
50 0.69115 0.0152174 0.00548754 1 1
50 0.69115 0 0 1 1
50 0.816814 0 0 1 1
50 0.816814 -2.28439e-16 3.2033e-16 1 1
50 0.816814 0.0145531 0.00620215 1 1
50 0.816814 0 0 1 1
50 0.942478 0 0 1 1
50 0.942478 -1.87298e-16 3.03046e-16 1 1
50 0.942478 0.0138478 0.0068095 1 1
50 0.942478 0 0 1 1
50 1.06814 0 0 1 1
50 1.06814 -1.55328e-16 2.84828e-16 1 1
50 1.06814 0.013121 0.00731242 1 1
50 1.06814 0 0 1 1
50 1.19381 0 0 1 1
50 1.19381 -1.30306e-16 2.67055e-16 1 1
50 1.19381 0.0123895 0.00771708 1 1
50 1.19381 0 0 1 1
50 1.31947 0 0 1 1
50 1.31947 -1.10523e-16 2.50355e-16 1 1
50 1.31947 0.0116669 0.00803188 1 1
50 1.31947 0 0 1 1
50 1.44513 0 0 1 1
50 1.44513 -9.4707e-17 2.3496e-16 1 1
50 1.44513 0.0109634 0.00826641 1 1
50 1.44513 0 0 1 1
50 1.5708 0 0 1 1
50 1.5708 -8.19186e-17 2.20906e-16 1 1
50 1.5708 0.0102868 0.00843069 1 1
50 1.5708 0 0 1 1
50 1.69646 0 0 1 1
50 1.69646 -7.14645e-17 2.08132e-16 1 1
50 1.69646 0.00964211 0.00853453 1 1
50 1.69646 0 0 1 1
50 1.82212 0 0 1 1
50 1.82212 -6.28297e-17 1.96538e-16 1 1
50 1.82212 0.0090325 0.00858716 1 1
50 1.82212 0 0 1 1
50 1.94779 0 0 1 1
50 1.94779 -5.56282e-17 1.86012e-16 1 1
50 1.94779 0.00845946 0.00859702 1 1
50 1.94779 0 0 1 1
50 2.07345 0 0 1 1
50 2.07345 -4.9568e-17 1.76441e-16 1 1
50 2.07345 0.00792328 0.00857162 1 1
50 2.07345 0 0 1 1
50 2.19911 0 0 1 1
50 2.19911 -4.44258e-17 1.67721e-16 1 1
50 2.19911 0.00742336 0.00851751 1 1
50 2.19911 0 0 1 1
50 2.32478 0 0 1 1
50 2.32478 -4.00288e-17 1.59756e-16 1 1
50 2.32478 0.00695849 0.00844035 1 1
50 2.32478 0 0 1 1
50 2.45044 0 0 1 1
50 2.45044 -3.62425e-17 1.52464e-16 1 1
50 2.45044 0.00652704 0.00834497 1 1
50 2.45044 0 0 1 1
50 2.57611 0 0 1 1
50 2.57611 -3.29607e-17 1.45769e-16 1 1
50 2.57611 0.00612715 0.00823542 1 1
50 2.57611 0 0 1 1
50 2.70177 0 0 1 1
50 2.70177 -3.00989e-17 1.39606e-16 1 1
50 2.70177 0.00575681 0.0081151 1 1
50 2.70177 0 0 1 1
50 2.82743 0 0 1 1
50 2.82743 -2.75894e-17 1.33918e-16 1 1
50 2.82743 0.00541399 0.00798681 1 1
50 2.82743 0 0 1 1
50 2.9531 0 0 1 1
50 2.9531 -2.53774e-17 1.28656e-16 1 1
50 2.9531 0.00509668 0.00785289 1 1
50 2.9531 0 0 1 1
50 3.07876 0 0 1 1
50 3.07876 -2.34182e-17 1.23775e-16 1 1
50 3.07876 0.00480295 0.00771522 1 1
50 3.07876 0 0 1 1
50 3.20442 0 0 1 1
50 3.20442 -2.16751e-17 1.19238e-16 1 1
50 3.20442 0.00453094 0.00757535 1 1
50 3.20442 0 0 1 1
50 3.33009 0 0 1 1
50 3.33009 -2.01178e-17 1.15011e-16 1 1
50 3.33009 0.00427892 0.00743454 1 1
50 3.33009 0 0 1 1
50 3.45575 0 0 1 1
50 3.45575 -1.87209e-17 1.11064e-16 1 1
50 3.45575 0.00404526 0.00729379 1 1
50 3.45575 0 0 1 1
50 3.58142 0 0 1 1
50 3.58142 -1.74635e-17 1.07372e-16 1 1
50 3.58142 0.00382845 0.00715389 1 1
50 3.58142 0 0 1 1
50 3.70708 0 0 1 1
50 3.70708 -1.63276e-17 1.0391e-16 1 1
50 3.70708 0.00362712 0.00701548 1 1
50 3.70708 0 0 1 1
50 3.83274 0 0 1 1
50 3.83274 -1.52983e-17 1.0066e-16 1 1
50 3.83274 0.00343997 0.00687905 1 1
50 3.83274 0 0 1 1
50 3.95841 0 0 1 1
50 3.95841 -1.43627e-17 9.76022e-17 1 1
50 3.95841 0.00326585 0.00674497 1 1
50 3.95841 0 0 1 1
50 4.08407 0 0 1 1
50 4.08407 -1.35098e-17 9.47207e-17 1 1
50 4.08407 0.00310368 0.00661354 1 1
50 4.08407 0 0 1 1
50 4.20973 0 0 1 1
50 4.20973 -1.27302e-17 9.2001e-17 1 1
50 4.20973 0.00295249 0.00648496 1 1
50 4.20973 0 0 1 1
50 4.3354 0 0 1 1
50 4.3354 -1.20158e-17 8.94303e-17 1 1
50 4.3354 0.00281139 0.00635936 1 1
50 4.3354 0 0 1 1
50 4.46106 0 0 1 1
50 4.46106 -1.13596e-17 8.69969e-17 1 1
50 4.46106 0.00267956 0.00623686 1 1
50 4.46106 0 0 1 1
50 4.58673 0 0 1 1
50 4.58673 -1.07554e-17 8.46901e-17 1 1
50 4.58673 0.00255628 0.00611751 1 1
50 4.58673 0 0 1 1
50 4.71239 0 0 1 1
50 4.71239 -1.01979e-17 8.25006e-17 1 1
50 4.71239 0.00244085 0.00600132 1 1
50 4.71239 0 0 1 1
50 4.83805 0 0 1 1
50 4.83805 -9.68252e-18 8.04198e-17 1 1
50 4.83805 0.00233268 0.00588829 1 1
50 4.83805 0 0 1 1
50 4.96372 0 0 1 1
50 4.96372 -9.20504e-18 7.84399e-17 1 1
50 4.96372 0.00223119 0.00577841 1 1
50 4.96372 0 0 1 1
50 5.08938 0 0 1 1
50 5.08938 -8.76189e-18 7.65538e-17 1 1
50 5.08938 0.00213589 0.00567162 1 1
50 5.08938 0 0 1 1
50 5.21504 0 0 1 1
50 5.21504 -8.34986e-18 7.47552e-17 1 1
50 5.21504 0.0020463 0.00556789 1 1
50 5.21504 0 0 1 1
50 5.34071 0 0 1 1
50 5.34071 -7.96611e-18 7.30381e-17 1 1
50 5.34071 0.00196199 0.00546713 1 1
50 5.34071 0 0 1 1
50 5.46637 0 0 1 1
50 5.46637 -7.60813e-18 7.13972e-17 1 1
50 5.46637 0.00188258 0.00536929 1 1
50 5.46637 0 0 1 1
50 5.59203 0 0 1 1
50 5.59203 -7.27366e-18 6.98276e-17 1 1
50 5.59203 0.00180772 0.00527429 1 1
50 5.59203 0 0 1 1
50 5.7177 0 0 1 1
50 5.7177 -6.9607e-18 6.83248e-17 1 1
50 5.7177 0.00173707 0.00518206 1 1
50 5.7177 0 0 1 1
50 5.84336 0 0 1 1
50 5.84336 -6.66745e-18 6.68847e-17 1 1
50 5.84336 0.00167034 0.0050925 1 1
50 5.84336 0 0 1 1
50 5.96903 0 0 1 1
50 5.96903 -6.39229e-18 6.55034e-17 1 1
50 5.96903 0.00160725 0.00500555 1 1
50 5.96903 0 0 1 1
50 6.09469 0 0 1 1
50 6.09469 -6.13377e-18 6.41776e-17 1 1
50 6.09469 0.00154756 0.00492111 1 1
50 6.09469 0 0 1 1
50 6.22035 0 0 1 1
50 6.22035 -5.89058e-18 6.29038e-17 1 1
50 6.22035 0.00149103 0.00483911 1 1
50 6.22035 0 0 1 1
50 6.34602 0 0 1 1
50 6.34602 -5.66153e-18 6.16792e-17 1 1
50 6.34602 0.00143745 0.00475947 1 1
50 6.34602 0 0 1 1
50 6.47168 0 0 1 1
50 6.47168 -5.44555e-18 6.0501e-17 1 1
50 6.47168 0.00138663 0.00468211 1 1
50 6.47168 0 0 1 1
50 6.59734 0 0 1 1
50 6.59734 -5.24166e-18 5.93666e-17 1 1
50 6.59734 0.00133838 0.00460694 1 1
50 6.59734 0 0 1 1
50 6.72301 0 0 1 1
50 6.72301 -5.04899e-18 5.82737e-17 1 1
50 6.72301 0.00129254 0.0045339 1 1
50 6.72301 0 0 1 1
50 6.84867 0 0 1 1
50 6.84867 -4.86672e-18 5.72199e-17 1 1
50 6.84867 0.00124896 0.0044629 1 1
50 6.84867 0 0 1 1
50 6.97434 0 0 1 1
50 6.97434 -4.69413e-18 5.62033e-17 1 1
50 6.97434 0.00120749 0.00439389 1 1
50 6.97434 0 0 1 1
50 7.1 0 0 1 1
50 7.1 -4.53054e-18 5.5222e-17 1 1
50 7.1 0.001168 0.00432678 1 1
50 7.1 0 0 1 1
50 7.22566 0 0 1 1
50 7.22566 -4.37533e-18 5.42741e-17 1 1
50 7.22566 0.00113037 0.00426151 1 1
50 7.22566 0 0 1 1
50 7.35133 0 0 1 1
50 7.35133 -4.22795e-18 5.33581e-17 1 1
50 7.35133 0.0010945 0.00419802 1 1
50 7.35133 0 0 1 1
50 7.47699 0 0 1 1
50 7.47699 -4.08788e-18 5.24722e-17 1 1
50 7.47699 0.00106027 0.00413624 1 1
50 7.47699 0 0 1 1
50 7.60265 0 0 1 1
50 7.60265 -3.95464e-18 5.16151e-17 1 1
50 7.60265 0.00102758 0.00407611 1 1
50 7.60265 0 0 1 1
50 7.72832 0 0 1 1
50 7.72832 -3.8278e-18 5.07854e-17 1 1
50 7.72832 0.000996357 0.00401758 1 1
50 7.72832 0 0 1 1
50 7.85398 0 0 1 1
50 7.85398 -3.70696e-18 4.99818e-17 1 1
50 7.85398 0.000966507 0.00396058 1 1
50 7.85398 0 0 1 1
50 7.97965 0 0 1 1
50 7.97965 -3.59174e-18 4.92031e-17 1 1
50 7.97965 0.000937952 0.00390507 1 1
50 7.97965 0 0 1 1
50 8.10531 0 0 1 1
50 8.10531 -3.4818e-18 4.84481e-17 1 1
50 8.10531 0.000910622 0.00385098 1 1
50 8.10531 0 0 1 1
50 8.23097 0 0 1 1
50 8.23097 -3.37682e-18 4.77159e-17 1 1
50 8.23097 0.000884448 0.00379829 1 1
50 8.23097 0 0 1 1
50 8.35664 0 0 1 1
50 8.35664 -3.27651e-18 4.70054e-17 1 1
50 8.35664 0.000859368 0.00374692 1 1
50 8.35664 0 0 1 1
50 8.4823 0 0 1 1
50 8.4823 -3.1806e-18 4.63156e-17 1 1
50 8.4823 0.000835321 0.00369684 1 1
50 8.4823 0 0 1 1
50 8.60796 0 0 1 1
50 8.60796 -3.08884e-18 4.56456e-17 1 1
50 8.60796 0.000812254 0.00364801 1 1
50 8.60796 0 0 1 1
50 8.73363 0 0 1 1
50 8.73363 -3.00098e-18 4.49947e-17 1 1
50 8.73363 0.000790114 0.00360038 1 1
50 8.73363 0 0 1 1
50 8.85929 0 0 1 1
50 8.85929 -2.91681e-18 4.4362e-17 1 1
50 8.85929 0.000768854 0.00355391 1 1
50 8.85929 0 0 1 1
50 8.98495 0 0 1 1
50 8.98495 -2.83613e-18 4.37468e-17 1 1
50 8.98495 0.000748427 0.00350856 1 1
50 8.98495 0 0 1 1
50 9.11062 0 0 1 1
50 9.11062 -2.75875e-18 4.31484e-17 1 1
50 9.11062 0.000728792 0.0034643 1 1
50 9.11062 0 0 1 1
50 9.23628 0 0 1 1
50 9.23628 -2.68449e-18 4.2566e-17 1 1
50 9.23628 0.000709909 0.00342109 1 1
50 9.23628 0 0 1 1
50 9.36195 0 0 1 1
50 9.36195 -2.61318e-18 4.19991e-17 1 1
50 9.36195 0.000691741 0.00337888 1 1
50 9.36195 0 0 1 1
50 9.48761 0 0 1 1
50 9.48761 -2.54467e-18 4.1447e-17 1 1
50 9.48761 0.000674251 0.00333766 1 1
50 9.48761 0 0 1 1
50 9.61327 0 0 1 1
50 9.61327 -2.47882e-18 4.09092e-17 1 1
50 9.61327 0.000657409 0.00329739 1 1
50 9.61327 0 0 1 1
50 9.73894 0 0 1 1
50 9.73894 -2.41549e-18 4.03851e-17 1 1
50 9.73894 0.000641181 0.00325804 1 1
50 9.73894 0 0 1 1
50 9.8646 0 0 1 1
50 9.8646 -2.35456e-18 3.98743e-17 1 1
50 9.8646 0.00062554 0.00321957 1 1
50 9.8646 0 0 1 1
50 9.99026 0 0 1 1
50 9.99026 -2.29589e-18 3.93761e-17 1 1
50 9.99026 0.000610457 0.00318197 1 1
50 9.99026 0 0 1 1
50 10.1159 0 0 1 1
50 10.1159 -2.2394e-18 3.88902e-17 1 1
50 10.1159 0.000595907 0.0031452 1 1
50 10.1159 0 0 1 1
50 10.2416 0 0 1 1
50 10.2416 -2.18495e-18 3.84161e-17 1 1
50 10.2416 0.000581865 0.00310924 1 1
50 10.2416 0 0 1 1
50 10.3673 0 0 1 1
50 10.3673 -2.13247e-18 3.79534e-17 1 1
50 10.3673 0.000568308 0.00307405 1 1
50 10.3673 0 0 1 1
50 10.4929 0 0 1 1
50 10.4929 -2.08186e-18 3.75017e-17 1 1
50 10.4929 0.000555214 0.00303963 1 1
50 10.4929 0 0 1 1
50 10.6186 0 0 1 1
50 10.6186 -2.03302e-18 3.70606e-17 1 1
50 10.6186 0.000542563 0.00300594 1 1
50 10.6186 0 0 1 1
50 10.7442 0 0 1 1
50 10.7442 -1.98588e-18 3.66297e-17 1 1
50 10.7442 0.000530335 0.00297297 1 1
50 10.7442 0 0 1 1
50 10.8699 0 0 1 1
50 10.8699 -1.94036e-18 3.62087e-17 1 1
50 10.8699 0.000518511 0.00294068 1 1
50 10.8699 0 0 1 1
50 10.9956 0 0 1 1
50 10.9956 -1.89639e-18 3.57972e-17 1 1
50 10.9956 0.000507075 0.00290907 1 1
50 10.9956 0 0 1 1
50 11.1212 0 0 1 1
50 11.1212 -1.85389e-18 3.53949e-17 1 1
50 11.1212 0.000496009 0.0028781 1 1
50 11.1212 0 0 1 1
50 11.2469 0 0 1 1
50 11.2469 -1.8128e-18 3.50016e-17 1 1
50 11.2469 0.000485298 0.00284777 1 1
50 11.2469 0 0 1 1
50 11.3726 0 0 1 1
50 11.3726 -1.77307e-18 3.46169e-17 1 1
50 11.3726 0.000474927 0.00281805 1 1
50 11.3726 0 0 1 1
50 11.4982 0 0 1 1
50 11.4982 -1.73462e-18 3.42405e-17 1 1
50 11.4982 0.000464882 0.00278893 1 1
50 11.4982 0 0 1 1
50 11.6239 0 0 1 1
50 11.6239 -1.69741e-18 3.38722e-17 1 1
50 11.6239 0.000455149 0.00276038 1 1
50 11.6239 0 0 1 1
50 11.7496 0 0 1 1
50 11.7496 -1.66139e-18 3.35117e-17 1 1
50 11.7496 0.000445716 0.0027324 1 1
50 11.7496 0 0 1 1
50 11.8752 0 0 1 1
50 11.8752 -1.6265e-18 3.31588e-17 1 1
50 11.8752 0.000436571 0.00270496 1 1
50 11.8752 0 0 1 1
50 12.0009 0 0 1 1
50 12.0009 -1.59269e-18 3.28132e-17 1 1
50 12.0009 0.000427703 0.00267805 1 1
50 12.0009 0 0 1 1
50 12.1265 0 0 1 1
50 12.1265 -1.55993e-18 3.24748e-17 1 1
50 12.1265 0.000419099 0.00265166 1 1
50 12.1265 0 0 1 1
50 12.2522 0 0 1 1
50 12.2522 -1.52817e-18 3.21432e-17 1 1
50 12.2522 0.000410751 0.00262577 1 1
50 12.2522 0 0 1 1
50 12.3779 0 0 1 1
50 12.3779 -1.49736e-18 3.18183e-17 1 1
50 12.3779 0.000402647 0.00260037 1 1
50 12.3779 0 0 1 1
50 12.5035 0 0 1 1
50 12.5035 -1.46748e-18 3.14999e-17 1 1
50 12.5035 0.000394779 0.00257544 1 1
50 12.5035 0 0 1 1
