50 0.0628319 8.51569e-17 2.60044e-17 1 1
50 0.0628319 1.05116e-26 -1.13383e-27 1 1
50 0.0628319 -0.00324724 -0.000213135 1 1
50 0.0628319 -0.00913132 -0.000299349 1 1
50 0.0628319 -0.00249572 -8.18164e-05 1 1
50 0.0628319 2.41067e-32 -7.66942e-33 1 1
50 0.0628319 3.71863e-26 -3.86967e-27 1 1
50 0.0628319 4.96105e-30 -1.08285e-30 1 1
50 0.188496 1.57917e-17 3.02259e-17 1 1
50 0.188496 9.62571e-27 -3.11496e-27 1 1
50 0.188496 -0.00316469 -0.000628562 1 1
50 0.188496 -0.00905356 -0.000890399 1 1
50 0.188496 -0.00247447 -0.000243359 1 1
50 0.188496 -1.17074e-32 -1.6929e-32 1 1
50 0.188496 3.42587e-26 -1.06903e-26 1 1
50 0.188496 3.76846e-30 -2.7242e-30 1 1
50 0.314159 4.25655e-17 -4.31544e-17 1 1
50 0.314159 8.23751e-27 -4.44283e-27 1 1
50 0.314159 -0.00300647 -0.00101281 1 1
50 0.314159 -0.00890196 -0.00145915 1 1
50 0.314159 -0.00243303 -0.000398806 1 1
50 0.314159 -1.14921e-32 -1.60914e-32 1 1
50 0.314159 2.95871e-26 -1.53853e-26 1 1
50 0.314159 2.18603e-30 -3.32521e-30 1 1
50 0.439823 -2.53176e-17 -2.55556e-17 1 1
50 0.439823 6.77255e-27 -5.11376e-27 1 1
50 0.439823 -0.00278511 -0.0013493 1 1
50 0.439823 -0.00868384 -0.00199275 1 1
50 0.439823 -0.00237342 -0.000544649 1 1
50 0.439823 -1.90311e-33 -2.37789e-33 1 1
50 0.439823 2.45573e-26 -1.7908e-26 1 1
50 0.439823 8.95757e-31 -3.14668e-30 1 1
50 0.565487 -2.2716e-18 -4.73916e-17 1 1
50 0.565487 5.4744e-27 -5.31458e-27 1 1
50 0.565487 -0.00251687 -0.00162679 1 1
50 0.565487 -0.00840911 -0.00248106 1 1
50 0.565487 -0.00229833 -0.000678109 1 1
50 0.565487 -2.85566e-34 -4.80308e-33 1 1
50 0.565487 2.00102e-26 -1.87488e-26 1 1
50 0.565487 7.83689e-32 -2.64342e-30 1 1
50 0.69115 -8.97196e-18 -2.86173e-17 1 1
50 0.69115 4.41627e-27 -5.2401e-27 1 1
50 0.69115 -0.00221936 -0.0018399 1 1
50 0.69115 -0.00808922 -0.00291704 1 1
50 0.69115 -0.0022109 -0.000797271 1 1
50 0.69115 -2.55242e-34 -6.72229e-33 1 1
50 0.69115 1.62573e-26 -1.86087e-26 1 1
50 0.69115 -3.61359e-31 -2.10259e-30 1 1
50 0.816814 1.6363e-18 -1.04755e-17 1 1
50 0.816814 3.58479e-27 -5.02685e-27 1 1
50 0.816814 -0.00190945 -0.00198871 1 1
50 0.816814 -0.00773607 -0.00329691 1 1
50 0.816814 -0.00211438 -0.000901095 1 1
50 0.816814 -3.56323e-33 -6.95387e-33 1 1
50 0.816814 1.32675e-26 -1.79858e-26 1 1
50 0.816814 -5.64143e-31 -1.63729e-30 1 1
50 0.942478 7.32855e-18 1.04242e-17 1 1
50 0.942478 2.9392e-27 -4.75556e-27 1 1
50 0.942478 -0.00160171 -0.00207764 1 1
50 0.942478 -0.00736115 -0.00361977 1 1
50 0.942478 -0.00201191 -0.000989335 1 1
50 0.942478 -1.15349e-33 2.01137e-33 1 1
50 0.942478 1.09239e-26 -1.70826e-26 1 1
50 0.942478 -6.34954e-31 -1.26999e-30 1 1
50 1.06814 -1.00632e-17 7.49856e-18 1 1
50 1.06814 2.43751e-27 -4.4697e-27 1 1
50 1.06814 -0.00130755 -0.00211399 1 1
50 1.06814 -0.00697483 -0.00388711 1 1
50 1.06814 -0.00190632 -0.0010624 1 1
50 1.06814 7.81751e-34 2.5557e-33 1 1
50 1.06814 9.09412e-27 -1.6086e-26 1 1
50 1.06814 -6.37682e-31 -9.89898e-31 1 1
50 1.19381 1.09703e-17 8.04633e-18 1 1
50 1.19381 2.04487e-27 -4.19081e-27 1 1
50 1.19381 -0.00103498 -0.0021066 1 1
50 1.19381 -0.00658599 -0.00410221 1 1
50 1.19381 -0.00180005 -0.00112119 1 1
50 1.19381 2.65744e-33 -4.25735e-33 1 1
50 1.19381 7.63813e-27 -1.51439e-26 1 1
50 1.19381 -6.0791e-31 -7.78616e-31 1 1
50 1.31947 -2.47877e-18 1.76673e-17 1 1
50 1.31947 1.73438e-27 -3.92873e-27 1 1
50 1.31947 -0.000788833 -0.00206465 1 1
50 1.31947 -0.00620182 -0.00426955 1 1
50 1.31947 -0.00169505 -0.00116693 1 1
50 1.31947 -2.11683e-33 -2.16417e-33 1 1
50 1.31947 6.49747e-27 -1.42251e-26 1 1
50 1.31947 -5.6454e-31 -6.19109e-31 1 1
50 1.44513 -1.34015e-17 1.80322e-17 1 1
50 1.44513 1.4862e-27 -3.68713e-27 1 1
50 1.44513 -0.000571346 -0.00199681 1 1
50 1.44513 -0.00582788 -0.00439423 1 1
50 1.44513 -0.00159285 -0.00120101 1 1
50 1.44513 1.01586e-33 1.18939e-33 1 1
50 1.44513 5.57482e-27 -1.33609e-26 1 1
50 1.44513 -5.17268e-31 -4.97891e-31 1 1
50 1.5708 1.73955e-17 4.61376e-18 1 1
50 1.5708 1.28552e-27 -3.46659e-27 1 1
50 1.5708 -0.000382728 -0.00191081 1 1
50 1.5708 -0.0054682 -0.00448155 1 1
50 1.5708 -0.00149454 -0.00122487 1 1
50 1.5708 7.53693e-34 1.26129e-33 1 1
50 1.5708 4.82347e-27 -1.25823e-26 1 1
50 1.5708 -4.70861e-31 -4.049e-31 1 1
50 1.69646 1.29924e-18 -8.78759e-18 1 1
50 1.69646 1.12146e-27 -3.26614e-27 1 1
50 1.69646 -0.000221785 -0.00181312 1 1
50 1.69646 -0.00512551 -0.00453675 1 1
50 1.69646 -0.00140088 -0.00123996 1 1
50 1.69646 -9.72819e-34 4.17055e-34 1 1
50 1.69646 4.21226e-27 -1.18738e-26 1 1
50 1.69646 -4.27488e-31 -3.32803e-31 1 1
50 1.82212 7.36982e-18 1.13543e-18 1 1
50 1.82212 9.8596e-28 -3.0842e-27 1 1
50 1.82212 -8.64428e-05 -0.00170896 1 1
50 1.82212 -0.00480146 -0.00456473 1 1
50 1.82212 -0.00131231 -0.00124761 1 1
50 1.82212 7.26928e-34 1.15643e-35 1 1
50 1.82212 3.71006e-27 -1.12119e-26 1 1
50 1.82212 -3.87975e-31 -2.76293e-31 1 1
50 1.94779 4.7678e-18 1.50147e-19 1 1
50 1.94779 8.72945e-28 -2.91903e-27 1 1
50 1.94779 2.58489e-05 -0.00160238 1 1
50 1.94779 -0.00449684 -0.00456997 1 1
50 1.94779 -0.00122905 -0.00124904 1 1
50 1.94779 -1.6146e-33 -7.96479e-34 1 1
50 1.94779 3.28767e-27 -1.0628e-26 1 1
50 1.94779 -3.52469e-31 -2.31523e-31 1 1
50 2.07345 -2.20225e-18 2.63373e-18 1 1
50 2.07345 7.77857e-28 -2.76883e-27 1 1
50 2.07345 0.000117814 -0.00149638 1 1
50 2.07345 -0.00421182 -0.00455647 1 1
50 2.07345 -0.00115115 -0.00124535 1 1
50 2.07345 -7.1269e-34 -7.78022e-34 1 1
50 2.07345 2.93145e-27 -1.00752e-26 1 1
50 2.07345 -3.20792e-31 -1.95686e-31 1 1
50 2.19911 2.10206e-18 -3.99238e-18 1 1
50 2.19911 6.97151e-28 -2.63198e-27 1 1
50 2.19911 0.000192146 -0.00139312 1 1
50 2.19911 -0.00394608 -0.0045277 1 1
50 2.19911 -0.00107852 -0.00123749 1 1
50 2.19911 -1.64682e-33 -9.38564e-34 1 1
50 2.19911 2.62974e-27 -9.59243e-27 1 1
50 2.19911 -2.92624e-31 -1.66717e-31 1 1
50 2.32478 -4.90337e-18 -1.25538e-18 1 1
50 2.32478 6.28156e-28 -2.507e-27 1 1
50 2.32478 0.000251386 -0.00129405 1 1
50 2.32478 -0.00369897 -0.00448669 1 1
50 2.32478 -0.00101098 -0.00122628 1 1
50 2.32478 -5.31864e-34 -8.16401e-34 1 1
50 2.32478 2.37086e-27 -9.13306e-27 1 1
50 2.32478 -2.676e-31 -1.43083e-31 1 1
50 2.45044 -4.20929e-18 4.24421e-18 1 1
50 2.45044 5.68735e-28 -2.39256e-27 1 1
50 2.45044 0.000297846 -0.0012001 1 1
50 2.45044 -0.00346962 -0.00443599 1 1
50 2.45044 -0.000948298 -0.00121242 1 1
50 2.45044 -1.05537e-33 -6.49734e-34 1 1
50 2.45044 2.14506e-27 -8.72818e-27 1 1
50 2.45044 -2.45358e-31 -1.23636e-31 1 1
50 2.57611 -3.58617e-19 9.05387e-19 1 1
50 2.57611 5.17236e-28 -2.28749e-27 1 1
50 2.57611 0.000333584 -0.00111178 1 1
50 2.57611 -0.00325704 -0.00437775 1 1
50 2.57611 -0.000890198 -0.0011965 1 1
50 2.57611 -1.7591e-34 1.04914e-34 1 1
50 2.57611 1.95138e-27 -8.35445e-27 1 1
50 2.57611 -2.25561e-31 -1.07503e-31 1 1
50 2.70177 -2.69365e-18 -1.77322e-18 1 1
50 2.70177 4.72331e-28 -2.19078e-27 1 1
50 2.70177 0.000360395 -0.00102932 1 1
50 2.70177 -0.00306018 -0.00431379 1 1
50 2.70177 -0.000836392 -0.00117902 1 1
50 2.70177 8.19821e-34 3.76409e-34 1 1
50 2.70177 1.78204e-27 -7.99629e-27 1 1
50 2.70177 -2.07904e-31 -9.40183e-32 1 1
50 2.82743 -3.45237e-18 -1.99247e-18 1 1
50 2.82743 4.32946e-28 -2.10153e-27 1 1
50 2.82743 0.000379827 -0.00095272 1 1
50 2.82743 -0.00287795 -0.0042456 1 1
50 2.82743 -0.000786584 -0.00116038 1 1
50 2.82743 -4.47279e-34 -9.642e-35 1 1
50 2.82743 1.63507e-27 -7.66927e-27 1 1
50 2.82743 -1.92119e-31 -8.26685e-32 1 1
50 2.9531 2.08175e-19 -1.2554e-18 1 1
50 2.9531 3.98233e-28 -2.01895e-27 1 1
50 2.9531 0.000393198 -0.000881844 1 1
50 2.9531 -0.00270927 -0.00417441 1 1
50 2.9531 -0.000740484 -0.00114093 1 1
50 2.9531 -8.13858e-34 -4.97247e-34 1 1
50 2.9531 1.50368e-27 -7.36951e-27 1 1
50 2.9531 -1.77972e-31 -7.30524e-32 1 1
50 3.07876 4.04169e-18 1.33878e-18 1 1
50 3.07876 3.67495e-28 -1.94236e-27 1 1
50 3.07876 0.000401621 -0.000816453 1 1
50 3.07876 -0.00255313 -0.00410122 1 1
50 3.07876 -0.000697809 -0.00112092 1 1
50 3.07876 4.7548e-34 5.30378e-34 1 1
50 3.07876 1.38884e-27 -7.09311e-27 1 1
50 3.07876 -1.65258e-31 -6.48552e-32 1 1
50 3.20442 2.97635e-19 -2.33016e-18 1 1
50 3.20442 3.40138e-28 -1.87116e-27 1 1
50 3.20442 0.00040603 -0.000756251 1 1
50 3.20442 -0.00240854 -0.00402687 1 1
50 3.20442 -0.000658289 -0.0011006 1 1
50 3.20442 -3.17933e-34 -1.26846e-34 1 1
50 3.20442 1.28567e-27 -6.83227e-27 1 1
50 3.20442 -1.53803e-31 -5.78274e-32 1 1
50 3.33009 1.17159e-20 -9.42452e-19 1 1
50 3.33009 3.15695e-28 -1.80483e-27 1 1
50 3.33009 0.000407206 -0.000700911 1 1
50 3.33009 -0.00227457 -0.00395202 1 1
50 3.33009 -0.000621674 -0.00108015 1 1
50 3.33009 -4.44971e-34 -7.99344e-35 1 1
50 3.33009 1.19321e-27 -6.5909e-27 1 1
50 3.33009 -1.43453e-31 -5.17698e-32 1 1
50 3.45575 6.35431e-19 2.24378e-19 1 1
50 3.45575 2.93782e-28 -1.74289e-27 1 1
50 3.45575 0.000405796 -0.000650091 1 1
50 3.45575 -0.00215036 -0.0038772 1 1
50 3.45575 -0.000587726 -0.0010597 1 1
50 3.45575 -6.3611e-34 3.93087e-35 1 1
50 3.45575 1.11049e-27 -6.369e-27 1 1
50 3.45575 -1.34078e-31 -4.65221e-32 1 1
50 3.58142 -4.36358e-18 -5.07009e-19 1 1
50 3.58142 2.74049e-28 -1.68495e-27 1 1
50 3.58142 0.000402335 -0.000603449 1 1
50 3.58142 -0.00203511 -0.00380284 1 1
50 3.58142 -0.000556226 -0.00103937 1 1
50 3.58142 1.05993e-33 -2.52414e-34 1 1
50 3.58142 1.03457e-27 -6.15489e-27 1 1
50 3.58142 -1.25564e-31 -4.19545e-32 1 1
50 3.70708 -1.05533e-18 -8.38766e-19 1 1
50 3.70708 2.5622e-28 -1.63063e-27 1 1
50 3.70708 0.000397267 -0.000560652 1 1
50 3.70708 -0.00192809 -0.00372926 1 1
50 3.70708 -0.000526975 -0.00101926 1 1
50 3.70708 -5.37721e-34 3.79589e-35 1 1
50 3.70708 9.68392e-28 -5.96023e-27 1 1
50 3.70708 -1.17812e-31 -3.79613e-32 1 1
50 3.83274 -1.21515e-19 7.92039e-20 1 1
50 3.83274 2.40069e-28 -1.57962e-27 1 1
50 3.83274 0.000390953 -0.000521384 1 1
50 3.83274 -0.00182861 -0.00365674 1 1
50 3.83274 -0.000499785 -0.000999439 1 1
50 3.83274 -1.5143e-34 1.26094e-34 1 1
50 3.83274 9.0805e-28 -5.76947e-27 1 1
50 3.83274 -1.10737e-31 -3.44555e-32 1 1
50 3.95841 9.94518e-19 -2.74365e-19 1 1
50 3.95841 2.2539e-28 -1.53164e-27 1 1
50 3.95841 0.000383694 -0.000485345 1 1
50 3.95841 -0.00173605 -0.00358547 1 1
50 3.95841 -0.000474487 -0.00097996 1 1
50 3.95841 4.98338e-34 -1.69861e-34 1 1
50 3.95841 8.52574e-28 -5.59818e-27 1 1
50 3.95841 -1.04265e-31 -3.13655e-32 1 1
50 4.08407 1.91128e-18 7.2993e-19 1 1
50 4.08407 2.12004e-28 -1.48642e-27 1 1
50 4.08407 0.000375731 -0.000452257 1 1
50 4.08407 -0.00164984 -0.0035156 1 1
50 4.08407 -0.000450926 -0.000960865 1 1
50 4.08407 -3.30766e-34 -6.10653e-36 1 1
50 4.08407 8.01965e-28 -5.43467e-27 1 1
50 4.08407 -9.83313e-32 -2.86319e-32 1 1
50 4.20973 6.35571e-19 6.29866e-20 1 1
50 4.20973 1.99771e-28 -1.44374e-27 1 1
50 4.20973 0.000367263 -0.000421862 1 1
50 4.20973 -0.00156947 -0.00344725 1 1
50 4.20973 -0.00042896 -0.000942183 1 1
50 4.20973 1.07847e-34 1.13441e-34 1 1
50 4.20973 7.55248e-28 -5.27895e-27 1 1
50 4.20973 -9.2879e-32 -2.6205e-32 1 1
50 4.3354 -1.51847e-18 2.58266e-19 1 1
50 4.3354 1.88562e-28 -1.4034e-27 1 1
50 4.3354 0.000358452 -0.000393921 1 1
50 4.3354 -0.00149447 -0.00338049 1 1
50 4.3354 -0.000408459 -0.000923936 1 1
50 4.3354 3.67065e-34 -1.1264e-34 1 1
50 4.3354 7.12912e-28 -5.13102e-27 1 1
50 4.3354 -8.78589e-32 -2.40433e-32 1 1
50 4.46106 -6.59883e-19 -1.13346e-19 1 1
50 4.46106 1.78262e-28 -1.36521e-27 1 1
50 4.46106 0.000349427 -0.000368218 1 1
50 4.46106 -0.00142439 -0.00331537 1 1
50 4.46106 -0.000389307 -0.000906138 1 1
50 4.46106 -3.51689e-35 8.09706e-35 1 1
50 4.46106 6.73981e-28 -4.99476e-27 1 1
50 4.46106 -8.32275e-32 -2.21117e-32 1 1
50 4.58673 -1.25648e-18 -6.00092e-20 1 1
50 4.58673 1.68781e-28 -1.32901e-27 1 1
50 4.58673 0.000340293 -0.000344554 1 1
50 4.58673 -0.00135886 -0.00325192 1 1
50 4.58673 -0.000371395 -0.000888797 1 1
50 4.58673 7.37955e-35 -1.25564e-35 1 1
50 4.58673 6.38457e-28 -4.8624e-27 1 1
50 4.58673 -7.89463e-32 -2.03806e-32 1 1
50 4.71239 7.98141e-19 -2.87845e-20 1 1
50 4.71239 1.60032e-28 -1.29465e-27 1 1
50 4.71239 0.000331136 -0.000322748 1 1
50 4.71239 -0.0012975 -0.00319016 1 1
50 4.71239 -0.000354625 -0.000871917 1 1
50 4.71239 -2.27899e-34 1.04942e-34 1 1
50 4.71239 6.05367e-28 -4.73782e-27 1 1
50 4.71239 -7.49817e-32 -1.88247e-32 1 1
50 4.83805 1.46355e-18 5.21748e-19 1 1
50 4.83805 1.51945e-28 -1.262e-27 1 1
50 4.83805 0.00032202 -0.000302635 1 1
50 4.83805 -0.00124 -0.00313008 1 1
50 4.83805 -0.000338909 -0.000855495 1 1
50 4.83805 -2.47857e-34 3.22329e-35 1 1
50 4.83805 5.74709e-28 -4.61714e-27 1 1
50 4.83805 -7.13037e-32 -1.74224e-32 1 1
50 4.96372 -9.82279e-20 -7.03869e-20 1 1
50 4.96372 1.44449e-28 -1.23093e-27 1 1
50 4.96372 0.000312999 -0.000284067 1 1
50 4.96372 -0.00118605 -0.00307166 1 1
50 4.96372 -0.000324165 -0.000839531 1 1
50 4.96372 -5.25985e-34 -6.32779e-35 1 1
50 4.96372 5.46484e-28 -4.50035e-27 1 1
50 4.96372 -6.78859e-32 -1.61555e-32 1 1
50 5.08938 3.75642e-20 -3.0315e-19 1 1
50 5.08938 1.37498e-28 -1.20133e-27 1 1
50 5.08938 0.000304115 -0.000266907 1 1
50 5.08938 -0.00113539 -0.0030149 1 1
50 5.08938 -0.000310318 -0.000824016 1 1
50 5.08938 -3.48473e-34 -8.12781e-35 1 1
50 5.08938 5.1972e-28 -4.39523e-27 1 1
50 5.08938 -6.47046e-32 -1.5008e-32 1 1
50 5.21504 -2.35552e-18 -5.8658e-19 1 1
50 5.21504 1.31032e-28 -1.17311e-27 1 1
50 5.21504 0.000295397 -0.000251034 1 1
50 5.21504 -0.00108776 -0.00295975 1 1
50 5.21504 -0.000297301 -0.000808944 1 1
50 5.21504 3.68158e-34 -3.75627e-35 1 1
50 5.21504 4.95632e-28 -4.29012e-27 1 1
50 5.21504 -6.17388e-32 -1.39662e-32 1 1
50 5.34071 4.13483e-19 1.70385e-19 1 1
50 5.34071 1.2501e-28 -1.14616e-27 1 1
50 5.34071 0.000286872 -0.000236337 1 1
50 5.34071 -0.00104295 -0.0029062 1 1
50 5.34071 -0.000285053 -0.000794306 1 1
50 5.34071 2.29199e-34 6.21806e-35 1 1
50 5.34071 4.73003e-28 -4.1928e-27 1 1
50 5.34071 -5.89698e-32 -1.30183e-32 1 1
50 5.46637 4.39709e-19 -1.5894e-19 1 1
50 5.46637 1.19391e-28 -1.12041e-27 1 1
50 5.46637 0.000278555 -0.000222713 1 1
50 5.46637 -0.00100074 -0.00285419 1 1
50 5.46637 -0.000273516 -0.000780091 1 1
50 5.46637 -2.04214e-34 -2.15569e-35 1 1
50 5.46637 4.51592e-28 -4.09547e-27 1 1
50 5.46637 -5.63807e-32 -1.21539e-32 1 1
50 5.59203 1.09231e-18 -2.35339e-19 1 1
50 5.59203 1.14144e-28 -1.09578e-27 1 1
50 5.59203 0.000270459 -0.000210073 1 1
50 5.59203 -0.000960939 -0.00280369 1 1
50 5.59203 -0.000262639 -0.000766289 1 1
50 5.59203 1.32214e-34 -3.17624e-35 1 1
50 5.59203 4.31883e-28 -4.00982e-27 1 1
50 5.59203 -5.39565e-32 -1.13642e-32 1 1
50 5.7177 1.09638e-18 2.92274e-19 1 1
50 5.7177 1.09232e-28 -1.0722e-27 1 1
50 5.7177 0.000262593 -0.000198332 1 1
50 5.7177 -0.000923384 -0.00275466 1 1
50 5.7177 -0.000252374 -0.000752888 1 1
50 5.7177 2.49311e-34 5.70286e-35 1 1
50 5.7177 4.13148e-28 -3.92028e-27 1 1
50 5.7177 -5.16837e-32 -1.06412e-32 1 1
50 5.84336 -1.47538e-19 -5.1229e-21 1 1
50 5.84336 1.04629e-28 -1.0496e-27 1 1
50 5.84336 0.000254962 -0.000187418 1 1
50 5.84336 -0.000887912 -0.00270705 1 1
50 5.84336 -0.000242679 -0.000739877 1 1
50 5.84336 -7.58149e-35 7.53527e-36 1 1
50 5.84336 3.95873e-28 -3.83853e-27 1 1
50 5.84336 -4.95501e-32 -9.97802e-33 1 1
50 5.96903 3.03451e-19 -2.95418e-19 1 1
50 5.96903 1.00311e-28 -1.02792e-27 1 1
50 5.96903 0.000247566 -0.00017726 1 1
50 5.96903 -0.000854377 -0.00266083 1 1
50 5.96903 -0.000233514 -0.000727243 1 1
50 5.96903 -1.95685e-34 -1.755e-35 1 1
50 5.96903 3.79571e-28 -3.76067e-27 1 1
50 5.96903 -4.75445e-32 -9.36869e-33 1 1
50 6.09469 -1.20596e-19 1.16725e-19 1 1
50 6.09469 9.62535e-29 -1.00712e-27 1 1
50 6.09469 0.000240407 -0.000167798 1 1
50 6.09469 -0.000822646 -0.00261595 1 1
50 6.09469 -0.000224841 -0.000714976 1 1
50 6.09469 -1.21898e-34 9.63579e-36 1 1
50 6.09469 3.64242e-28 -3.68281e-27 1 1
50 6.09469 -4.56572e-32 -8.80783e-33 1 1
50 6.22035 3.48879e-19 5.42981e-20 1 1
50 6.22035 9.24384e-29 -9.87127e-28 1 1
50 6.22035 0.000233483 -0.000158974 1 1
50 6.22035 -0.000792597 -0.00257236 1 1
50 6.22035 -0.000216628 -0.000703063 1 1
50 6.22035 9.19336e-35 1.62874e-36 1 1
50 6.22035 3.49643e-28 -3.61079e-27 1 1
50 6.22035 -4.3879e-32 -8.29073e-33 1 1
50 6.34602 1.02665e-18 1.27065e-19 1 1
50 6.34602 8.88445e-29 -9.67909e-28 1 1
50 6.34602 0.00022679 -0.000150739 1 1
50 6.34602 -0.000764115 -0.00253002 1 1
50 6.34602 -0.000208844 -0.000691492 1 1
50 6.34602 -1.22481e-34 5.77471e-35 1 1
50 6.34602 3.36017e-28 -3.54071e-27 1 1
50 6.34602 -4.22018e-32 -7.81323e-33 1 1
50 6.47168 -9.48824e-19 -7.52287e-20 1 1
50 6.47168 8.54547e-29 -9.4942e-28 1 1
50 6.47168 0.000220324 -0.000143046 1 1
50 6.47168 -0.000737099 -0.0024889 1 1
50 6.47168 -0.00020146 -0.000680251 1 1
50 6.47168 -1.70844e-34 -3.21664e-35 1 1
50 6.47168 3.23122e-28 -3.47453e-27 1 1
50 6.47168 -4.06182e-32 -7.3716e-33 1 1
50 6.59734 -8.91302e-19 -1.75879e-21 1 1
50 6.59734 8.2256e-29 -9.31619e-28 1 1
50 6.59734 0.00021408 -0.000135852 1 1
50 6.59734 -0.000711451 -0.00244894 1 1
50 6.59734 -0.00019445 -0.000669331 1 1
50 6.59734 1.3535e-34 7.55158e-36 1 1
50 6.59734 3.11443e-28 -3.4103e-27 1 1
50 6.59734 -3.91213e-32 -6.96256e-33 1 1
50 6.72301 -5.794e-19 2.92731e-20 1 1
50 6.72301 7.92313e-29 -9.14467e-28 1 1
50 6.72301 0.000208053 -0.000129119 1 1
50 6.72301 -0.000687083 -0.00241011 1 1
50 6.72301 -0.00018779 -0.000658719 1 1
50 6.72301 8.33867e-35 -1.17024e-35 1 1
50 6.72301 2.99764e-28 -3.34606e-27 1 1
50 6.72301 -3.77051e-32 -6.58316e-33 1 1
50 6.84867 -9.6007e-19 -8.52528e-23 1 1
50 6.84867 7.6372e-29 -8.97931e-28 1 1
50 6.84867 0.000202237 -0.000122812 1 1
50 6.84867 -0.000663915 -0.00237237 1 1
50 6.84867 -0.000181458 -0.000648404 1 1
50 6.84867 2.56826e-34 1.21889e-36 1 1
50 6.84867 2.89058e-28 -3.28572e-27 1 1
50 6.84867 -3.63638e-32 -6.23077e-33 1 1
50 6.97434 3.84062e-19 -8.80095e-20 1 1
50 6.97434 7.36632e-29 -8.81978e-28 1 1
50 6.97434 0.000196625 -0.000116898 1 1
50 6.97434 -0.000641871 -0.00233569 1 1
50 6.97434 -0.000175433 -0.000638377 1 1
50 6.97434 -1.28951e-34 2.10794e-35 1 1
50 6.97434 2.78838e-28 -3.22538e-27 1 1
50 6.97434 -3.50923e-32 -5.90303e-33 1 1
50 7.1 -1.0516e-19 1.27461e-19 1 1
50 7.1 7.10961e-29 -8.66579e-28 1 1
50 7.1 0.000191212 -0.000111348 1 1
50 7.1 -0.00062088 -0.00230001 1 1
50 7.1 -0.000169696 -0.000628627 1 1
50 7.1 4.1297e-35 -1.17363e-35 1 1
50 7.1 2.68863e-28 -3.17282e-27 1 1
50 7.1 -3.38859e-32 -5.59783e-33 1 1
50 7.22566 1.72427e-20 -4.42011e-20 1 1
50 7.22566 6.86601e-29 -8.51704e-28 1 1
50 7.22566 0.000185989 -0.000106135 1 1
50 7.22566 -0.000600879 -0.00226532 1 1
50 7.22566 -0.000164229 -0.000619144 1 1
50 7.22566 3.11972e-35 3.09405e-35 1 1
50 7.22566 2.5986e-28 -3.11637e-27 1 1
50 7.22566 -3.27403e-32 -5.31327e-33 1 1
50 7.35133 -1.72008e-19 1.15742e-19 1 1
50 7.35133 6.63487e-29 -8.37328e-28 1 1
50 7.35133 0.000180951 -0.000101236 1 1
50 7.35133 -0.000581808 -0.00223157 1 1
50 7.35133 -0.000159017 -0.000609919 1 1
50 7.35133 -2.55004e-35 1.72612e-35 1 1
50 7.35133 2.51101e-28 -3.06382e-27 1 1
50 7.35133 -3.16514e-32 -5.04764e-33 1 1
50 7.47699 -1.24956e-19 -1.17104e-19 1 1
50 7.47699 6.41491e-29 -8.23427e-28 1 1
50 7.47699 0.000176091 -9.66262e-05 1 1
50 7.47699 -0.000563612 -0.00219872 1 1
50 7.47699 -0.000154043 -0.000600944 1 1
50 7.47699 -1.83688e-34 -1.13147e-35 1 1
50 7.47699 2.42828e-28 -3.01126e-27 1 1
50 7.47699 -3.06156e-32 -4.79938e-33 1 1
50 7.60265 -1.05821e-19 -1.14941e-19 1 1
50 7.60265 6.2059e-29 -8.09977e-28 1 1
50 7.60265 0.000171403 -9.22863e-05 1 1
50 7.60265 -0.000546238 -0.00216676 1 1
50 7.60265 -0.000149295 -0.000592208 1 1
50 7.60265 -1.28924e-34 -1.0165e-35 1 1
50 7.60265 2.34799e-28 -2.96649e-27 1 1
50 7.60265 -2.96295e-32 -4.56712e-33 1 1
50 7.72832 -1.11349e-18 -1.24332e-19 1 1
50 7.72832 6.00689e-29 -7.96957e-28 1 1
50 7.72832 0.00016688 -8.8197e-05 1 1
50 7.72832 -0.00052964 -0.00213565 1 1
50 7.72832 -0.000144758 -0.000583703 1 1
50 7.72832 2.92967e-35 -3.09055e-35 1 1
50 7.72832 2.27377e-28 -2.91588e-27 1 1
50 7.72832 -2.869e-32 -4.34957e-33 1 1
50 7.85398 -7.12746e-20 7.7138e-20 1 1
50 7.85398 5.81723e-29 -7.84346e-28 1 1
50 7.85398 0.000162516 -8.43409e-05 1 1
50 7.85398 -0.000513772 -0.00210535 1 1
50 7.85398 -0.000140421 -0.000575422 1 1
50 7.85398 4.18584e-35 1.94492e-35 1 1
50 7.85398 2.20078e-28 -2.87111e-27 1 1
50 7.85398 -2.77943e-32 -4.1456e-33 1 1
50 7.97965 -4.3305e-19 -1.30196e-19 1 1
50 7.97965 5.63638e-29 -7.72126e-28 1 1
50 7.97965 0.000158305 -8.07019e-05 1 1
50 7.97965 -0.000498593 -0.00207584 1 1
50 7.97965 -0.000136273 -0.000567357 1 1
50 7.97965 7.26382e-35 1.48015e-35 1 1
50 7.97965 2.13387e-28 -2.82634e-27 1 1
50 7.97965 -2.69397e-32 -3.95416e-33 1 1
50 8.10531 -2.75165e-19 4.79841e-20 1 1
50 8.10531 5.46381e-29 -7.60279e-28 1 1
50 8.10531 0.000154241 -7.72653e-05 1 1
50 8.10531 -0.000484065 -0.00204709 1 1
50 8.10531 -0.000132302 -0.0005595 1 1
50 8.10531 -9.94816e-35 -9.28591e-36 1 1
50 8.10531 2.06817e-28 -2.77963e-27 1 1
50 8.10531 -2.61236e-32 -3.77432e-33 1 1
50 8.23097 -5.44262e-19 4.86069e-20 1 1
50 8.23097 5.29908e-29 -7.48788e-28 1 1
50 8.23097 0.000150317 -7.40176e-05 1 1
50 8.23097 -0.000470152 -0.00201908 1 1
50 8.23097 -0.000128499 -0.000551843 1 1
50 8.23097 9.10536e-36 -1.242e-35 1 1
50 8.23097 2.00491e-28 -2.7407e-27 1 1
50 8.23097 -2.53439e-32 -3.6052e-33 1 1
50 8.35664 -2.71851e-19 -6.98923e-20 1 1
50 8.35664 5.14166e-29 -7.37638e-28 1 1
50 8.35664 0.00014653 -7.09461e-05 1 1
50 8.35664 -0.000456819 -0.00199177 1 1
50 8.35664 -0.000124855 -0.000544381 1 1
50 8.35664 -2.30626e-35 -3.11409e-36 1 1
50 8.35664 1.94652e-28 -2.69982e-27 1 1
50 8.35664 -2.45984e-32 -3.44601e-33 1 1
50 8.4823 -9.04847e-20 -1.11062e-20 1 1
50 8.4823 4.99122e-29 -7.26813e-28 1 1
50 8.4823 0.000142872 -6.80392e-05 1 1
50 8.4823 -0.000444037 -0.00196515 1 1
50 8.4823 -0.000121362 -0.000537105 1 1
50 8.4823 1.04884e-34 1.03814e-35 1 1
50 8.4823 1.88934e-28 -2.65699e-27 1 1
50 8.4823 -2.38852e-32 -3.29605e-33 1 1
50 8.60796 1.72591e-19 -6.13073e-20 1 1
50 8.60796 4.84723e-29 -7.163e-28 1 1
50 8.60796 0.00013934 -6.52864e-05 1 1
50 8.60796 -0.000431775 -0.0019392 1 1
50 8.60796 -0.00011801 -0.00053001 1 1
50 8.60796 7.4424e-35 3.33262e-36 1 1
50 8.60796 1.83581e-28 -2.62001e-27 1 1
50 8.60796 -2.32024e-32 -3.15466e-33 1 1
50 8.73363 3.42354e-19 2.26689e-20 1 1
50 8.73363 4.70937e-29 -7.06086e-28 1 1
50 8.73363 0.000135927 -6.26777e-05 1 1
50 8.73363 -0.000420006 -0.00191388 1 1
50 8.73363 -0.000114794 -0.00052309 1 1
50 8.73363 3.37771e-35 -1.3367e-35 1 1
50 8.73363 1.78228e-28 -2.58497e-27 1 1
50 8.73363 -2.25484e-32 -3.02122e-33 1 1
50 8.85929 -7.49083e-20 5.72884e-20 1 1
50 8.85929 4.57732e-29 -6.96157e-28 1 1
50 8.85929 0.00013263 -6.02039e-05 1 1
50 8.85929 -0.000408704 -0.00188917 1 1
50 8.85929 -0.000111705 -0.000516339 1 1
50 8.85929 6.43189e-35 -7.28316e-36 1 1
50 8.85929 1.7324e-28 -2.54799e-27 1 1
50 8.85929 -2.19215e-32 -2.8952e-33 1 1
50 8.98495 5.05281e-19 -3.67366e-20 1 1
50 8.98495 4.45064e-29 -6.86503e-28 1 1
50 8.98495 0.000129443 -5.78567e-05 1 1
50 8.98495 -0.000397846 -0.00186507 1 1
50 8.98495 -0.000108737 -0.00050975 1 1
50 8.98495 -8.37526e-35 -4.84494e-36 1 1
50 8.98495 1.68374e-28 -2.51295e-27 1 1
50 8.98495 -2.13202e-32 -2.77607e-33 1 1
50 9.11062 -1.57112e-19 5.11782e-21 1 1
50 9.11062 4.32923e-29 -6.77112e-28 1 1
50 9.11062 0.000126362 -5.56281e-05 1 1
50 9.11062 -0.000387408 -0.00184154 1 1
50 9.11062 -0.000105884 -0.000503319 1 1
50 9.11062 9.29532e-35 -2.05806e-36 1 1
50 9.11062 1.63872e-28 -2.47792e-27 1 1
50 9.11062 -2.07433e-32 -2.66339e-33 1 1
50 9.23628 1.92036e-19 -1.88984e-21 1 1
50 9.23628 4.21265e-29 -6.67973e-28 1 1
50 9.23628 0.000123384 -5.35108e-05 1 1
50 9.23628 -0.000377371 -0.00181857 1 1
50 9.23628 -0.000103141 -0.000497041 1 1
50 9.23628 -3.33686e-35 -9.19815e-36 1 1
50 9.23628 1.59371e-28 -2.44677e-27 1 1
50 9.23628 -2.01894e-32 -2.55671e-33 1 1
50 9.36195 2.34824e-20 8.6528e-22 1 1
50 9.36195 4.1007e-29 -6.59076e-28 1 1
50 9.36195 0.000120503 -5.14981e-05 1 1
50 9.36195 -0.000367713 -0.00179613 1 1
50 9.36195 -0.000100501 -0.00049091 1 1
50 9.36195 -5.88555e-35 6.54463e-36 1 1
50 9.36195 1.55235e-28 -2.41173e-27 1 1
50 9.36195 -1.96573e-32 -2.45565e-33 1 1
50 9.48761 -3.10869e-20 -2.54112e-20 1 1
50 9.48761 3.99326e-29 -6.50413e-28 1 1
50 9.48761 0.000117716 -4.95837e-05 1 1
50 9.48761 -0.000358416 -0.00177422 1 1
50 9.48761 -9.79603e-05 -0.000484921 1 1
50 9.48761 1.06532e-34 1.05482e-35 1 1
50 9.48761 1.5122e-28 -2.38059e-27 1 1
50 9.48761 -1.91458e-32 -2.35984e-33 1 1
50 9.61327 4.66535e-19 3.83216e-20 1 1
50 9.61327 3.88991e-29 -6.41973e-28 1 1
50 9.61327 0.000115019 -4.77618e-05 1 1
50 9.61327 -0.000349463 -0.00175281 1 1
50 9.61327 -9.55132e-05 -0.00047907 1 1
50 9.61327 -2.74383e-35 -6.66414e-36 1 1
50 9.61327 1.47205e-28 -2.3475e-27 1 1
50 9.61327 -1.8654e-32 -2.26895e-33 1 1
50 9.73894 5.9053e-19 -1.35252e-20 1 1
50 9.73894 3.79054e-29 -6.33749e-28 1 1
50 9.73894 0.000112409 -4.60269e-05 1 1
50 9.73894 -0.000340837 -0.0017319 1 1
50 9.73894 -9.31556e-05 -0.000473352 1 1
50 9.73894 9.08929e-35 -3.65913e-36 1 1
50 9.73894 1.43434e-28 -2.3183e-27 1 1
50 9.73894 -1.81809e-32 -2.18266e-33 1 1
50 9.8646 4.35115e-19 -5.50816e-21 1 1
50 9.8646 3.69493e-29 -6.25732e-28 1 1
50 9.8646 0.000109883 -4.4374e-05 1 1
50 9.8646 -0.000332522 -0.00171145 1 1
50 9.8646 -9.08831e-05 -0.000467764 1 1
50 9.8646 -1.00858e-34 3.3422e-36 1 1
50 9.8646 1.39784e-28 -2.2891e-27 1 1
50 9.8646 -1.77254e-32 -2.10068e-33 1 1
50 9.99026 -5.84663e-20 -6.36744e-21 1 1
50 9.99026 3.60286e-29 -6.17915e-28 1 1
50 9.99026 0.000107436 -4.27982e-05 1 1
50 9.99026 -0.000324504 -0.00169146 1 1
50 9.99026 -8.86918e-05 -0.0004623 1 1
50 9.99026 -1.17784e-34 1.09483e-36 1 1
50 9.99026 1.36378e-28 -2.25991e-27 1 1
50 9.99026 -1.72868e-32 -2.02275e-33 1 1
50 10.1159 9.45967e-20 -6.29013e-20 1 1
50 10.1159 3.51414e-29 -6.1029e-28 1 1
50 10.1159 0.000105067 -4.12954e-05 1 1
50 10.1159 -0.00031677 -0.00167191 1 1
50 10.1159 -8.65778e-05 -0.000456958 1 1
50 10.1159 -4.43917e-35 6.726e-36 1 1
50 10.1159 1.32971e-28 -2.23265e-27 1 1
50 10.1159 -1.68642e-32 -1.94863e-33 1 1
50 10.2416 5.62373e-19 6.8329e-20 1 1
50 10.2416 3.42874e-29 -6.02851e-28 1 1
50 10.2416 0.000102771 -3.98612e-05 1 1
50 10.2416 -0.000309305 -0.0016528 1 1
50 10.2416 -8.45377e-05 -0.000451733 1 1
50 10.2416 7.23813e-36 -5.60515e-36 1 1
50 10.2416 1.29808e-28 -2.20735e-27 1 1
50 10.2416 -1.64569e-32 -1.87808e-33 1 1
50 10.3673 -2.94384e-19 5.98413e-21 1 1
50 10.3673 3.34635e-29 -5.9559e-28 1 1
50 10.3673 0.000100546 -3.8492e-05 1 1
50 10.3673 -0.000302099 -0.00163409 1 1
50 10.3673 -8.2568e-05 -0.000446622 1 1
50 10.3673 -1.00565e-34 7.88751e-36 1 1
50 10.3673 1.26706e-28 -2.1801e-27 1 1
50 10.3673 -1.60641e-32 -1.81089e-33 1 1
50 10.4929 5.12919e-19 5.31976e-20 1 1
50 10.4929 3.26697e-29 -5.88501e-28 1 1
50 10.4929 9.83896e-05 -3.7184e-05 1 1
50 10.4929 -0.000295139 -0.00161579 1 1
50 10.4929 -8.06657e-05 -0.00044162 1 1
50 10.4929 1.04375e-35 3.75111e-36 1 1
50 10.4929 1.23665e-28 -2.15285e-27 1 1
50 10.4929 -1.56852e-32 -1.74687e-33 1 1
50 10.6186 -5.90467e-20 -1.02563e-20 1 1
50 10.6186 3.19029e-29 -5.81578e-28 1 1
50 10.6186 9.62989e-05 -3.5934e-05 1 1
50 10.6186 -0.000288413 -0.00159789 1 1
50 10.6186 -7.88276e-05 -0.000436726 1 1
50 10.6186 -1.13159e-34 -1.64466e-36 1 1
50 10.6186 1.20745e-28 -2.12754e-27 1 1
50 10.6186 -1.53195e-32 -1.68582e-33 1 1
50 10.7442 -4.10526e-19 1.41092e-20 1 1
50 10.7442 3.11639e-29 -5.74816e-28 1 1
50 10.7442 9.42715e-05 -3.47388e-05 1 1
50 10.7442 -0.000281913 -0.00158036 1 1
50 10.7442 -7.7051e-05 -0.000431935 1 1
50 10.7442 1.34039e-34 -3.97031e-36 1 1
50 10.7442 1.18008e-28 -2.10418e-27 1 1
50 10.7442 -1.49664e-32 -1.62759e-33 1 1
50 10.8699 -2.1846e-19 -1.68806e-20 1 1
50 10.8699 3.04492e-29 -5.68209e-28 1 1
50 10.8699 9.23048e-05 -3.35955e-05 1 1
50 10.8699 -0.000275628 -0.0015632 1 1
50 10.8699 -7.53332e-05 -0.000427244 1 1
50 10.8699 -1.09706e-35 1.82586e-36 1 1
50 10.8699 1.15331e-28 -2.07888e-27 1 1
50 10.8699 -1.46253e-32 -1.572e-33 1 1
50 10.9956 -4.30299e-19 -1.36587e-20 1 1
50 10.9956 2.97592e-29 -5.61752e-28 1 1
50 10.9956 9.03967e-05 -3.25013e-05 1 1
50 10.9956 -0.000269549 -0.00154639 1 1
50 10.9956 -7.36716e-05 -0.000422651 1 1
50 10.9956 2.01629e-35 8.25094e-37 1 1
50 10.9956 1.12594e-28 -2.05552e-27 1 1
50 10.9956 -1.42957e-32 -1.51892e-33 1 1
50 11.1212 2.97607e-19 3.27223e-20 1 1
50 11.1212 2.90923e-29 -5.5544e-28 1 1
50 11.1212 8.85449e-05 -3.14536e-05 1 1
50 11.1212 -0.000263666 -0.00152993 1 1
50 11.1212 -7.20639e-05 -0.000418152 1 1
50 11.1212 -3.04196e-35 5.16075e-36 1 1
50 11.1212 1.101e-28 -2.03216e-27 1 1
50 11.1212 -1.39771e-32 -1.46819e-33 1 1
50 11.2469 -3.21229e-19 3.46739e-20 1 1
50 11.2469 2.84475e-29 -5.49267e-28 1 1
50 11.2469 8.67473e-05 -3.04501e-05 1 1
50 11.2469 -0.000257973 -0.00151381 1 1
50 11.2469 -7.05077e-05 -0.000413746 1 1
50 11.2469 -3.13815e-35 8.39947e-38 1 1
50 11.2469 1.07667e-28 -2.01075e-27 1 1
50 11.2469 -1.3669e-32 -1.4197e-33 1 1
50 11.3726 9.85345e-20 1.54338e-20 1 1
50 11.3726 2.78242e-29 -5.4323e-28 1 1
50 11.3726 8.5002e-05 -2.94883e-05 1 1
50 11.3726 -0.00025246 -0.00149801 1 1
50 11.3726 -6.90009e-05 -0.000409428 1 1
50 11.3726 -8.59007e-37 8.30347e-36 1 1
50 11.3726 1.05355e-28 -1.98934e-27 1 1
50 11.3726 -1.3371e-32 -1.37332e-33 1 1
50 11.4982 -2.71187e-19 2.10598e-20 1 1
50 11.4982 2.72208e-29 -5.37323e-28 1 1
50 11.4982 8.3307e-05 -2.85663e-05 1 1
50 11.4982 -0.00024712 -0.00148253 1 1
50 11.4982 -6.75415e-05 -0.000405196 1 1
50 11.4982 2.9404e-35 2.73821e-36 1 1
50 11.4982 1.03044e-28 -1.96695e-27 1 1
50 11.4982 -1.30825e-32 -1.32893e-33 1 1
50 11.6239 2.36707e-19 3.33105e-20 1 1
50 11.6239 2.66367e-29 -5.31544e-28 1 1
50 11.6239 8.16606e-05 -2.7682e-05 1 1
50 11.6239 -0.000241946 -0.00146735 1 1
50 11.6239 -6.61275e-05 -0.000401049 1 1
50 11.6239 1.49285e-35 4.97453e-36 1 1
50 11.6239 1.00793e-28 -1.94554e-27 1 1
50 11.6239 -1.28033e-32 -1.28644e-33 1 1
50 11.7496 2.69202e-19 3.15094e-20 1 1
50 11.7496 2.60714e-29 -5.25887e-28 1 1
50 11.7496 8.00608e-05 -2.68335e-05 1 1
50 11.7496 -0.000236932 -0.00145248 1 1
50 11.7496 -6.4757e-05 -0.000396983 1 1
50 11.7496 3.42308e-35 -1.62278e-36 1 1
50 11.7496 9.86641e-29 -1.9251e-27 1 1
50 11.7496 -1.25329e-32 -1.24573e-33 1 1
50 11.8752 1.97945e-19 -1.89095e-20 1 1
50 11.8752 2.55239e-29 -5.20349e-28 1 1
50 11.8752 7.85061e-05 -2.6019e-05 1 1
50 11.8752 -0.000232071 -0.00143789 1 1
50 11.8752 -6.34283e-05 -0.000392997 1 1
50 11.8752 1.97268e-35 -6.85208e-36 1 1
50 11.8752 9.66567e-29 -1.90369e-27 1 1
50 11.8752 -1.2271e-32 -1.20673e-33 1 1
50 12.0009 -2.48053e-19 -2.89874e-20 1 1
50 12.0009 2.49936e-29 -5.14926e-28 1 1
50 12.0009 7.69949e-05 -2.52369e-05 1 1
50 12.0009 -0.000227356 -0.00142359 1 1
50 12.0009 -6.21398e-05 -0.000389087 1 1
50 12.0009 2.82711e-35 7.20554e-36 1 1
50 12.0009 9.46494e-29 -1.88423e-27 1 1
50 12.0009 -1.20171e-32 -1.16933e-33 1 1
50 12.1265 -2.01382e-19 -1.85755e-20 1 1
50 12.1265 2.44794e-29 -5.09614e-28 1 1
50 12.1265 7.55255e-05 -2.44855e-05 1 1
50 12.1265 -0.000222783 -0.00140956 1 1
50 12.1265 -6.08898e-05 -0.000385253 1 1
50 12.1265 -2.80422e-35 -3.39147e-36 1 1
50 12.1265 9.2642e-29 -1.86476e-27 1 1
50 12.1265 -1.17711e-32 -1.13347e-33 1 1
50 12.2522 -2.39873e-20 2.23474e-20 1 1
50 12.2522 2.39809e-29 -5.04411e-28 1 1
50 12.2522 7.40966e-05 -2.37635e-05 1 1
50 12.2522 -0.000218345 -0.0013958 1 1
50 12.2522 -5.96769e-05 -0.000381491 1 1
50 12.2522 2.34855e-35 5.3539e-36 1 1
50 12.2522 9.07563e-29 -1.84627e-27 1 1
50 12.2522 -1.15325e-32 -1.09905e-33 1 1
50 12.3779 -1.19205e-19 -2.34001e-20 1 1
50 12.3779 2.34973e-29 -4.99313e-28 1 1
50 12.3779 7.27067e-05 -2.30693e-05 1 1
50 12.3779 -0.000214038 -0.00138229 1 1
50 12.3779 -5.84996e-05 -0.000377801 1 1
50 12.3779 -5.78959e-35 -5.14491e-36 1 1
50 12.3779 8.89923e-29 -1.82778e-27 1 1
50 12.3779 -1.13011e-32 -1.06601e-33 1 1
50 12.5035 2.56004e-19 3.59021e-20 1 1
50 12.5035 2.30289e-29 -4.94317e-28 1 1
50 12.5035 7.13544e-05 -2.24017e-05 1 1
50 12.5035 -0.000209855 -0.00136904 1 1
50 12.5035 -5.73565e-05 -0.000374179 1 1
50 12.5035 1.85877e-35 -6.02899e-36 1 1
50 12.5035 8.72283e-29 -1.80929e-27 1 1
50 12.5035 -1.10765e-32 -1.03428e-33 1 1
