50 0.0628319 8.60863e-23 0 1 1
50 0.0628319 -1.47136e-25 0 1 1
50 0.0628319 0.00737818 0 1 1
50 0.0628319 2.19824e-26 0 1 1
50 0.0628319 2.77056e-40 0 1 1
50 0.0628319 -0.00191607 0 1 1
50 0.0628319 5.66576e-25 0 1 1
50 0.0628319 1.44842e-41 0 1 1
50 0.188496 8.60863e-23 0 1 1
50 0.188496 -1.47136e-25 0 1 1
50 0.188496 0.00737818 0 1 1
50 0.188496 2.19824e-26 0 1 1
50 0.188496 2.77056e-40 0 1 1
50 0.188496 -0.00191607 0 1 1
50 0.188496 5.66576e-25 0 1 1
50 0.188496 1.44842e-41 0 1 1
50 0.314159 8.60863e-23 0 1 1
50 0.314159 -1.47136e-25 0 1 1
50 0.314159 0.00737818 0 1 1
50 0.314159 2.19824e-26 0 1 1
50 0.314159 2.77056e-40 0 1 1
50 0.314159 -0.00191607 0 1 1
50 0.314159 5.66576e-25 0 1 1
50 0.314159 1.44842e-41 0 1 1
50 0.439823 8.60863e-23 0 1 1
50 0.439823 -1.47136e-25 0 1 1
50 0.439823 0.00737818 0 1 1
50 0.439823 2.19824e-26 0 1 1
50 0.439823 2.77056e-40 0 1 1
50 0.439823 -0.00191607 0 1 1
50 0.439823 5.66576e-25 0 1 1
50 0.439823 1.44842e-41 0 1 1
50 0.565487 8.60863e-23 0 1 1
50 0.565487 -1.47136e-25 0 1 1
50 0.565487 0.00737818 0 1 1
50 0.565487 2.19824e-26 0 1 1
50 0.565487 2.77056e-40 0 1 1
50 0.565487 -0.00191607 0 1 1
50 0.565487 5.66576e-25 0 1 1
50 0.565487 1.44842e-41 0 1 1
50 0.69115 8.60863e-23 0 1 1
50 0.69115 -1.47136e-25 0 1 1
50 0.69115 0.00737818 0 1 1
50 0.69115 2.19824e-26 0 1 1
50 0.69115 2.77056e-40 0 1 1
50 0.69115 -0.00191607 0 1 1
50 0.69115 5.66576e-25 0 1 1
50 0.69115 1.44842e-41 0 1 1
50 0.816814 8.60863e-23 0 1 1
50 0.816814 -1.47136e-25 0 1 1
50 0.816814 0.00737818 0 1 1
50 0.816814 2.19824e-26 0 1 1
50 0.816814 2.77056e-40 0 1 1
50 0.816814 -0.00191607 0 1 1
50 0.816814 5.66576e-25 0 1 1
50 0.816814 1.44842e-41 0 1 1
50 0.942478 8.60863e-23 0 1 1
50 0.942478 -1.47136e-25 0 1 1
50 0.942478 0.00737818 0 1 1
50 0.942478 2.19824e-26 0 1 1
50 0.942478 2.77056e-40 0 1 1
50 0.942478 -0.00191607 0 1 1
50 0.942478 5.66576e-25 0 1 1
50 0.942478 1.44842e-41 0 1 1
50 1.06814 8.60863e-23 0 1 1
50 1.06814 -1.47136e-25 0 1 1
50 1.06814 0.00737818 0 1 1
50 1.06814 2.19824e-26 0 1 1
50 1.06814 2.77056e-40 0 1 1
50 1.06814 -0.00191607 0 1 1
50 1.06814 5.66576e-25 0 1 1
50 1.06814 1.44842e-41 0 1 1
50 1.19381 8.60863e-23 0 1 1
50 1.19381 -1.47136e-25 0 1 1
50 1.19381 0.00737818 0 1 1
50 1.19381 2.19824e-26 0 1 1
50 1.19381 2.77056e-40 0 1 1
50 1.19381 -0.00191607 0 1 1
50 1.19381 5.66576e-25 0 1 1
50 1.19381 1.44842e-41 0 1 1
50 1.31947 8.60863e-23 0 1 1
50 1.31947 -1.47136e-25 0 1 1
50 1.31947 0.00737818 0 1 1
50 1.31947 2.19824e-26 0 1 1
50 1.31947 2.77056e-40 0 1 1
50 1.31947 -0.00191607 0 1 1
50 1.31947 5.66576e-25 0 1 1
50 1.31947 1.44842e-41 0 1 1
50 1.44513 8.60863e-23 0 1 1
50 1.44513 -1.47136e-25 0 1 1
50 1.44513 0.00737818 0 1 1
50 1.44513 2.19824e-26 0 1 1
50 1.44513 2.77056e-40 0 1 1
50 1.44513 -0.00191607 0 1 1
50 1.44513 5.66576e-25 0 1 1
50 1.44513 1.44842e-41 0 1 1
50 1.5708 8.60863e-23 0 1 1
50 1.5708 -1.47136e-25 0 1 1
50 1.5708 0.00737818 0 1 1
50 1.5708 2.19824e-26 0 1 1
50 1.5708 2.77056e-40 0 1 1
50 1.5708 -0.00191607 0 1 1
50 1.5708 5.66576e-25 0 1 1
50 1.5708 1.44842e-41 0 1 1
50 1.69646 8.60863e-23 0 1 1
50 1.69646 -1.47136e-25 0 1 1
50 1.69646 0.00737818 0 1 1
50 1.69646 2.19824e-26 0 1 1
50 1.69646 2.77056e-40 0 1 1
50 1.69646 -0.00191607 0 1 1
50 1.69646 5.66576e-25 0 1 1
50 1.69646 1.44842e-41 0 1 1
50 1.82212 8.60863e-23 0 1 1
50 1.82212 -1.47136e-25 0 1 1
50 1.82212 0.00737818 0 1 1
50 1.82212 2.19824e-26 0 1 1
50 1.82212 2.77056e-40 0 1 1
50 1.82212 -0.00191607 0 1 1
50 1.82212 5.66576e-25 0 1 1
50 1.82212 1.44842e-41 0 1 1
50 1.94779 8.60863e-23 0 1 1
50 1.94779 -1.47136e-25 0 1 1
50 1.94779 0.00737818 0 1 1
50 1.94779 2.19824e-26 0 1 1
50 1.94779 2.77056e-40 0 1 1
50 1.94779 -0.00191607 0 1 1
50 1.94779 5.66576e-25 0 1 1
50 1.94779 1.44842e-41 0 1 1
50 2.07345 8.60863e-23 0 1 1
50 2.07345 -1.47136e-25 0 1 1
50 2.07345 0.00737818 0 1 1
50 2.07345 2.19824e-26 0 1 1
50 2.07345 2.77056e-40 0 1 1
50 2.07345 -0.00191607 0 1 1
50 2.07345 5.66576e-25 0 1 1
50 2.07345 1.44842e-41 0 1 1
50 2.19911 8.60863e-23 0 1 1
50 2.19911 -1.47136e-25 0 1 1
50 2.19911 0.00737818 0 1 1
50 2.19911 2.19824e-26 0 1 1
50 2.19911 2.77056e-40 0 1 1
50 2.19911 -0.00191607 0 1 1
50 2.19911 5.66576e-25 0 1 1
50 2.19911 1.44842e-41 0 1 1
50 2.32478 8.60863e-23 0 1 1
50 2.32478 -1.47136e-25 0 1 1
50 2.32478 0.00737818 0 1 1
50 2.32478 2.19824e-26 0 1 1
50 2.32478 2.77056e-40 0 1 1
50 2.32478 -0.00191607 0 1 1
50 2.32478 5.66576e-25 0 1 1
50 2.32478 1.44842e-41 0 1 1
50 2.45044 8.60863e-23 0 1 1
50 2.45044 -1.47136e-25 0 1 1
50 2.45044 0.00737818 0 1 1
50 2.45044 2.19824e-26 0 1 1
50 2.45044 2.77056e-40 0 1 1
50 2.45044 -0.00191607 0 1 1
50 2.45044 5.66576e-25 0 1 1
50 2.45044 1.44842e-41 0 1 1
50 2.57611 8.60863e-23 0 1 1
50 2.57611 -1.47136e-25 0 1 1
50 2.57611 0.00737818 0 1 1
50 2.57611 2.19824e-26 0 1 1
50 2.57611 2.77056e-40 0 1 1
50 2.57611 -0.00191607 0 1 1
50 2.57611 5.66576e-25 0 1 1
50 2.57611 1.44842e-41 0 1 1
50 2.70177 8.60863e-23 0 1 1
50 2.70177 -1.47136e-25 0 1 1
50 2.70177 0.00737818 0 1 1
50 2.70177 2.19824e-26 0 1 1
50 2.70177 2.77056e-40 0 1 1
50 2.70177 -0.00191607 0 1 1
50 2.70177 5.66576e-25 0 1 1
50 2.70177 1.44842e-41 0 1 1
50 2.82743 8.60863e-23 0 1 1
50 2.82743 -1.47136e-25 0 1 1
50 2.82743 0.00737818 0 1 1
50 2.82743 2.19824e-26 0 1 1
50 2.82743 2.77056e-40 0 1 1
50 2.82743 -0.00191607 0 1 1
50 2.82743 5.66576e-25 0 1 1
50 2.82743 1.44842e-41 0 1 1
50 2.9531 8.60863e-23 0 1 1
50 2.9531 -1.47136e-25 0 1 1
50 2.9531 0.00737818 0 1 1
50 2.9531 2.19824e-26 0 1 1
50 2.9531 2.77056e-40 0 1 1
50 2.9531 -0.00191607 0 1 1
50 2.9531 5.66576e-25 0 1 1
50 2.9531 1.44842e-41 0 1 1
50 3.07876 8.60863e-23 0 1 1
50 3.07876 -1.47136e-25 0 1 1
50 3.07876 0.00737818 0 1 1
50 3.07876 2.19824e-26 0 1 1
50 3.07876 2.77056e-40 0 1 1
50 3.07876 -0.00191607 0 1 1
50 3.07876 5.66576e-25 0 1 1
50 3.07876 1.44842e-41 0 1 1
50 3.20442 8.60863e-23 0 1 1
50 3.20442 -1.47136e-25 0 1 1
50 3.20442 0.00737818 0 1 1
50 3.20442 2.19824e-26 0 1 1
50 3.20442 2.77056e-40 0 1 1
50 3.20442 -0.00191607 0 1 1
50 3.20442 5.66576e-25 0 1 1
50 3.20442 1.44842e-41 0 1 1
50 3.33009 8.60863e-23 0 1 1
50 3.33009 -1.47136e-25 0 1 1
50 3.33009 0.00737818 0 1 1
50 3.33009 2.19824e-26 0 1 1
50 3.33009 2.77056e-40 0 1 1
50 3.33009 -0.00191607 0 1 1
50 3.33009 5.66576e-25 0 1 1
50 3.33009 1.44842e-41 0 1 1
50 3.45575 8.60863e-23 0 1 1
50 3.45575 -1.47136e-25 0 1 1
50 3.45575 0.00737818 0 1 1
50 3.45575 2.19824e-26 0 1 1
50 3.45575 2.77056e-40 0 1 1
50 3.45575 -0.00191607 0 1 1
50 3.45575 5.66576e-25 0 1 1
50 3.45575 1.44842e-41 0 1 1
50 3.58142 8.60863e-23 0 1 1
50 3.58142 -1.47136e-25 0 1 1
50 3.58142 0.00737818 0 1 1
50 3.58142 2.19824e-26 0 1 1
50 3.58142 2.77056e-40 0 1 1
50 3.58142 -0.00191607 0 1 1
50 3.58142 5.66576e-25 0 1 1
50 3.58142 1.44842e-41 0 1 1
50 3.70708 8.60863e-23 0 1 1
50 3.70708 -1.47136e-25 0 1 1
50 3.70708 0.00737818 0 1 1
50 3.70708 2.19824e-26 0 1 1
50 3.70708 2.77056e-40 0 1 1
50 3.70708 -0.00191607 0 1 1
50 3.70708 5.66576e-25 0 1 1
50 3.70708 1.44842e-41 0 1 1
50 3.83274 8.60863e-23 0 1 1
50 3.83274 -1.47136e-25 0 1 1
50 3.83274 0.00737818 0 1 1
50 3.83274 2.19824e-26 0 1 1
50 3.83274 2.77056e-40 0 1 1
50 3.83274 -0.00191607 0 1 1
50 3.83274 5.66576e-25 0 1 1
50 3.83274 1.44842e-41 0 1 1
50 3.95841 8.60863e-23 0 1 1
50 3.95841 -1.47136e-25 0 1 1
50 3.95841 0.00737818 0 1 1
50 3.95841 2.19824e-26 0 1 1
50 3.95841 2.77056e-40 0 1 1
50 3.95841 -0.00191607 0 1 1
50 3.95841 5.66576e-25 0 1 1
50 3.95841 1.44842e-41 0 1 1
50 4.08407 8.60863e-23 0 1 1
50 4.08407 -1.47136e-25 0 1 1
50 4.08407 0.00737818 0 1 1
50 4.08407 2.19824e-26 0 1 1
50 4.08407 2.77056e-40 0 1 1
50 4.08407 -0.00191607 0 1 1
50 4.08407 5.66576e-25 0 1 1
50 4.08407 1.44842e-41 0 1 1
50 4.20973 8.60863e-23 0 1 1
50 4.20973 -1.47136e-25 0 1 1
50 4.20973 0.00737818 0 1 1
50 4.20973 2.19824e-26 0 1 1
50 4.20973 2.77056e-40 0 1 1
50 4.20973 -0.00191607 0 1 1
50 4.20973 5.66576e-25 0 1 1
50 4.20973 1.44842e-41 0 1 1
50 4.3354 8.60863e-23 0 1 1
50 4.3354 -1.47136e-25 0 1 1
50 4.3354 0.00737818 0 1 1
50 4.3354 2.19824e-26 0 1 1
50 4.3354 2.77056e-40 0 1 1
50 4.3354 -0.00191607 0 1 1
50 4.3354 5.66576e-25 0 1 1
50 4.3354 1.44842e-41 0 1 1
50 4.46106 8.60863e-23 0 1 1
50 4.46106 -1.47136e-25 0 1 1
50 4.46106 0.00737818 0 1 1
50 4.46106 2.19824e-26 0 1 1
50 4.46106 2.77056e-40 0 1 1
50 4.46106 -0.00191607 0 1 1
50 4.46106 5.66576e-25 0 1 1
50 4.46106 1.44842e-41 0 1 1
50 4.58673 8.60863e-23 0 1 1
50 4.58673 -1.47136e-25 0 1 1
50 4.58673 0.00737818 0 1 1
50 4.58673 2.19824e-26 0 1 1
50 4.58673 2.77056e-40 0 1 1
50 4.58673 -0.00191607 0 1 1
50 4.58673 5.66576e-25 0 1 1
50 4.58673 1.44842e-41 0 1 1
50 4.71239 8.60863e-23 0 1 1
50 4.71239 -1.47136e-25 0 1 1
50 4.71239 0.00737818 0 1 1
50 4.71239 2.19824e-26 0 1 1
50 4.71239 2.77056e-40 0 1 1
50 4.71239 -0.00191607 0 1 1
50 4.71239 5.66576e-25 0 1 1
50 4.71239 1.44842e-41 0 1 1
50 4.83805 8.60863e-23 0 1 1
50 4.83805 -1.47136e-25 0 1 1
50 4.83805 0.00737818 0 1 1
50 4.83805 2.19824e-26 0 1 1
50 4.83805 2.77056e-40 0 1 1
50 4.83805 -0.00191607 0 1 1
50 4.83805 5.66576e-25 0 1 1
50 4.83805 1.44842e-41 0 1 1
50 4.96372 8.60863e-23 0 1 1
50 4.96372 -1.47136e-25 0 1 1
50 4.96372 0.00737818 0 1 1
50 4.96372 2.19824e-26 0 1 1
50 4.96372 2.77056e-40 0 1 1
50 4.96372 -0.00191607 0 1 1
50 4.96372 5.66576e-25 0 1 1
50 4.96372 1.44842e-41 0 1 1
50 5.08938 8.60863e-23 0 1 1
50 5.08938 -1.47136e-25 0 1 1
50 5.08938 0.00737818 0 1 1
50 5.08938 2.19824e-26 0 1 1
50 5.08938 2.77056e-40 0 1 1
50 5.08938 -0.00191607 0 1 1
50 5.08938 5.66576e-25 0 1 1
50 5.08938 1.44842e-41 0 1 1
50 5.21504 8.60863e-23 0 1 1
50 5.21504 -1.47136e-25 0 1 1
50 5.21504 0.00737818 0 1 1
50 5.21504 2.19824e-26 0 1 1
50 5.21504 2.77056e-40 0 1 1
50 5.21504 -0.00191607 0 1 1
50 5.21504 5.66576e-25 0 1 1
50 5.21504 1.44842e-41 0 1 1
50 5.34071 8.60863e-23 0 1 1
50 5.34071 -1.47136e-25 0 1 1
50 5.34071 0.00737818 0 1 1
50 5.34071 2.19824e-26 0 1 1
50 5.34071 2.77056e-40 0 1 1
50 5.34071 -0.00191607 0 1 1
50 5.34071 5.66576e-25 0 1 1
50 5.34071 1.44842e-41 0 1 1
50 5.46637 8.60863e-23 0 1 1
50 5.46637 -1.47136e-25 0 1 1
50 5.46637 0.00737818 0 1 1
50 5.46637 2.19824e-26 0 1 1
50 5.46637 2.77056e-40 0 1 1
50 5.46637 -0.00191607 0 1 1
50 5.46637 5.66576e-25 0 1 1
50 5.46637 1.44842e-41 0 1 1
50 5.59203 8.60863e-23 0 1 1
50 5.59203 -1.47136e-25 0 1 1
50 5.59203 0.00737818 0 1 1
50 5.59203 2.19824e-26 0 1 1
50 5.59203 2.77056e-40 0 1 1
50 5.59203 -0.00191607 0 1 1
50 5.59203 5.66576e-25 0 1 1
50 5.59203 1.44842e-41 0 1 1
50 5.7177 8.60863e-23 0 1 1
50 5.7177 -1.47136e-25 0 1 1
50 5.7177 0.00737818 0 1 1
50 5.7177 2.19824e-26 0 1 1
50 5.7177 2.77056e-40 0 1 1
50 5.7177 -0.00191607 0 1 1
50 5.7177 5.66576e-25 0 1 1
50 5.7177 1.44842e-41 0 1 1
50 5.84336 8.60863e-23 0 1 1
50 5.84336 -1.47136e-25 0 1 1
50 5.84336 0.00737818 0 1 1
50 5.84336 2.19824e-26 0 1 1
50 5.84336 2.77056e-40 0 1 1
50 5.84336 -0.00191607 0 1 1
50 5.84336 5.66576e-25 0 1 1
50 5.84336 1.44842e-41 0 1 1
50 5.96903 8.60863e-23 0 1 1
50 5.96903 -1.47136e-25 0 1 1
50 5.96903 0.00737818 0 1 1
50 5.96903 2.19824e-26 0 1 1
50 5.96903 2.77056e-40 0 1 1
50 5.96903 -0.00191607 0 1 1
50 5.96903 5.66576e-25 0 1 1
50 5.96903 1.44842e-41 0 1 1
50 6.09469 8.60863e-23 0 1 1
50 6.09469 -1.47136e-25 0 1 1
50 6.09469 0.00737818 0 1 1
50 6.09469 2.19824e-26 0 1 1
50 6.09469 2.77056e-40 0 1 1
50 6.09469 -0.00191607 0 1 1
50 6.09469 5.66576e-25 0 1 1
50 6.09469 1.44842e-41 0 1 1
50 6.22035 8.60863e-23 0 1 1
50 6.22035 -1.47136e-25 0 1 1
50 6.22035 0.00737818 0 1 1
50 6.22035 2.19824e-26 0 1 1
50 6.22035 2.77056e-40 0 1 1
50 6.22035 -0.00191607 0 1 1
50 6.22035 5.66576e-25 0 1 1
50 6.22035 1.44842e-41 0 1 1
50 6.34602 8.60863e-23 0 1 1
50 6.34602 -1.47136e-25 0 1 1
50 6.34602 0.00737818 0 1 1
50 6.34602 2.19824e-26 0 1 1
50 6.34602 2.77056e-40 0 1 1
50 6.34602 -0.00191607 0 1 1
50 6.34602 5.66576e-25 0 1 1
50 6.34602 1.44842e-41 0 1 1
50 6.47168 8.60863e-23 0 1 1
50 6.47168 -1.47136e-25 0 1 1
50 6.47168 0.00737818 0 1 1
50 6.47168 2.19824e-26 0 1 1
50 6.47168 2.77056e-40 0 1 1
50 6.47168 -0.00191607 0 1 1
50 6.47168 5.66576e-25 0 1 1
50 6.47168 1.44842e-41 0 1 1
50 6.59734 8.60863e-23 0 1 1
50 6.59734 -1.47136e-25 0 1 1
50 6.59734 0.00737818 0 1 1
50 6.59734 2.19824e-26 0 1 1
50 6.59734 2.77056e-40 0 1 1
50 6.59734 -0.00191607 0 1 1
50 6.59734 5.66576e-25 0 1 1
50 6.59734 1.44842e-41 0 1 1
50 6.72301 8.60863e-23 0 1 1
50 6.72301 -1.47136e-25 0 1 1
50 6.72301 0.00737818 0 1 1
50 6.72301 2.19824e-26 0 1 1
50 6.72301 2.77056e-40 0 1 1
50 6.72301 -0.00191607 0 1 1
50 6.72301 5.66576e-25 0 1 1
50 6.72301 1.44842e-41 0 1 1
50 6.84867 8.60863e-23 0 1 1
50 6.84867 -1.47136e-25 0 1 1
50 6.84867 0.00737818 0 1 1
50 6.84867 2.19824e-26 0 1 1
50 6.84867 2.77056e-40 0 1 1
50 6.84867 -0.00191607 0 1 1
50 6.84867 5.66576e-25 0 1 1
50 6.84867 1.44842e-41 0 1 1
50 6.97434 8.60863e-23 0 1 1
50 6.97434 -1.47136e-25 0 1 1
50 6.97434 0.00737818 0 1 1
50 6.97434 2.19824e-26 0 1 1
50 6.97434 2.77056e-40 0 1 1
50 6.97434 -0.00191607 0 1 1
50 6.97434 5.66576e-25 0 1 1
50 6.97434 1.44842e-41 0 1 1
50 7.1 8.60863e-23 0 1 1
50 7.1 -1.47136e-25 0 1 1
50 7.1 0.00737818 0 1 1
50 7.1 2.19824e-26 0 1 1
50 7.1 2.77056e-40 0 1 1
50 7.1 -0.00191607 0 1 1
50 7.1 5.66576e-25 0 1 1
50 7.1 1.44842e-41 0 1 1
50 7.22566 8.60863e-23 0 1 1
50 7.22566 -1.47136e-25 0 1 1
50 7.22566 0.00737818 0 1 1
50 7.22566 2.19824e-26 0 1 1
50 7.22566 2.77056e-40 0 1 1
50 7.22566 -0.00191607 0 1 1
50 7.22566 5.66576e-25 0 1 1
50 7.22566 1.44842e-41 0 1 1
50 7.35133 8.60863e-23 0 1 1
50 7.35133 -1.47136e-25 0 1 1
50 7.35133 0.00737818 0 1 1
50 7.35133 2.19824e-26 0 1 1
50 7.35133 2.77056e-40 0 1 1
50 7.35133 -0.00191607 0 1 1
50 7.35133 5.66576e-25 0 1 1
50 7.35133 1.44842e-41 0 1 1
50 7.47699 8.60863e-23 0 1 1
50 7.47699 -1.47136e-25 0 1 1
50 7.47699 0.00737818 0 1 1
50 7.47699 2.19824e-26 0 1 1
50 7.47699 2.77056e-40 0 1 1
50 7.47699 -0.00191607 0 1 1
50 7.47699 5.66576e-25 0 1 1
50 7.47699 1.44842e-41 0 1 1
50 7.60265 8.60863e-23 0 1 1
50 7.60265 -1.47136e-25 0 1 1
50 7.60265 0.00737818 0 1 1
50 7.60265 2.19824e-26 0 1 1
50 7.60265 2.77056e-40 0 1 1
50 7.60265 -0.00191607 0 1 1
50 7.60265 5.66576e-25 0 1 1
50 7.60265 1.44842e-41 0 1 1
50 7.72832 8.60863e-23 0 1 1
50 7.72832 -1.47136e-25 0 1 1
50 7.72832 0.00737818 0 1 1
50 7.72832 2.19824e-26 0 1 1
50 7.72832 2.77056e-40 0 1 1
50 7.72832 -0.00191607 0 1 1
50 7.72832 5.66576e-25 0 1 1
50 7.72832 1.44842e-41 0 1 1
50 7.85398 8.60863e-23 0 1 1
50 7.85398 -1.47136e-25 0 1 1
50 7.85398 0.00737818 0 1 1
50 7.85398 2.19824e-26 0 1 1
50 7.85398 2.77056e-40 0 1 1
50 7.85398 -0.00191607 0 1 1
50 7.85398 5.66576e-25 0 1 1
50 7.85398 1.44842e-41 0 1 1
50 7.97965 8.60863e-23 0 1 1
50 7.97965 -1.47136e-25 0 1 1
50 7.97965 0.00737818 0 1 1
50 7.97965 2.19824e-26 0 1 1
50 7.97965 2.77056e-40 0 1 1
50 7.97965 -0.00191607 0 1 1
50 7.97965 5.66576e-25 0 1 1
50 7.97965 1.44842e-41 0 1 1
50 8.10531 8.60863e-23 0 1 1
50 8.10531 -1.47136e-25 0 1 1
50 8.10531 0.00737818 0 1 1
50 8.10531 2.19824e-26 0 1 1
50 8.10531 2.77056e-40 0 1 1
50 8.10531 -0.00191607 0 1 1
50 8.10531 5.66576e-25 0 1 1
50 8.10531 1.44842e-41 0 1 1
50 8.23097 8.60863e-23 0 1 1
50 8.23097 -1.47136e-25 0 1 1
50 8.23097 0.00737818 0 1 1
50 8.23097 2.19824e-26 0 1 1
50 8.23097 2.77056e-40 0 1 1
50 8.23097 -0.00191607 0 1 1
50 8.23097 5.66576e-25 0 1 1
50 8.23097 1.44842e-41 0 1 1
50 8.35664 8.60863e-23 0 1 1
50 8.35664 -1.47136e-25 0 1 1
50 8.35664 0.00737818 0 1 1
50 8.35664 2.19824e-26 0 1 1
50 8.35664 2.77056e-40 0 1 1
50 8.35664 -0.00191607 0 1 1
50 8.35664 5.66576e-25 0 1 1
50 8.35664 1.44842e-41 0 1 1
50 8.4823 8.60863e-23 0 1 1
50 8.4823 -1.47136e-25 0 1 1
50 8.4823 0.00737818 0 1 1
50 8.4823 2.19824e-26 0 1 1
50 8.4823 2.77056e-40 0 1 1
50 8.4823 -0.00191607 0 1 1
50 8.4823 5.66576e-25 0 1 1
50 8.4823 1.44842e-41 0 1 1
50 8.60796 8.60863e-23 0 1 1
50 8.60796 -1.47136e-25 0 1 1
50 8.60796 0.00737818 0 1 1
50 8.60796 2.19824e-26 0 1 1
50 8.60796 2.77056e-40 0 1 1
50 8.60796 -0.00191607 0 1 1
50 8.60796 5.66576e-25 0 1 1
50 8.60796 1.44842e-41 0 1 1
50 8.73363 8.60863e-23 0 1 1
50 8.73363 -1.47136e-25 0 1 1
50 8.73363 0.00737818 0 1 1
50 8.73363 2.19824e-26 0 1 1
50 8.73363 2.77056e-40 0 1 1
50 8.73363 -0.00191607 0 1 1
50 8.73363 5.66576e-25 0 1 1
50 8.73363 1.44842e-41 0 1 1
50 8.85929 8.60863e-23 0 1 1
50 8.85929 -1.47136e-25 0 1 1
50 8.85929 0.00737818 0 1 1
50 8.85929 2.19824e-26 0 1 1
50 8.85929 2.77056e-40 0 1 1
50 8.85929 -0.00191607 0 1 1
50 8.85929 5.66576e-25 0 1 1
50 8.85929 1.44842e-41 0 1 1
50 8.98495 8.60863e-23 0 1 1
50 8.98495 -1.47136e-25 0 1 1
50 8.98495 0.00737818 0 1 1
50 8.98495 2.19824e-26 0 1 1
50 8.98495 2.77056e-40 0 1 1
50 8.98495 -0.00191607 0 1 1
50 8.98495 5.66576e-25 0 1 1
50 8.98495 1.44842e-41 0 1 1
50 9.11062 8.60863e-23 0 1 1
50 9.11062 -1.47136e-25 0 1 1
50 9.11062 0.00737818 0 1 1
50 9.11062 2.19824e-26 0 1 1
50 9.11062 2.77056e-40 0 1 1
50 9.11062 -0.00191607 0 1 1
50 9.11062 5.66576e-25 0 1 1
50 9.11062 1.44842e-41 0 1 1
50 9.23628 8.60863e-23 0 1 1
50 9.23628 -1.47136e-25 0 1 1
50 9.23628 0.00737818 0 1 1
50 9.23628 2.19824e-26 0 1 1
50 9.23628 2.77056e-40 0 1 1
50 9.23628 -0.00191607 0 1 1
50 9.23628 5.66576e-25 0 1 1
50 9.23628 1.44842e-41 0 1 1
50 9.36195 8.60863e-23 0 1 1
50 9.36195 -1.47136e-25 0 1 1
50 9.36195 0.00737818 0 1 1
50 9.36195 2.19824e-26 0 1 1
50 9.36195 2.77056e-40 0 1 1
50 9.36195 -0.00191607 0 1 1
50 9.36195 5.66576e-25 0 1 1
50 9.36195 1.44842e-41 0 1 1
50 9.48761 8.60863e-23 0 1 1
50 9.48761 -1.47136e-25 0 1 1
50 9.48761 0.00737818 0 1 1
50 9.48761 2.19824e-26 0 1 1
50 9.48761 2.77056e-40 0 1 1
50 9.48761 -0.00191607 0 1 1
50 9.48761 5.66576e-25 0 1 1
50 9.48761 1.44842e-41 0 1 1
50 9.61327 8.60863e-23 0 1 1
50 9.61327 -1.47136e-25 0 1 1
50 9.61327 0.00737818 0 1 1
50 9.61327 2.19824e-26 0 1 1
50 9.61327 2.77056e-40 0 1 1
50 9.61327 -0.00191607 0 1 1
50 9.61327 5.66576e-25 0 1 1
50 9.61327 1.44842e-41 0 1 1
50 9.73894 8.60863e-23 0 1 1
50 9.73894 -1.47136e-25 0 1 1
50 9.73894 0.00737818 0 1 1
50 9.73894 2.19824e-26 0 1 1
50 9.73894 2.77056e-40 0 1 1
50 9.73894 -0.00191607 0 1 1
50 9.73894 5.66576e-25 0 1 1
50 9.73894 1.44842e-41 0 1 1
50 9.8646 8.60863e-23 0 1 1
50 9.8646 -1.47136e-25 0 1 1
50 9.8646 0.00737818 0 1 1
50 9.8646 2.19824e-26 0 1 1
50 9.8646 2.77056e-40 0 1 1
50 9.8646 -0.00191607 0 1 1
50 9.8646 5.66576e-25 0 1 1
50 9.8646 1.44842e-41 0 1 1
50 9.99026 8.60863e-23 0 1 1
50 9.99026 -1.47136e-25 0 1 1
50 9.99026 0.00737818 0 1 1
50 9.99026 2.19824e-26 0 1 1
50 9.99026 2.77056e-40 0 1 1
50 9.99026 -0.00191607 0 1 1
50 9.99026 5.66576e-25 0 1 1
50 9.99026 1.44842e-41 0 1 1
50 10.1159 8.60863e-23 0 1 1
50 10.1159 -1.47136e-25 0 1 1
50 10.1159 0.00737818 0 1 1
50 10.1159 2.19824e-26 0 1 1
50 10.1159 2.77056e-40 0 1 1
50 10.1159 -0.00191607 0 1 1
50 10.1159 5.66576e-25 0 1 1
50 10.1159 1.44842e-41 0 1 1
50 10.2416 8.60863e-23 0 1 1
50 10.2416 -1.47136e-25 0 1 1
50 10.2416 0.00737818 0 1 1
50 10.2416 2.19824e-26 0 1 1
50 10.2416 2.77056e-40 0 1 1
50 10.2416 -0.00191607 0 1 1
50 10.2416 5.66576e-25 0 1 1
50 10.2416 1.44842e-41 0 1 1
50 10.3673 8.60863e-23 0 1 1
50 10.3673 -1.47136e-25 0 1 1
50 10.3673 0.00737818 0 1 1
50 10.3673 2.19824e-26 0 1 1
50 10.3673 2.77056e-40 0 1 1
50 10.3673 -0.00191607 0 1 1
50 10.3673 5.66576e-25 0 1 1
50 10.3673 1.44842e-41 0 1 1
50 10.4929 8.60863e-23 0 1 1
50 10.4929 -1.47136e-25 0 1 1
50 10.4929 0.00737818 0 1 1
50 10.4929 2.19824e-26 0 1 1
50 10.4929 2.77056e-40 0 1 1
50 10.4929 -0.00191607 0 1 1
50 10.4929 5.66576e-25 0 1 1
50 10.4929 1.44842e-41 0 1 1
50 10.6186 8.60863e-23 0 1 1
50 10.6186 -1.47136e-25 0 1 1
50 10.6186 0.00737818 0 1 1
50 10.6186 2.19824e-26 0 1 1
50 10.6186 2.77056e-40 0 1 1
50 10.6186 -0.00191607 0 1 1
50 10.6186 5.66576e-25 0 1 1
50 10.6186 1.44842e-41 0 1 1
50 10.7442 8.60863e-23 0 1 1
50 10.7442 -1.47136e-25 0 1 1
50 10.7442 0.00737818 0 1 1
50 10.7442 2.19824e-26 0 1 1
50 10.7442 2.77056e-40 0 1 1
50 10.7442 -0.00191607 0 1 1
50 10.7442 5.66576e-25 0 1 1
50 10.7442 1.44842e-41 0 1 1
50 10.8699 8.60863e-23 0 1 1
50 10.8699 -1.47136e-25 0 1 1
50 10.8699 0.00737818 0 1 1
50 10.8699 2.19824e-26 0 1 1
50 10.8699 2.77056e-40 0 1 1
50 10.8699 -0.00191607 0 1 1
50 10.8699 5.66576e-25 0 1 1
50 10.8699 1.44842e-41 0 1 1
50 10.9956 8.60863e-23 0 1 1
50 10.9956 -1.47136e-25 0 1 1
50 10.9956 0.00737818 0 1 1
50 10.9956 2.19824e-26 0 1 1
50 10.9956 2.77056e-40 0 1 1
50 10.9956 -0.00191607 0 1 1
50 10.9956 5.66576e-25 0 1 1
50 10.9956 1.44842e-41 0 1 1
50 11.1212 8.60863e-23 0 1 1
50 11.1212 -1.47136e-25 0 1 1
50 11.1212 0.00737818 0 1 1
50 11.1212 2.19824e-26 0 1 1
50 11.1212 2.77056e-40 0 1 1
50 11.1212 -0.00191607 0 1 1
50 11.1212 5.66576e-25 0 1 1
50 11.1212 1.44842e-41 0 1 1
50 11.2469 8.60863e-23 0 1 1
50 11.2469 -1.47136e-25 0 1 1
50 11.2469 0.00737818 0 1 1
50 11.2469 2.19824e-26 0 1 1
50 11.2469 2.77056e-40 0 1 1
50 11.2469 -0.00191607 0 1 1
50 11.2469 5.66576e-25 0 1 1
50 11.2469 1.44842e-41 0 1 1
50 11.3726 8.60863e-23 0 1 1
50 11.3726 -1.47136e-25 0 1 1
50 11.3726 0.00737818 0 1 1
50 11.3726 2.19824e-26 0 1 1
50 11.3726 2.77056e-40 0 1 1
50 11.3726 -0.00191607 0 1 1
50 11.3726 5.66576e-25 0 1 1
50 11.3726 1.44842e-41 0 1 1
50 11.4982 8.60863e-23 0 1 1
50 11.4982 -1.47136e-25 0 1 1
50 11.4982 0.00737818 0 1 1
50 11.4982 2.19824e-26 0 1 1
50 11.4982 2.77056e-40 0 1 1
50 11.4982 -0.00191607 0 1 1
50 11.4982 5.66576e-25 0 1 1
50 11.4982 1.44842e-41 0 1 1
50 11.6239 8.60863e-23 0 1 1
50 11.6239 -1.47136e-25 0 1 1
50 11.6239 0.00737818 0 1 1
50 11.6239 2.19824e-26 0 1 1
50 11.6239 2.77056e-40 0 1 1
50 11.6239 -0.00191607 0 1 1
50 11.6239 5.66576e-25 0 1 1
50 11.6239 1.44842e-41 0 1 1
50 11.7496 8.60863e-23 0 1 1
50 11.7496 -1.47136e-25 0 1 1
50 11.7496 0.00737818 0 1 1
50 11.7496 2.19824e-26 0 1 1
50 11.7496 2.77056e-40 0 1 1
50 11.7496 -0.00191607 0 1 1
50 11.7496 5.66576e-25 0 1 1
50 11.7496 1.44842e-41 0 1 1
50 11.8752 8.60863e-23 0 1 1
50 11.8752 -1.47136e-25 0 1 1
50 11.8752 0.00737818 0 1 1
50 11.8752 2.19824e-26 0 1 1
50 11.8752 2.77056e-40 0 1 1
50 11.8752 -0.00191607 0 1 1
50 11.8752 5.66576e-25 0 1 1
50 11.8752 1.44842e-41 0 1 1
50 12.0009 8.60863e-23 0 1 1
50 12.0009 -1.47136e-25 0 1 1
50 12.0009 0.00737818 0 1 1
50 12.0009 2.19824e-26 0 1 1
50 12.0009 2.77056e-40 0 1 1
50 12.0009 -0.00191607 0 1 1
50 12.0009 5.66576e-25 0 1 1
50 12.0009 1.44842e-41 0 1 1
50 12.1265 8.60863e-23 0 1 1
50 12.1265 -1.47136e-25 0 1 1
50 12.1265 0.00737818 0 1 1
50 12.1265 2.19824e-26 0 1 1
50 12.1265 2.77056e-40 0 1 1
50 12.1265 -0.00191607 0 1 1
50 12.1265 5.66576e-25 0 1 1
50 12.1265 1.44842e-41 0 1 1
50 12.2522 8.60863e-23 0 1 1
50 12.2522 -1.47136e-25 0 1 1
50 12.2522 0.00737818 0 1 1
50 12.2522 2.19824e-26 0 1 1
50 12.2522 2.77056e-40 0 1 1
50 12.2522 -0.00191607 0 1 1
50 12.2522 5.66576e-25 0 1 1
50 12.2522 1.44842e-41 0 1 1
50 12.3779 8.60863e-23 0 1 1
50 12.3779 -1.47136e-25 0 1 1
50 12.3779 0.00737818 0 1 1
50 12.3779 2.19824e-26 0 1 1
50 12.3779 2.77056e-40 0 1 1
50 12.3779 -0.00191607 0 1 1
50 12.3779 5.66576e-25 0 1 1
50 12.3779 1.44842e-41 0 1 1
50 12.5035 8.60863e-23 0 1 1
50 12.5035 -1.47136e-25 0 1 1
50 12.5035 0.00737818 0 1 1
50 12.5035 2.19824e-26 0 1 1
50 12.5035 2.77056e-40 0 1 1
50 12.5035 -0.00191607 0 1 1
50 12.5035 5.66576e-25 0 1 1
50 12.5035 1.44842e-41 0 1 1
