50 0.0628319 -2.15304e-23 -0 1 1
50 0.0628319 -7.74949e-26 -0 1 1
50 0.0628319 -0.00368909 -0 1 1
50 0.0628319 -7.74821e-26 -0 1 1
50 0.0628319 2.01072e-26 -0 1 1
50 0.0628319 0.000958036 -0 1 1
50 0.0628319 2.01072e-26 -0 1 1
50 0.0628319 1.10626e-27 -0 1 1
50 0.188496 -2.15304e-23 -0 1 1
50 0.188496 -7.74949e-26 -0 1 1
50 0.188496 -0.00368909 -0 1 1
50 0.188496 -7.74821e-26 -0 1 1
50 0.188496 2.01072e-26 -0 1 1
50 0.188496 0.000958036 -0 1 1
50 0.188496 2.01072e-26 -0 1 1
50 0.188496 1.10626e-27 -0 1 1
50 0.314159 -2.15304e-23 -0 1 1
50 0.314159 -7.74949e-26 -0 1 1
50 0.314159 -0.00368909 -0 1 1
50 0.314159 -7.74821e-26 -0 1 1
50 0.314159 2.01072e-26 -0 1 1
50 0.314159 0.000958036 -0 1 1
50 0.314159 2.01072e-26 -0 1 1
50 0.314159 1.10626e-27 -0 1 1
50 0.439823 -2.15304e-23 -0 1 1
50 0.439823 -7.74949e-26 -0 1 1
50 0.439823 -0.00368909 -0 1 1
50 0.439823 -7.74821e-26 -0 1 1
50 0.439823 2.01072e-26 -0 1 1
50 0.439823 0.000958036 -0 1 1
50 0.439823 2.01072e-26 -0 1 1
50 0.439823 1.10626e-27 -0 1 1
50 0.565487 -2.15304e-23 -0 1 1
50 0.565487 -7.74949e-26 -0 1 1
50 0.565487 -0.00368909 -0 1 1
50 0.565487 -7.74821e-26 -0 1 1
50 0.565487 2.01072e-26 -0 1 1
50 0.565487 0.000958036 -0 1 1
50 0.565487 2.01072e-26 -0 1 1
50 0.565487 1.10626e-27 -0 1 1
50 0.69115 -2.15304e-23 -0 1 1
50 0.69115 -7.74949e-26 -0 1 1
50 0.69115 -0.00368909 -0 1 1
50 0.69115 -7.74821e-26 -0 1 1
50 0.69115 2.01072e-26 -0 1 1
50 0.69115 0.000958036 -0 1 1
50 0.69115 2.01072e-26 -0 1 1
50 0.69115 1.10626e-27 -0 1 1
50 0.816814 -2.15304e-23 -0 1 1
50 0.816814 -7.74949e-26 -0 1 1
50 0.816814 -0.00368909 -0 1 1
50 0.816814 -7.74821e-26 -0 1 1
50 0.816814 2.01072e-26 -0 1 1
50 0.816814 0.000958036 -0 1 1
50 0.816814 2.01072e-26 -0 1 1
50 0.816814 1.10626e-27 -0 1 1
50 0.942478 -2.15304e-23 -0 1 1
50 0.942478 -7.74949e-26 -0 1 1
50 0.942478 -0.00368909 -0 1 1
50 0.942478 -7.74821e-26 -0 1 1
50 0.942478 2.01072e-26 -0 1 1
50 0.942478 0.000958036 -0 1 1
50 0.942478 2.01072e-26 -0 1 1
50 0.942478 1.10626e-27 -0 1 1
50 1.06814 -2.15304e-23 -0 1 1
50 1.06814 -7.74949e-26 -0 1 1
50 1.06814 -0.00368909 -0 1 1
50 1.06814 -7.74821e-26 -0 1 1
50 1.06814 2.01072e-26 -0 1 1
50 1.06814 0.000958036 -0 1 1
50 1.06814 2.01072e-26 -0 1 1
50 1.06814 1.10626e-27 -0 1 1
50 1.19381 -2.15304e-23 -0 1 1
50 1.19381 -7.74949e-26 -0 1 1
50 1.19381 -0.00368909 -0 1 1
50 1.19381 -7.74821e-26 -0 1 1
50 1.19381 2.01072e-26 -0 1 1
50 1.19381 0.000958036 -0 1 1
50 1.19381 2.01072e-26 -0 1 1
50 1.19381 1.10626e-27 -0 1 1
50 1.31947 -2.15304e-23 -0 1 1
50 1.31947 -7.74949e-26 -0 1 1
50 1.31947 -0.00368909 -0 1 1
50 1.31947 -7.74821e-26 -0 1 1
50 1.31947 2.01072e-26 -0 1 1
50 1.31947 0.000958036 -0 1 1
50 1.31947 2.01072e-26 -0 1 1
50 1.31947 1.10626e-27 -0 1 1
50 1.44513 -2.15304e-23 -0 1 1
50 1.44513 -7.74949e-26 -0 1 1
50 1.44513 -0.00368909 -0 1 1
50 1.44513 -7.74821e-26 -0 1 1
50 1.44513 2.01072e-26 -0 1 1
50 1.44513 0.000958036 -0 1 1
50 1.44513 2.01072e-26 -0 1 1
50 1.44513 1.10626e-27 -0 1 1
50 1.5708 -2.15304e-23 -0 1 1
50 1.5708 -7.74949e-26 -0 1 1
50 1.5708 -0.00368909 -0 1 1
50 1.5708 -7.74821e-26 -0 1 1
50 1.5708 2.01072e-26 -0 1 1
50 1.5708 0.000958036 -0 1 1
50 1.5708 2.01072e-26 -0 1 1
50 1.5708 1.10626e-27 -0 1 1
50 1.69646 -2.15304e-23 -0 1 1
50 1.69646 -7.74949e-26 -0 1 1
50 1.69646 -0.00368909 -0 1 1
50 1.69646 -7.74821e-26 -0 1 1
50 1.69646 2.01072e-26 -0 1 1
50 1.69646 0.000958036 -0 1 1
50 1.69646 2.01072e-26 -0 1 1
50 1.69646 1.10626e-27 -0 1 1
50 1.82212 -2.15304e-23 -0 1 1
50 1.82212 -7.74949e-26 -0 1 1
50 1.82212 -0.00368909 -0 1 1
50 1.82212 -7.74821e-26 -0 1 1
50 1.82212 2.01072e-26 -0 1 1
50 1.82212 0.000958036 -0 1 1
50 1.82212 2.01072e-26 -0 1 1
50 1.82212 1.10626e-27 -0 1 1
50 1.94779 -2.15304e-23 -0 1 1
50 1.94779 -7.74949e-26 -0 1 1
50 1.94779 -0.00368909 -0 1 1
50 1.94779 -7.74821e-26 -0 1 1
50 1.94779 2.01072e-26 -0 1 1
50 1.94779 0.000958036 -0 1 1
50 1.94779 2.01072e-26 -0 1 1
50 1.94779 1.10626e-27 -0 1 1
50 2.07345 -2.15304e-23 -0 1 1
50 2.07345 -7.74949e-26 -0 1 1
50 2.07345 -0.00368909 -0 1 1
50 2.07345 -7.74821e-26 -0 1 1
50 2.07345 2.01072e-26 -0 1 1
50 2.07345 0.000958036 -0 1 1
50 2.07345 2.01072e-26 -0 1 1
50 2.07345 1.10626e-27 -0 1 1
50 2.19911 -2.15304e-23 -0 1 1
50 2.19911 -7.74949e-26 -0 1 1
50 2.19911 -0.00368909 -0 1 1
50 2.19911 -7.74821e-26 -0 1 1
50 2.19911 2.01072e-26 -0 1 1
50 2.19911 0.000958036 -0 1 1
50 2.19911 2.01072e-26 -0 1 1
50 2.19911 1.10626e-27 -0 1 1
50 2.32478 -2.15304e-23 -0 1 1
50 2.32478 -7.74949e-26 -0 1 1
50 2.32478 -0.00368909 -0 1 1
50 2.32478 -7.74821e-26 -0 1 1
50 2.32478 2.01072e-26 -0 1 1
50 2.32478 0.000958036 -0 1 1
50 2.32478 2.01072e-26 -0 1 1
50 2.32478 1.10626e-27 -0 1 1
50 2.45044 -2.15304e-23 -0 1 1
50 2.45044 -7.74949e-26 -0 1 1
50 2.45044 -0.00368909 -0 1 1
50 2.45044 -7.74821e-26 -0 1 1
50 2.45044 2.01072e-26 -0 1 1
50 2.45044 0.000958036 -0 1 1
50 2.45044 2.01072e-26 -0 1 1
50 2.45044 1.10626e-27 -0 1 1
50 2.57611 -2.15304e-23 -0 1 1
50 2.57611 -7.74949e-26 -0 1 1
50 2.57611 -0.00368909 -0 1 1
50 2.57611 -7.74821e-26 -0 1 1
50 2.57611 2.01072e-26 -0 1 1
50 2.57611 0.000958036 -0 1 1
50 2.57611 2.01072e-26 -0 1 1
50 2.57611 1.10626e-27 -0 1 1
50 2.70177 -2.15304e-23 -0 1 1
50 2.70177 -7.74949e-26 -0 1 1
50 2.70177 -0.00368909 -0 1 1
50 2.70177 -7.74821e-26 -0 1 1
50 2.70177 2.01072e-26 -0 1 1
50 2.70177 0.000958036 -0 1 1
50 2.70177 2.01072e-26 -0 1 1
50 2.70177 1.10626e-27 -0 1 1
50 2.82743 -2.15304e-23 -0 1 1
50 2.82743 -7.74949e-26 -0 1 1
50 2.82743 -0.00368909 -0 1 1
50 2.82743 -7.74821e-26 -0 1 1
50 2.82743 2.01072e-26 -0 1 1
50 2.82743 0.000958036 -0 1 1
50 2.82743 2.01072e-26 -0 1 1
50 2.82743 1.10626e-27 -0 1 1
50 2.9531 -2.15304e-23 -0 1 1
50 2.9531 -7.74949e-26 -0 1 1
50 2.9531 -0.00368909 -0 1 1
50 2.9531 -7.74821e-26 -0 1 1
50 2.9531 2.01072e-26 -0 1 1
50 2.9531 0.000958036 -0 1 1
50 2.9531 2.01072e-26 -0 1 1
50 2.9531 1.10626e-27 -0 1 1
50 3.07876 -2.15304e-23 -0 1 1
50 3.07876 -7.74949e-26 -0 1 1
50 3.07876 -0.00368909 -0 1 1
50 3.07876 -7.74821e-26 -0 1 1
50 3.07876 2.01072e-26 -0 1 1
50 3.07876 0.000958036 -0 1 1
50 3.07876 2.01072e-26 -0 1 1
50 3.07876 1.10626e-27 -0 1 1
50 3.20442 -2.15304e-23 -0 1 1
50 3.20442 -7.74949e-26 -0 1 1
50 3.20442 -0.00368909 -0 1 1
50 3.20442 -7.74821e-26 -0 1 1
50 3.20442 2.01072e-26 -0 1 1
50 3.20442 0.000958036 -0 1 1
50 3.20442 2.01072e-26 -0 1 1
50 3.20442 1.10626e-27 -0 1 1
50 3.33009 -2.15304e-23 -0 1 1
50 3.33009 -7.74949e-26 -0 1 1
50 3.33009 -0.00368909 -0 1 1
50 3.33009 -7.74821e-26 -0 1 1
50 3.33009 2.01072e-26 -0 1 1
50 3.33009 0.000958036 -0 1 1
50 3.33009 2.01072e-26 -0 1 1
50 3.33009 1.10626e-27 -0 1 1
50 3.45575 -2.15304e-23 -0 1 1
50 3.45575 -7.74949e-26 -0 1 1
50 3.45575 -0.00368909 -0 1 1
50 3.45575 -7.74821e-26 -0 1 1
50 3.45575 2.01072e-26 -0 1 1
50 3.45575 0.000958036 -0 1 1
50 3.45575 2.01072e-26 -0 1 1
50 3.45575 1.10626e-27 -0 1 1
50 3.58142 -2.15304e-23 -0 1 1
50 3.58142 -7.74949e-26 -0 1 1
50 3.58142 -0.00368909 -0 1 1
50 3.58142 -7.74821e-26 -0 1 1
50 3.58142 2.01072e-26 -0 1 1
50 3.58142 0.000958036 -0 1 1
50 3.58142 2.01072e-26 -0 1 1
50 3.58142 1.10626e-27 -0 1 1
50 3.70708 -2.15304e-23 -0 1 1
50 3.70708 -7.74949e-26 -0 1 1
50 3.70708 -0.00368909 -0 1 1
50 3.70708 -7.74821e-26 -0 1 1
50 3.70708 2.01072e-26 -0 1 1
50 3.70708 0.000958036 -0 1 1
50 3.70708 2.01072e-26 -0 1 1
50 3.70708 1.10626e-27 -0 1 1
50 3.83274 -2.15304e-23 -0 1 1
50 3.83274 -7.74949e-26 -0 1 1
50 3.83274 -0.00368909 -0 1 1
50 3.83274 -7.74821e-26 -0 1 1
50 3.83274 2.01072e-26 -0 1 1
50 3.83274 0.000958036 -0 1 1
50 3.83274 2.01072e-26 -0 1 1
50 3.83274 1.10626e-27 -0 1 1
50 3.95841 -2.15304e-23 -0 1 1
50 3.95841 -7.74949e-26 -0 1 1
50 3.95841 -0.00368909 -0 1 1
50 3.95841 -7.74821e-26 -0 1 1
50 3.95841 2.01072e-26 -0 1 1
50 3.95841 0.000958036 -0 1 1
50 3.95841 2.01072e-26 -0 1 1
50 3.95841 1.10626e-27 -0 1 1
50 4.08407 -2.15304e-23 -0 1 1
50 4.08407 -7.74949e-26 -0 1 1
50 4.08407 -0.00368909 -0 1 1
50 4.08407 -7.74821e-26 -0 1 1
50 4.08407 2.01072e-26 -0 1 1
50 4.08407 0.000958036 -0 1 1
50 4.08407 2.01072e-26 -0 1 1
50 4.08407 1.10626e-27 -0 1 1
50 4.20973 -2.15304e-23 -0 1 1
50 4.20973 -7.74949e-26 -0 1 1
50 4.20973 -0.00368909 -0 1 1
50 4.20973 -7.74821e-26 -0 1 1
50 4.20973 2.01072e-26 -0 1 1
50 4.20973 0.000958036 -0 1 1
50 4.20973 2.01072e-26 -0 1 1
50 4.20973 1.10626e-27 -0 1 1
50 4.3354 -2.15304e-23 -0 1 1
50 4.3354 -7.74949e-26 -0 1 1
50 4.3354 -0.00368909 -0 1 1
50 4.3354 -7.74821e-26 -0 1 1
50 4.3354 2.01072e-26 -0 1 1
50 4.3354 0.000958036 -0 1 1
50 4.3354 2.01072e-26 -0 1 1
50 4.3354 1.10626e-27 -0 1 1
50 4.46106 -2.15304e-23 -0 1 1
50 4.46106 -7.74949e-26 -0 1 1
50 4.46106 -0.00368909 -0 1 1
50 4.46106 -7.74821e-26 -0 1 1
50 4.46106 2.01072e-26 -0 1 1
50 4.46106 0.000958036 -0 1 1
50 4.46106 2.01072e-26 -0 1 1
50 4.46106 1.10626e-27 -0 1 1
50 4.58673 -2.15304e-23 -0 1 1
50 4.58673 -7.74949e-26 -0 1 1
50 4.58673 -0.00368909 -0 1 1
50 4.58673 -7.74821e-26 -0 1 1
50 4.58673 2.01072e-26 -0 1 1
50 4.58673 0.000958036 -0 1 1
50 4.58673 2.01072e-26 -0 1 1
50 4.58673 1.10626e-27 -0 1 1
50 4.71239 -2.15304e-23 -0 1 1
50 4.71239 -7.74949e-26 -0 1 1
50 4.71239 -0.00368909 -0 1 1
50 4.71239 -7.74821e-26 -0 1 1
50 4.71239 2.01072e-26 -0 1 1
50 4.71239 0.000958036 -0 1 1
50 4.71239 2.01072e-26 -0 1 1
50 4.71239 1.10626e-27 -0 1 1
50 4.83805 -2.15304e-23 -0 1 1
50 4.83805 -7.74949e-26 -0 1 1
50 4.83805 -0.00368909 -0 1 1
50 4.83805 -7.74821e-26 -0 1 1
50 4.83805 2.01072e-26 -0 1 1
50 4.83805 0.000958036 -0 1 1
50 4.83805 2.01072e-26 -0 1 1
50 4.83805 1.10626e-27 -0 1 1
50 4.96372 -2.15304e-23 -0 1 1
50 4.96372 -7.74949e-26 -0 1 1
50 4.96372 -0.00368909 -0 1 1
50 4.96372 -7.74821e-26 -0 1 1
50 4.96372 2.01072e-26 -0 1 1
50 4.96372 0.000958036 -0 1 1
50 4.96372 2.01072e-26 -0 1 1
50 4.96372 1.10626e-27 -0 1 1
50 5.08938 -2.15304e-23 -0 1 1
50 5.08938 -7.74949e-26 -0 1 1
50 5.08938 -0.00368909 -0 1 1
50 5.08938 -7.74821e-26 -0 1 1
50 5.08938 2.01072e-26 -0 1 1
50 5.08938 0.000958036 -0 1 1
50 5.08938 2.01072e-26 -0 1 1
50 5.08938 1.10626e-27 -0 1 1
50 5.21504 -2.15304e-23 -0 1 1
50 5.21504 -7.74949e-26 -0 1 1
50 5.21504 -0.00368909 -0 1 1
50 5.21504 -7.74821e-26 -0 1 1
50 5.21504 2.01072e-26 -0 1 1
50 5.21504 0.000958036 -0 1 1
50 5.21504 2.01072e-26 -0 1 1
50 5.21504 1.10626e-27 -0 1 1
50 5.34071 -2.15304e-23 -0 1 1
50 5.34071 -7.74949e-26 -0 1 1
50 5.34071 -0.00368909 -0 1 1
50 5.34071 -7.74821e-26 -0 1 1
50 5.34071 2.01072e-26 -0 1 1
50 5.34071 0.000958036 -0 1 1
50 5.34071 2.01072e-26 -0 1 1
50 5.34071 1.10626e-27 -0 1 1
50 5.46637 -2.15304e-23 -0 1 1
50 5.46637 -7.74949e-26 -0 1 1
50 5.46637 -0.00368909 -0 1 1
50 5.46637 -7.74821e-26 -0 1 1
50 5.46637 2.01072e-26 -0 1 1
50 5.46637 0.000958036 -0 1 1
50 5.46637 2.01072e-26 -0 1 1
50 5.46637 1.10626e-27 -0 1 1
50 5.59203 -2.15304e-23 -0 1 1
50 5.59203 -7.74949e-26 -0 1 1
50 5.59203 -0.00368909 -0 1 1
50 5.59203 -7.74821e-26 -0 1 1
50 5.59203 2.01072e-26 -0 1 1
50 5.59203 0.000958036 -0 1 1
50 5.59203 2.01072e-26 -0 1 1
50 5.59203 1.10626e-27 -0 1 1
50 5.7177 -2.15304e-23 -0 1 1
50 5.7177 -7.74949e-26 -0 1 1
50 5.7177 -0.00368909 -0 1 1
50 5.7177 -7.74821e-26 -0 1 1
50 5.7177 2.01072e-26 -0 1 1
50 5.7177 0.000958036 -0 1 1
50 5.7177 2.01072e-26 -0 1 1
50 5.7177 1.10626e-27 -0 1 1
50 5.84336 -2.15304e-23 -0 1 1
50 5.84336 -7.74949e-26 -0 1 1
50 5.84336 -0.00368909 -0 1 1
50 5.84336 -7.74821e-26 -0 1 1
50 5.84336 2.01072e-26 -0 1 1
50 5.84336 0.000958036 -0 1 1
50 5.84336 2.01072e-26 -0 1 1
50 5.84336 1.10626e-27 -0 1 1
50 5.96903 -2.15304e-23 -0 1 1
50 5.96903 -7.74949e-26 -0 1 1
50 5.96903 -0.00368909 -0 1 1
50 5.96903 -7.74821e-26 -0 1 1
50 5.96903 2.01072e-26 -0 1 1
50 5.96903 0.000958036 -0 1 1
50 5.96903 2.01072e-26 -0 1 1
50 5.96903 1.10626e-27 -0 1 1
50 6.09469 -2.15304e-23 -0 1 1
50 6.09469 -7.74949e-26 -0 1 1
50 6.09469 -0.00368909 -0 1 1
50 6.09469 -7.74821e-26 -0 1 1
50 6.09469 2.01072e-26 -0 1 1
50 6.09469 0.000958036 -0 1 1
50 6.09469 2.01072e-26 -0 1 1
50 6.09469 1.10626e-27 -0 1 1
50 6.22035 -2.15304e-23 -0 1 1
50 6.22035 -7.74949e-26 -0 1 1
50 6.22035 -0.00368909 -0 1 1
50 6.22035 -7.74821e-26 -0 1 1
50 6.22035 2.01072e-26 -0 1 1
50 6.22035 0.000958036 -0 1 1
50 6.22035 2.01072e-26 -0 1 1
50 6.22035 1.10626e-27 -0 1 1
50 6.34602 -2.15304e-23 -0 1 1
50 6.34602 -7.74949e-26 -0 1 1
50 6.34602 -0.00368909 -0 1 1
50 6.34602 -7.74821e-26 -0 1 1
50 6.34602 2.01072e-26 -0 1 1
50 6.34602 0.000958036 -0 1 1
50 6.34602 2.01072e-26 -0 1 1
50 6.34602 1.10626e-27 -0 1 1
50 6.47168 -2.15304e-23 -0 1 1
50 6.47168 -7.74949e-26 -0 1 1
50 6.47168 -0.00368909 -0 1 1
50 6.47168 -7.74821e-26 -0 1 1
50 6.47168 2.01072e-26 -0 1 1
50 6.47168 0.000958036 -0 1 1
50 6.47168 2.01072e-26 -0 1 1
50 6.47168 1.10626e-27 -0 1 1
50 6.59734 -2.15304e-23 -0 1 1
50 6.59734 -7.74949e-26 -0 1 1
50 6.59734 -0.00368909 -0 1 1
50 6.59734 -7.74821e-26 -0 1 1
50 6.59734 2.01072e-26 -0 1 1
50 6.59734 0.000958036 -0 1 1
50 6.59734 2.01072e-26 -0 1 1
50 6.59734 1.10626e-27 -0 1 1
50 6.72301 -2.15304e-23 -0 1 1
50 6.72301 -7.74949e-26 -0 1 1
50 6.72301 -0.00368909 -0 1 1
50 6.72301 -7.74821e-26 -0 1 1
50 6.72301 2.01072e-26 -0 1 1
50 6.72301 0.000958036 -0 1 1
50 6.72301 2.01072e-26 -0 1 1
50 6.72301 1.10626e-27 -0 1 1
50 6.84867 -2.15304e-23 -0 1 1
50 6.84867 -7.74949e-26 -0 1 1
50 6.84867 -0.00368909 -0 1 1
50 6.84867 -7.74821e-26 -0 1 1
50 6.84867 2.01072e-26 -0 1 1
50 6.84867 0.000958036 -0 1 1
50 6.84867 2.01072e-26 -0 1 1
50 6.84867 1.10626e-27 -0 1 1
50 6.97434 -2.15304e-23 -0 1 1
50 6.97434 -7.74949e-26 -0 1 1
50 6.97434 -0.00368909 -0 1 1
50 6.97434 -7.74821e-26 -0 1 1
50 6.97434 2.01072e-26 -0 1 1
50 6.97434 0.000958036 -0 1 1
50 6.97434 2.01072e-26 -0 1 1
50 6.97434 1.10626e-27 -0 1 1
50 7.1 -2.15304e-23 -0 1 1
50 7.1 -7.74949e-26 -0 1 1
50 7.1 -0.00368909 -0 1 1
50 7.1 -7.74821e-26 -0 1 1
50 7.1 2.01072e-26 -0 1 1
50 7.1 0.000958036 -0 1 1
50 7.1 2.01072e-26 -0 1 1
50 7.1 1.10626e-27 -0 1 1
50 7.22566 -2.15304e-23 -0 1 1
50 7.22566 -7.74949e-26 -0 1 1
50 7.22566 -0.00368909 -0 1 1
50 7.22566 -7.74821e-26 -0 1 1
50 7.22566 2.01072e-26 -0 1 1
50 7.22566 0.000958036 -0 1 1
50 7.22566 2.01072e-26 -0 1 1
50 7.22566 1.10626e-27 -0 1 1
50 7.35133 -2.15304e-23 -0 1 1
50 7.35133 -7.74949e-26 -0 1 1
50 7.35133 -0.00368909 -0 1 1
50 7.35133 -7.74821e-26 -0 1 1
50 7.35133 2.01072e-26 -0 1 1
50 7.35133 0.000958036 -0 1 1
50 7.35133 2.01072e-26 -0 1 1
50 7.35133 1.10626e-27 -0 1 1
50 7.47699 -2.15304e-23 -0 1 1
50 7.47699 -7.74949e-26 -0 1 1
50 7.47699 -0.00368909 -0 1 1
50 7.47699 -7.74821e-26 -0 1 1
50 7.47699 2.01072e-26 -0 1 1
50 7.47699 0.000958036 -0 1 1
50 7.47699 2.01072e-26 -0 1 1
50 7.47699 1.10626e-27 -0 1 1
50 7.60265 -2.15304e-23 -0 1 1
50 7.60265 -7.74949e-26 -0 1 1
50 7.60265 -0.00368909 -0 1 1
50 7.60265 -7.74821e-26 -0 1 1
50 7.60265 2.01072e-26 -0 1 1
50 7.60265 0.000958036 -0 1 1
50 7.60265 2.01072e-26 -0 1 1
50 7.60265 1.10626e-27 -0 1 1
50 7.72832 -2.15304e-23 -0 1 1
50 7.72832 -7.74949e-26 -0 1 1
50 7.72832 -0.00368909 -0 1 1
50 7.72832 -7.74821e-26 -0 1 1
50 7.72832 2.01072e-26 -0 1 1
50 7.72832 0.000958036 -0 1 1
50 7.72832 2.01072e-26 -0 1 1
50 7.72832 1.10626e-27 -0 1 1
50 7.85398 -2.15304e-23 -0 1 1
50 7.85398 -7.74949e-26 -0 1 1
50 7.85398 -0.00368909 -0 1 1
50 7.85398 -7.74821e-26 -0 1 1
50 7.85398 2.01072e-26 -0 1 1
50 7.85398 0.000958036 -0 1 1
50 7.85398 2.01072e-26 -0 1 1
50 7.85398 1.10626e-27 -0 1 1
50 7.97965 -2.15304e-23 -0 1 1
50 7.97965 -7.74949e-26 -0 1 1
50 7.97965 -0.00368909 -0 1 1
50 7.97965 -7.74821e-26 -0 1 1
50 7.97965 2.01072e-26 -0 1 1
50 7.97965 0.000958036 -0 1 1
50 7.97965 2.01072e-26 -0 1 1
50 7.97965 1.10626e-27 -0 1 1
50 8.10531 -2.15304e-23 -0 1 1
50 8.10531 -7.74949e-26 -0 1 1
50 8.10531 -0.00368909 -0 1 1
50 8.10531 -7.74821e-26 -0 1 1
50 8.10531 2.01072e-26 -0 1 1
50 8.10531 0.000958036 -0 1 1
50 8.10531 2.01072e-26 -0 1 1
50 8.10531 1.10626e-27 -0 1 1
50 8.23097 -2.15304e-23 -0 1 1
50 8.23097 -7.74949e-26 -0 1 1
50 8.23097 -0.00368909 -0 1 1
50 8.23097 -7.74821e-26 -0 1 1
50 8.23097 2.01072e-26 -0 1 1
50 8.23097 0.000958036 -0 1 1
50 8.23097 2.01072e-26 -0 1 1
50 8.23097 1.10626e-27 -0 1 1
50 8.35664 -2.15304e-23 -0 1 1
50 8.35664 -7.74949e-26 -0 1 1
50 8.35664 -0.00368909 -0 1 1
50 8.35664 -7.74821e-26 -0 1 1
50 8.35664 2.01072e-26 -0 1 1
50 8.35664 0.000958036 -0 1 1
50 8.35664 2.01072e-26 -0 1 1
50 8.35664 1.10626e-27 -0 1 1
50 8.4823 -2.15304e-23 -0 1 1
50 8.4823 -7.74949e-26 -0 1 1
50 8.4823 -0.00368909 -0 1 1
50 8.4823 -7.74821e-26 -0 1 1
50 8.4823 2.01072e-26 -0 1 1
50 8.4823 0.000958036 -0 1 1
50 8.4823 2.01072e-26 -0 1 1
50 8.4823 1.10626e-27 -0 1 1
50 8.60796 -2.15304e-23 -0 1 1
50 8.60796 -7.74949e-26 -0 1 1
50 8.60796 -0.00368909 -0 1 1
50 8.60796 -7.74821e-26 -0 1 1
50 8.60796 2.01072e-26 -0 1 1
50 8.60796 0.000958036 -0 1 1
50 8.60796 2.01072e-26 -0 1 1
50 8.60796 1.10626e-27 -0 1 1
50 8.73363 -2.15304e-23 -0 1 1
50 8.73363 -7.74949e-26 -0 1 1
50 8.73363 -0.00368909 -0 1 1
50 8.73363 -7.74821e-26 -0 1 1
50 8.73363 2.01072e-26 -0 1 1
50 8.73363 0.000958036 -0 1 1
50 8.73363 2.01072e-26 -0 1 1
50 8.73363 1.10626e-27 -0 1 1
50 8.85929 -2.15304e-23 -0 1 1
50 8.85929 -7.74949e-26 -0 1 1
50 8.85929 -0.00368909 -0 1 1
50 8.85929 -7.74821e-26 -0 1 1
50 8.85929 2.01072e-26 -0 1 1
50 8.85929 0.000958036 -0 1 1
50 8.85929 2.01072e-26 -0 1 1
50 8.85929 1.10626e-27 -0 1 1
50 8.98495 -2.15304e-23 -0 1 1
50 8.98495 -7.74949e-26 -0 1 1
50 8.98495 -0.00368909 -0 1 1
50 8.98495 -7.74821e-26 -0 1 1
50 8.98495 2.01072e-26 -0 1 1
50 8.98495 0.000958036 -0 1 1
50 8.98495 2.01072e-26 -0 1 1
50 8.98495 1.10626e-27 -0 1 1
50 9.11062 -2.15304e-23 -0 1 1
50 9.11062 -7.74949e-26 -0 1 1
50 9.11062 -0.00368909 -0 1 1
50 9.11062 -7.74821e-26 -0 1 1
50 9.11062 2.01072e-26 -0 1 1
50 9.11062 0.000958036 -0 1 1
50 9.11062 2.01072e-26 -0 1 1
50 9.11062 1.10626e-27 -0 1 1
50 9.23628 -2.15304e-23 -0 1 1
50 9.23628 -7.74949e-26 -0 1 1
50 9.23628 -0.00368909 -0 1 1
50 9.23628 -7.74821e-26 -0 1 1
50 9.23628 2.01072e-26 -0 1 1
50 9.23628 0.000958036 -0 1 1
50 9.23628 2.01072e-26 -0 1 1
50 9.23628 1.10626e-27 -0 1 1
50 9.36195 -2.15304e-23 -0 1 1
50 9.36195 -7.74949e-26 -0 1 1
50 9.36195 -0.00368909 -0 1 1
50 9.36195 -7.74821e-26 -0 1 1
50 9.36195 2.01072e-26 -0 1 1
50 9.36195 0.000958036 -0 1 1
50 9.36195 2.01072e-26 -0 1 1
50 9.36195 1.10626e-27 -0 1 1
50 9.48761 -2.15304e-23 -0 1 1
50 9.48761 -7.74949e-26 -0 1 1
50 9.48761 -0.00368909 -0 1 1
50 9.48761 -7.74821e-26 -0 1 1
50 9.48761 2.01072e-26 -0 1 1
50 9.48761 0.000958036 -0 1 1
50 9.48761 2.01072e-26 -0 1 1
50 9.48761 1.10626e-27 -0 1 1
50 9.61327 -2.15304e-23 -0 1 1
50 9.61327 -7.74949e-26 -0 1 1
50 9.61327 -0.00368909 -0 1 1
50 9.61327 -7.74821e-26 -0 1 1
50 9.61327 2.01072e-26 -0 1 1
50 9.61327 0.000958036 -0 1 1
50 9.61327 2.01072e-26 -0 1 1
50 9.61327 1.10626e-27 -0 1 1
50 9.73894 -2.15304e-23 -0 1 1
50 9.73894 -7.74949e-26 -0 1 1
50 9.73894 -0.00368909 -0 1 1
50 9.73894 -7.74821e-26 -0 1 1
50 9.73894 2.01072e-26 -0 1 1
50 9.73894 0.000958036 -0 1 1
50 9.73894 2.01072e-26 -0 1 1
50 9.73894 1.10626e-27 -0 1 1
50 9.8646 -2.15304e-23 -0 1 1
50 9.8646 -7.74949e-26 -0 1 1
50 9.8646 -0.00368909 -0 1 1
50 9.8646 -7.74821e-26 -0 1 1
50 9.8646 2.01072e-26 -0 1 1
50 9.8646 0.000958036 -0 1 1
50 9.8646 2.01072e-26 -0 1 1
50 9.8646 1.10626e-27 -0 1 1
50 9.99026 -2.15304e-23 -0 1 1
50 9.99026 -7.74949e-26 -0 1 1
50 9.99026 -0.00368909 -0 1 1
50 9.99026 -7.74821e-26 -0 1 1
50 9.99026 2.01072e-26 -0 1 1
50 9.99026 0.000958036 -0 1 1
50 9.99026 2.01072e-26 -0 1 1
50 9.99026 1.10626e-27 -0 1 1
50 10.1159 -2.15304e-23 -0 1 1
50 10.1159 -7.74949e-26 -0 1 1
50 10.1159 -0.00368909 -0 1 1
50 10.1159 -7.74821e-26 -0 1 1
50 10.1159 2.01072e-26 -0 1 1
50 10.1159 0.000958036 -0 1 1
50 10.1159 2.01072e-26 -0 1 1
50 10.1159 1.10626e-27 -0 1 1
50 10.2416 -2.15304e-23 -0 1 1
50 10.2416 -7.74949e-26 -0 1 1
50 10.2416 -0.00368909 -0 1 1
50 10.2416 -7.74821e-26 -0 1 1
50 10.2416 2.01072e-26 -0 1 1
50 10.2416 0.000958036 -0 1 1
50 10.2416 2.01072e-26 -0 1 1
50 10.2416 1.10626e-27 -0 1 1
50 10.3673 -2.15304e-23 -0 1 1
50 10.3673 -7.74949e-26 -0 1 1
50 10.3673 -0.00368909 -0 1 1
50 10.3673 -7.74821e-26 -0 1 1
50 10.3673 2.01072e-26 -0 1 1
50 10.3673 0.000958036 -0 1 1
50 10.3673 2.01072e-26 -0 1 1
50 10.3673 1.10626e-27 -0 1 1
50 10.4929 -2.15304e-23 -0 1 1
50 10.4929 -7.74949e-26 -0 1 1
50 10.4929 -0.00368909 -0 1 1
50 10.4929 -7.74821e-26 -0 1 1
50 10.4929 2.01072e-26 -0 1 1
50 10.4929 0.000958036 -0 1 1
50 10.4929 2.01072e-26 -0 1 1
50 10.4929 1.10626e-27 -0 1 1
50 10.6186 -2.15304e-23 -0 1 1
50 10.6186 -7.74949e-26 -0 1 1
50 10.6186 -0.00368909 -0 1 1
50 10.6186 -7.74821e-26 -0 1 1
50 10.6186 2.01072e-26 -0 1 1
50 10.6186 0.000958036 -0 1 1
50 10.6186 2.01072e-26 -0 1 1
50 10.6186 1.10626e-27 -0 1 1
50 10.7442 -2.15304e-23 -0 1 1
50 10.7442 -7.74949e-26 -0 1 1
50 10.7442 -0.00368909 -0 1 1
50 10.7442 -7.74821e-26 -0 1 1
50 10.7442 2.01072e-26 -0 1 1
50 10.7442 0.000958036 -0 1 1
50 10.7442 2.01072e-26 -0 1 1
50 10.7442 1.10626e-27 -0 1 1
50 10.8699 -2.15304e-23 -0 1 1
50 10.8699 -7.74949e-26 -0 1 1
50 10.8699 -0.00368909 -0 1 1
50 10.8699 -7.74821e-26 -0 1 1
50 10.8699 2.01072e-26 -0 1 1
50 10.8699 0.000958036 -0 1 1
50 10.8699 2.01072e-26 -0 1 1
50 10.8699 1.10626e-27 -0 1 1
50 10.9956 -2.15304e-23 -0 1 1
50 10.9956 -7.74949e-26 -0 1 1
50 10.9956 -0.00368909 -0 1 1
50 10.9956 -7.74821e-26 -0 1 1
50 10.9956 2.01072e-26 -0 1 1
50 10.9956 0.000958036 -0 1 1
50 10.9956 2.01072e-26 -0 1 1
50 10.9956 1.10626e-27 -0 1 1
50 11.1212 -2.15304e-23 -0 1 1
50 11.1212 -7.74949e-26 -0 1 1
50 11.1212 -0.00368909 -0 1 1
50 11.1212 -7.74821e-26 -0 1 1
50 11.1212 2.01072e-26 -0 1 1
50 11.1212 0.000958036 -0 1 1
50 11.1212 2.01072e-26 -0 1 1
50 11.1212 1.10626e-27 -0 1 1
50 11.2469 -2.15304e-23 -0 1 1
50 11.2469 -7.74949e-26 -0 1 1
50 11.2469 -0.00368909 -0 1 1
50 11.2469 -7.74821e-26 -0 1 1
50 11.2469 2.01072e-26 -0 1 1
50 11.2469 0.000958036 -0 1 1
50 11.2469 2.01072e-26 -0 1 1
50 11.2469 1.10626e-27 -0 1 1
50 11.3726 -2.15304e-23 -0 1 1
50 11.3726 -7.74949e-26 -0 1 1
50 11.3726 -0.00368909 -0 1 1
50 11.3726 -7.74821e-26 -0 1 1
50 11.3726 2.01072e-26 -0 1 1
50 11.3726 0.000958036 -0 1 1
50 11.3726 2.01072e-26 -0 1 1
50 11.3726 1.10626e-27 -0 1 1
50 11.4982 -2.15304e-23 -0 1 1
50 11.4982 -7.74949e-26 -0 1 1
50 11.4982 -0.00368909 -0 1 1
50 11.4982 -7.74821e-26 -0 1 1
50 11.4982 2.01072e-26 -0 1 1
50 11.4982 0.000958036 -0 1 1
50 11.4982 2.01072e-26 -0 1 1
50 11.4982 1.10626e-27 -0 1 1
50 11.6239 -2.15304e-23 -0 1 1
50 11.6239 -7.74949e-26 -0 1 1
50 11.6239 -0.00368909 -0 1 1
50 11.6239 -7.74821e-26 -0 1 1
50 11.6239 2.01072e-26 -0 1 1
50 11.6239 0.000958036 -0 1 1
50 11.6239 2.01072e-26 -0 1 1
50 11.6239 1.10626e-27 -0 1 1
50 11.7496 -2.15304e-23 -0 1 1
50 11.7496 -7.74949e-26 -0 1 1
50 11.7496 -0.00368909 -0 1 1
50 11.7496 -7.74821e-26 -0 1 1
50 11.7496 2.01072e-26 -0 1 1
50 11.7496 0.000958036 -0 1 1
50 11.7496 2.01072e-26 -0 1 1
50 11.7496 1.10626e-27 -0 1 1
50 11.8752 -2.15304e-23 -0 1 1
50 11.8752 -7.74949e-26 -0 1 1
50 11.8752 -0.00368909 -0 1 1
50 11.8752 -7.74821e-26 -0 1 1
50 11.8752 2.01072e-26 -0 1 1
50 11.8752 0.000958036 -0 1 1
50 11.8752 2.01072e-26 -0 1 1
50 11.8752 1.10626e-27 -0 1 1
50 12.0009 -2.15304e-23 -0 1 1
50 12.0009 -7.74949e-26 -0 1 1
50 12.0009 -0.00368909 -0 1 1
50 12.0009 -7.74821e-26 -0 1 1
50 12.0009 2.01072e-26 -0 1 1
50 12.0009 0.000958036 -0 1 1
50 12.0009 2.01072e-26 -0 1 1
50 12.0009 1.10626e-27 -0 1 1
50 12.1265 -2.15304e-23 -0 1 1
50 12.1265 -7.74949e-26 -0 1 1
50 12.1265 -0.00368909 -0 1 1
50 12.1265 -7.74821e-26 -0 1 1
50 12.1265 2.01072e-26 -0 1 1
50 12.1265 0.000958036 -0 1 1
50 12.1265 2.01072e-26 -0 1 1
50 12.1265 1.10626e-27 -0 1 1
50 12.2522 -2.15304e-23 -0 1 1
50 12.2522 -7.74949e-26 -0 1 1
50 12.2522 -0.00368909 -0 1 1
50 12.2522 -7.74821e-26 -0 1 1
50 12.2522 2.01072e-26 -0 1 1
50 12.2522 0.000958036 -0 1 1
50 12.2522 2.01072e-26 -0 1 1
50 12.2522 1.10626e-27 -0 1 1
50 12.3779 -2.15304e-23 -0 1 1
50 12.3779 -7.74949e-26 -0 1 1
50 12.3779 -0.00368909 -0 1 1
50 12.3779 -7.74821e-26 -0 1 1
50 12.3779 2.01072e-26 -0 1 1
50 12.3779 0.000958036 -0 1 1
50 12.3779 2.01072e-26 -0 1 1
50 12.3779 1.10626e-27 -0 1 1
50 12.5035 -2.15304e-23 -0 1 1
50 12.5035 -7.74949e-26 -0 1 1
50 12.5035 -0.00368909 -0 1 1
50 12.5035 -7.74821e-26 -0 1 1
50 12.5035 2.01072e-26 -0 1 1
50 12.5035 0.000958036 -0 1 1
50 12.5035 2.01072e-26 -0 1 1
50 12.5035 1.10626e-27 -0 1 1
