50 0.0628319 -3.03437e-16 -7.58592e-17 1 1
50 0.0628319 -0.0118809 -0.000779816 1 1
50 0.0628319 -0.00913132 -0.000299349 1 1
50 0.0628319 3.19752e-19 -7.9938e-20 1 1
50 0.0628319 4.35669e-16 -9.5094e-17 1 1
50 0.0628319 -0.00913132 -0.000299349 1 1
50 0.0628319 5.54287e-15 -1.21012e-15 1 1
50 0.0628319 4.04212e-29 -4.36006e-30 1 1
50 0.188496 -2.03182e-29 1.91532e-29 1 1
50 0.188496 -0.0115789 -0.00229977 1 1
50 0.188496 -0.00905356 -0.000890399 1 1
50 0.188496 2.63085e-27 -1.59876e-19 1 1
50 0.188496 3.30938e-16 -2.39233e-16 1 1
50 0.188496 -0.00905356 -0.000890399 1 1
50 0.188496 4.21216e-15 -3.04441e-15 1 1
50 0.188496 3.70154e-29 -1.19781e-29 1 1
50 0.314159 1.78387e-29 -1.51718e-16 1 1
50 0.314159 -0.011 -0.00370566 1 1
50 0.314159 -0.00890196 -0.00145915 1 1
50 0.314159 2.25145e-27 -1.21427e-27 1 1
50 0.314159 1.91973e-16 -2.92013e-16 1 1
50 0.314159 -0.00890196 -0.00145915 1 1
50 0.314159 2.43979e-15 -3.71443e-15 1 1
50 0.314159 3.16773e-29 -1.70845e-29 1 1
50 0.439823 8.20188e-30 -1.51718e-16 1 1
50 0.439823 -0.0101901 -0.00493681 1 1
50 0.439823 -0.00868384 -0.00199275 1 1
50 0.439823 -3.9969e-20 1.59876e-19 1 1
50 0.439823 7.86635e-17 -2.76334e-16 1 1
50 0.439823 -0.00868384 -0.00199275 1 1
50 0.439823 1.00033e-15 -3.51557e-15 1 1
50 0.439823 2.60436e-29 -1.96645e-29 1 1
50 0.565487 4.7412e-18 1.51718e-16 1 1
50 0.565487 -0.00920869 -0.00595207 1 1
50 0.565487 -0.00840911 -0.00248106 1 1
50 0.565487 4.99613e-21 -1.45253e-27 1 1
50 0.565487 6.88219e-18 -2.32139e-16 1 1
50 0.565487 -0.00840911 -0.00248106 1 1
50 0.565487 8.75884e-17 -2.95263e-15 1 1
50 0.565487 2.10516e-29 -2.04368e-29 1 1
50 0.69115 1.89648e-17 -1.51718e-16 1 1
50 0.69115 -0.00812015 -0.00673179 1 1
50 0.69115 -0.00808922 -0.00291704 1 1
50 0.69115 1.20703e-27 -1.43217e-27 1 1
50 0.69115 -3.17337e-17 -1.84645e-16 1 1
50 0.69115 -0.00808922 -0.00291704 1 1
50 0.69115 -4.03528e-16 -2.34726e-15 1 1
50 0.69115 1.69826e-29 -2.01503e-29 1 1
50 0.816814 -3.81656e-30 7.58592e-17 1 1
50 0.816814 -0.00698626 -0.00727628 1 1
50 0.816814 -0.00773607 -0.00329691 1 1
50 0.816814 3.9969e-20 -1.3739e-27 1 1
50 0.816814 -4.95418e-17 -1.43783e-16 1 1
50 0.816814 -0.00773607 -0.00329691 1 1
50 0.816814 -6.30072e-16 -1.82955e-15 1 1
50 0.816814 1.37852e-29 -1.93304e-29 1 1
50 0.942478 -3.79296e-17 7.58592e-17 1 1
50 0.942478 -0.00586032 -0.00760164 1 1
50 0.942478 -0.00736115 -0.00361977 1 1
50 0.942478 8.03326e-28 7.9938e-20 1 1
50 0.942478 -5.57603e-17 -1.11528e-16 1 1
50 0.942478 -0.00736115 -0.00361977 1 1
50 0.942478 -7.09922e-16 -1.41773e-15 1 1
50 0.942478 1.13026e-29 -1.82875e-29 1 1
50 1.06814 -3.79296e-17 7.58592e-17 1 1
50 1.06814 -0.00478406 -0.00773466 1 1
50 1.06814 -0.00697483 -0.00388711 1 1
50 1.06814 -3.9969e-20 -7.9938e-20 1 1
50 1.06814 -5.59999e-17 -8.69308e-17 1 1
50 1.06814 -0.00697483 -0.00388711 1 1
50 1.06814 -7.12901e-16 -1.10573e-15 1 1
50 1.06814 9.37334e-30 -1.71881e-29 1 1
50 1.19381 3.79296e-17 -3.79296e-17 1 1
50 1.19381 -0.00378676 -0.00770762 1 1
50 1.19381 -0.00658599 -0.00410221 1 1
50 1.19381 -3.9969e-20 -1.14541e-27 1 1
50 1.19381 -5.33854e-17 -6.83764e-17 1 1
50 1.19381 -0.00658599 -0.00410221 1 1
50 1.19381 -6.79842e-16 -8.70053e-16 1 1
50 1.19381 7.86337e-30 -1.61156e-29 1 1
50 1.31947 3.79296e-17 3.79296e-17 1 1
50 1.31947 -0.00288617 -0.0075541 1 1
50 1.31947 -0.00620182 -0.00426955 1 1
50 1.31947 4.74036e-28 3.9969e-20 1 1
50 1.31947 -4.95767e-17 -5.43688e-17 1 1
50 1.31947 -0.00620182 -0.00426955 1 1
50 1.31947 -6.3069e-16 -6.91233e-16 1 1
50 1.31947 6.66957e-30 -1.51078e-29 1 1
50 1.44513 1.2571e-29 -3.79296e-17 1 1
50 1.44513 -0.00209043 -0.00730591 1 1
50 1.44513 -0.00582788 -0.00439423 1 1
50 1.44513 4.06201e-28 -1.00775e-27 1 1
50 1.44513 -4.54254e-17 -4.37237e-17 1 1
50 1.44513 -0.00582788 -0.00439423 1 1
50 1.44513 -5.77891e-16 -5.56056e-16 1 1
50 1.44513 5.71514e-30 -1.41788e-29 1 1
50 1.5708 3.79296e-17 1.11493e-30 1 1
50 1.5708 -0.00140032 -0.00699124 1 1
50 1.5708 -0.0054682 -0.00448155 1 1
50 1.5708 -3.9969e-20 1.99845e-20 1 1
50 1.5708 -4.135e-17 -3.55574e-17 1 1
50 1.5708 -0.0054682 -0.00448155 1 1
50 1.5708 -5.25978e-16 -4.52054e-16 1 1
50 1.5708 4.94342e-30 -1.33307e-29 1 1
50 1.69646 -1.89648e-17 1.89648e-17 1 1
50 1.69646 -0.000811465 -0.00663381 1 1
50 1.69646 -0.00512551 -0.00453675 1 1
50 1.69646 -1.99845e-20 -8.92682e-28 1 1
50 1.69646 -3.75411e-17 -2.9226e-17 1 1
50 1.69646 -0.00512551 -0.00453675 1 1
50 1.69646 -4.77731e-16 -3.71547e-16 1 1
50 1.69646 4.31256e-30 -1.25598e-29 1 1
50 1.82212 1.89648e-17 -2.22983e-30 1 1
50 1.82212 -0.000316276 -0.00625273 1 1
50 1.82212 -0.00480146 -0.00456473 1 1
50 1.82212 2.69478e-28 1.99845e-20 1 1
50 1.82212 -3.40711e-17 -2.42635e-17 1 1
50 1.82212 -0.00480146 -0.00456473 1 1
50 1.82212 -4.3338e-16 -3.08374e-16 1 1
50 1.82212 3.79149e-30 -1.18602e-29 1 1
50 1.94779 -1.89648e-17 1.89648e-17 1 1
50 1.94779 9.45756e-05 -0.00586277 1 1
50 1.94779 -0.00449684 -0.00456997 1 1
50 1.94779 2.38591e-28 -1.99845e-20 1 1
50 1.94779 -3.09531e-17 -2.03319e-17 1 1
50 1.94779 -0.00449684 -0.00456997 1 1
50 1.94779 -3.93538e-16 -2.58548e-16 1 1
50 1.94779 3.35691e-30 -1.1225e-29 1 1
50 2.07345 -1.89648e-17 7.0912e-31 1 1
50 2.07345 0.000431055 -0.00547494 1 1
50 2.07345 -0.00421182 -0.00455647 1 1
50 2.07345 2.12599e-28 -7.5676e-28 1 1
50 2.07345 -2.81712e-17 -1.71847e-17 1 1
50 2.07345 -0.00421182 -0.00455647 1 1
50 2.07345 -3.58305e-16 -2.18593e-16 1 1
50 2.07345 2.99121e-30 -1.06474e-29 1 1
50 2.19911 8.47248e-31 -9.4824e-18 1 1
50 2.19911 0.000703022 -0.00509712 1 1
50 2.19911 -0.00394608 -0.0045277 1 1
50 2.19911 1.90543e-28 -7.19359e-28 1 1
50 2.19911 -2.56976e-17 -1.46407e-17 1 1
50 2.19911 -0.00394608 -0.0045277 1 1
50 2.19911 -3.26728e-16 -1.86243e-16 1 1
50 2.19911 2.68089e-30 -1.01212e-29 1 1
50 2.32478 -1.89648e-17 6.90039e-31 1 1
50 2.32478 0.000919768 -0.00473465 1 1
50 2.32478 -0.00369897 -0.00448669 1 1
50 2.32478 1.71685e-28 -6.852e-28 1 1
50 2.32478 -2.35001e-17 -1.25653e-17 1 1
50 2.32478 -0.00369897 -0.00448669 1 1
50 2.32478 -2.99026e-16 -1.59782e-16 1 1
50 2.32478 2.41556e-30 -9.64058e-30 1 1
50 2.45044 -1.89648e-17 9.4824e-18 1 1
50 2.45044 0.00108976 -0.0043909 1 1
50 2.45044 -0.00346962 -0.00443599 1 1
50 2.45044 1.55445e-28 -6.53922e-28 1 1
50 2.45044 -2.15468e-17 -1.08574e-17 1 1
50 2.45044 -0.00346962 -0.00443599 1 1
50 2.45044 -2.74206e-16 -1.38113e-16 1 1
50 2.45044 2.18707e-30 -9.20051e-30 1 1
50 2.57611 -1.89648e-17 4.7412e-18 1 1
50 2.57611 0.00122051 -0.00406777 1 1
50 2.57611 -0.00325704 -0.00437775 1 1
50 2.57611 9.99226e-21 -4.99613e-21 1 1
50 2.57611 -1.98083e-17 -9.44065e-18 1 1
50 2.57611 -0.00325704 -0.00437775 1 1
50 2.57611 -2.51857e-16 -1.20119e-16 1 1
50 2.57611 1.98903e-30 -8.79648e-30 1 1
50 2.70177 9.4824e-18 -3.40587e-33 1 1
50 2.70177 0.00131861 -0.00376606 1 1
50 2.70177 -0.00306018 -0.00431379 1 1
50 2.70177 9.99226e-21 -5.98773e-28 1 1
50 2.70177 -1.82577e-17 -8.25648e-18 1 1
50 2.70177 -0.00306018 -0.00431379 1 1
50 2.70177 -2.32156e-16 -1.04975e-16 1 1
50 2.70177 1.81633e-30 -8.42458e-30 1 1
50 2.82743 7.73704e-31 4.7412e-18 1 1
50 2.82743 0.00138971 -0.0034858 1 1
50 2.82743 -0.00287795 -0.0042456 1 1
50 2.82743 9.99226e-21 -5.74378e-28 1 1
50 2.82743 -1.68715e-17 -7.25977e-18 1 1
50 2.82743 -0.00287795 -0.0042456 1 1
50 2.82743 -2.14491e-16 -9.23971e-17 1 1
50 2.82743 1.6649e-30 -8.08135e-30 1 1
50 2.9531 -9.4824e-18 -6.90916e-31 1 1
50 2.9531 0.00143863 -0.00322648 1 1
50 2.9531 -0.00270927 -0.00417441 1 1
50 2.9531 9.99226e-21 -5.51808e-28 1 1
50 2.9531 -1.56291e-17 -6.41531e-18 1 1
50 2.9531 -0.00270927 -0.00417441 1 1
50 2.9531 -1.9875e-16 -8.1528e-17 1 1
50 2.9531 1.53141e-30 -7.76379e-30 1 1
50 3.07876 -9.4824e-18 4.7412e-18 1 1
50 3.07876 0.00146945 -0.00298723 1 1
50 3.07876 -0.00255313 -0.00410122 1 1
50 3.07876 1.00441e-28 -5.30875e-28 1 1
50 3.07876 -1.45126e-17 -5.69545e-18 1 1
50 3.07876 -0.00255313 -0.00410122 1 1
50 3.07876 -1.84672e-16 -7.24102e-17 1 1
50 3.07876 1.41318e-30 -7.46927e-30 1 1
50 3.20442 9.4824e-18 4.7412e-18 1 1
50 3.20442 0.00148558 -0.00276696 1 1
50 3.20442 -0.00240854 -0.00402687 1 1
50 3.20442 9.2965e-29 -4.99613e-21 1 1
50 3.20442 -1.35067e-17 -5.07828e-18 1 1
50 3.20442 -0.00240854 -0.00402687 1 1
50 3.20442 -1.71759e-16 -6.45558e-17 1 1
50 3.20442 1.30799e-30 -7.19548e-30 1 1
50 3.33009 9.4824e-18 2.3706e-18 1 1
50 3.33009 0.00148988 -0.00256449 1 1
50 3.33009 -0.00227457 -0.00395202 1 1
50 3.33009 8.62856e-29 -2.49806e-21 1 1
50 3.33009 -1.25978e-17 -4.54632e-18 1 1
50 3.33009 -0.00227457 -0.00395202 1 1
50 3.33009 -1.60184e-16 -5.78333e-17 1 1
50 3.33009 1.21402e-30 -6.94039e-30 1 1
50 3.45575 9.4824e-18 -6.80551e-31 1 1
50 3.45575 0.00148472 -0.00237854 1 1
50 3.45575 -0.00215036 -0.0038772 1 1
50 3.45575 8.02946e-29 -4.76357e-28 1 1
50 3.45575 -1.17745e-17 -4.08547e-18 1 1
50 3.45575 -0.00215036 -0.0038772 1 1
50 3.45575 -1.49847e-16 -5.19879e-17 1 1
50 3.45575 1.12972e-30 -6.70222e-30 1 1
50 3.58142 9.4824e-18 2.3706e-18 1 1
50 3.58142 0.00147206 -0.00220789 1 1
50 3.58142 -0.00203511 -0.00380284 1 1
50 3.58142 9.99226e-21 -4.6052e-28 1 1
50 3.58142 -1.10267e-17 -3.68436e-18 1 1
50 3.58142 -0.00203511 -0.00380284 1 1
50 3.58142 -1.40164e-16 -4.68196e-17 1 1
50 3.58142 1.05384e-30 -6.4794e-30 1 1
50 3.70708 9.4824e-18 -2.3706e-18 1 1
50 3.70708 0.00145351 -0.00205131 1 1
50 3.70708 -0.00192809 -0.00372926 1 1
50 3.70708 9.99226e-21 -4.45675e-28 1 1
50 3.70708 -1.0346e-17 -3.33368e-18 1 1
50 3.70708 -0.00192809 -0.00372926 1 1
50 3.70708 -1.3161e-16 -4.24137e-17 1 1
50 3.70708 9.85299e-31 -6.27053e-30 1 1
50 3.83274 -9.4824e-18 3.88962e-31 1 1
50 3.83274 0.00143042 -0.00190763 1 1
50 3.83274 -0.00182861 -0.00365674 1 1
50 3.83274 -4.99613e-21 -2.49806e-21 1 1
50 3.83274 -9.72469e-18 -3.02581e-18 1 1
50 3.83274 -0.00182861 -0.00365674 1 1
50 3.83274 -1.23782e-16 -3.84785e-17 1 1
50 3.83274 9.23183e-31 -6.07438e-30 1 1
50 3.95841 4.7412e-18 2.3706e-18 1 1
50 3.95841 0.00140385 -0.00177578 1 1
50 3.95841 -0.00173605 -0.00358547 1 1
50 3.95841 6.16018e-29 2.49806e-21 1 1
50 3.95841 -9.15634e-18 -2.75445e-18 1 1
50 3.95841 -0.00173605 -0.00358547 1 1
50 3.95841 -1.16465e-16 -3.5032e-17 1 1
50 3.95841 8.66722e-31 -5.88985e-30 1 1
50 4.08407 5.01331e-31 2.39944e-31 1 1
50 4.08407 0.00137472 -0.00165471 1 1
50 4.08407 -0.00164984 -0.0035156 1 1
50 4.08407 5.79437e-29 -4.06259e-28 1 1
50 4.08407 -8.63524e-18 -2.51439e-18 1 1
50 4.08407 -0.00164984 -0.0035156 1 1
50 4.08407 -1.09841e-16 -3.19693e-17 1 1
50 4.08407 8.15252e-31 -5.71596e-30 1 1
50 4.20973 -6.20771e-31 -1.1853e-18 1 1
50 4.20973 0.00134374 -0.0015435 1 1
50 4.20973 -0.00156947 -0.00344725 1 1
50 4.20973 5.46e-29 -3.94595e-28 1 1
50 4.20973 -8.15644e-18 -2.30127e-18 1 1
50 4.20973 -0.00156947 -0.00344725 1 1
50 4.20973 -1.03692e-16 -2.92735e-17 1 1
50 4.20973 7.68208e-31 -5.55185e-30 1 1
50 4.3354 4.7412e-18 -5.66551e-32 1 1
50 4.3354 0.0013115 -0.00144127 1 1
50 4.3354 -0.00149447 -0.00338049 1 1
50 4.3354 5.1536e-29 -3.83569e-28 1 1
50 4.3354 -7.71559e-18 -2.11143e-18 1 1
50 4.3354 -0.00149447 -0.00338049 1 1
50 4.3354 -9.81208e-17 -2.68542e-17 1 1
50 4.3354 7.25098e-31 -5.39672e-30 1 1
50 4.46106 4.7412e-18 -1.1853e-18 1 1
50 4.46106 0.00127848 -0.00134723 1 1
50 4.46106 -0.00142439 -0.00331537 1 1
50 4.46106 4.87214e-29 -3.73132e-28 1 1
50 4.46106 -7.30886e-18 -1.94181e-18 1 1
50 4.46106 -0.00142439 -0.00331537 1 1
50 4.46106 -9.30178e-17 -2.4705e-17 1 1
50 4.46106 6.85498e-31 -5.24987e-30 1 1
50 4.58673 4.7412e-18 3.79332e-31 1 1
50 4.58673 0.00124506 -0.00126065 1 1
50 4.58673 -0.00135886 -0.00325192 1 1
50 4.58673 4.61301e-29 -3.63238e-28 1 1
50 4.58673 -6.9329e-18 -1.78978e-18 1 1
50 4.58673 -0.00135886 -0.00325192 1 1
50 4.58673 -8.81662e-17 -2.27546e-17 1 1
50 4.58673 6.49039e-31 -5.11066e-30 1 1
50 4.71239 -4.7412e-18 -1.1853e-18 1 1
50 4.71239 0.00121155 -0.00118086 1 1
50 4.71239 -0.0012975 -0.00319016 1 1
50 4.71239 4.37392e-29 1.24903e-21 1 1
50 4.71239 -6.58473e-18 -1.65314e-18 1 1
50 4.71239 -0.0012975 -0.00319016 1 1
50 4.71239 -8.37534e-17 -2.1015e-17 1 1
50 4.71239 6.15399e-31 -4.97854e-30 1 1
50 4.83805 4.7412e-18 -1.1853e-18 1 1
50 4.83805 0.0011782 -0.00110728 1 1
50 4.83805 -0.00124 -0.00313008 1 1
50 4.83805 4.99613e-21 -3.44923e-28 1 1
50 4.83805 -6.26174e-18 -1.53e-18 1 1
50 4.83805 -0.00124 -0.00313008 1 1
50 4.83805 -7.96987e-17 -1.94494e-17 1 1
50 4.83805 5.84296e-31 -4.85297e-30 1 1
50 4.96372 -4.63515e-31 1.1853e-18 1 1
50 4.96372 0.0011452 -0.00103934 1 1
50 4.96372 -0.00118605 -0.00307166 1 1
50 4.96372 3.94807e-29 -3.36431e-28 1 1
50 4.96372 -5.96159e-18 -1.41874e-18 1 1
50 4.96372 -0.00118605 -0.00307166 1 1
50 4.96372 -7.58996e-17 -1.80468e-17 1 1
50 4.96372 5.55483e-31 -4.73349e-30 1 1
50 5.08938 -1.43222e-30 1.1853e-18 1 1
50 5.08938 0.00111269 -0.000976558 1 1
50 5.08938 -0.00113539 -0.0030149 1 1
50 5.08938 3.758e-29 -3.28341e-28 1 1
50 5.08938 -5.68222e-18 -1.31797e-18 1 1
50 5.08938 -0.00113539 -0.0030149 1 1
50 5.08938 -7.22833e-17 -1.67618e-17 1 1
50 5.08938 5.2874e-31 -4.61968e-30 1 1
50 5.21504 -1.42095e-30 1.78847e-31 1 1
50 5.21504 0.0010808 -0.000918482 1 1
50 5.21504 -0.00108776 -0.00295975 1 1
50 5.21504 -4.99613e-21 -3.20627e-28 1 1
50 5.21504 -5.42177e-18 -1.22648e-18 1 1
50 5.21504 -0.00108776 -0.00295975 1 1
50 5.21504 -6.90085e-17 -1.55981e-17 1 1
50 5.21504 5.03876e-31 -4.51114e-30 1 1
50 5.34071 -4.7412e-18 9.63212e-33 1 1
50 5.34071 0.0010496 -0.000864705 1 1
50 5.34071 -0.00104295 -0.0029062 1 1
50 5.34071 3.41669e-29 -3.13262e-28 1 1
50 5.34071 -5.1786e-18 -1.14324e-18 1 1
50 5.34071 -0.00104295 -0.0029062 1 1
50 5.34071 -6.58221e-17 -1.45395e-17 1 1
50 5.34071 4.80719e-31 -4.40752e-30 1 1
50 5.46637 4.7412e-18 -5.9265e-19 1 1
50 5.46637 0.00101917 -0.00081486 1 1
50 5.46637 -0.00100074 -0.00285419 1 1
50 5.46637 -2.49806e-21 -6.24516e-22 1 1
50 5.46637 -4.95123e-18 -1.06733e-18 1 1
50 5.46637 -0.00100074 -0.00285419 1 1
50 5.46637 -6.29796e-17 -1.35819e-17 1 1
50 5.46637 4.59116e-31 -4.3085e-30 1 1
50 5.59203 1.35864e-31 5.9265e-19 1 1
50 5.59203 0.000989553 -0.000768611 1 1
50 5.59203 -0.000960939 -0.00280369 1 1
50 5.59203 3.11969e-29 6.24516e-22 1 1
50 5.59203 -4.73835e-18 -9.97978e-19 1 1
50 5.59203 -0.000960939 -0.00280369 1 1
50 5.59203 -6.02659e-17 -1.26907e-17 1 1
50 5.59203 4.38933e-31 -4.21378e-30 1 1
50 5.7177 -2.3706e-18 -2.42402e-32 1 1
50 5.7177 0.000960773 -0.000725656 1 1
50 5.7177 -0.000923384 -0.00275466 1 1
50 5.7177 2.98546e-29 6.24516e-22 1 1
50 5.7177 -4.53875e-18 -9.34485e-19 1 1
50 5.7177 -0.000923384 -0.00275466 1 1
50 5.7177 -5.773e-17 -1.18773e-17 1 1
50 5.7177 4.20047e-31 -4.12309e-30 1 1
50 5.84336 2.3706e-18 -5.9265e-19 1 1
50 5.84336 0.00093285 -0.000685721 1 1
50 5.84336 -0.000887912 -0.00270705 1 1
50 5.84336 2.85969e-29 -2.8687e-28 1 1
50 5.84336 -4.35138e-18 -8.76249e-19 1 1
50 5.84336 -0.000887912 -0.00270705 1 1
50 5.84336 -5.53731e-17 -1.11493e-17 1 1
50 5.84336 4.0235e-31 -4.03619e-30 1 1
50 5.96903 -7.6008e-31 9.95916e-32 1 1
50 5.96903 0.000905792 -0.000648556 1 1
50 5.96903 -0.000854377 -0.00266083 1 1
50 5.96903 2.74167e-29 6.24516e-22 1 1
50 5.96903 -4.17526e-18 -8.22738e-19 1 1
50 5.96903 -0.000854377 -0.00266083 1 1
50 5.96903 -5.30935e-17 -1.04683e-17 1 1
50 5.96903 3.85746e-31 -3.95284e-30 1 1
50 6.09469 -1.31874e-31 5.62614e-32 1 1
50 6.09469 0.000879598 -0.000613936 1 1
50 6.09469 -0.000822646 -0.00261595 1 1
50 6.09469 2.63079e-29 -2.75259e-28 1 1
50 6.09469 -4.00952e-18 -7.73485e-19 1 1
50 6.09469 -0.000822646 -0.00261595 1 1
50 6.09469 -5.10026e-17 -9.83802e-18 1 1
50 6.09469 3.70145e-31 -3.87283e-30 1 1
50 6.22035 -3.02455e-32 -1.79743e-31 1 1
50 6.22035 0.000854263 -0.000581654 1 1
50 6.22035 -0.000792597 -0.00257236 1 1
50 6.22035 2.49806e-21 -6.24516e-22 1 1
50 6.22035 -3.85336e-18 -7.28074e-19 1 1
50 6.22035 -0.000792597 -0.00257236 1 1
50 6.22035 -4.90423e-17 -9.26342e-18 1 1
50 6.22035 3.5547e-31 -3.79596e-30 1 1
50 6.34602 -2.3706e-18 -5.9265e-19 1 1
50 6.34602 0.000829775 -0.000551524 1 1
50 6.34602 -0.000764115 -0.00253002 1 1
50 6.34602 2.42824e-29 6.24516e-22 1 1
50 6.34602 -3.70607e-18 -6.86141e-19 1 1
50 6.34602 -0.000764115 -0.00253002 1 1
50 6.34602 -4.71446e-17 -8.72048e-18 1 1
50 6.34602 3.41648e-31 -3.72206e-30 1 1
50 6.47168 -5.67318e-31 -5.9265e-19 1 1
50 6.47168 0.000806118 -0.000523375 1 1
50 6.47168 -0.000737099 -0.0024889 1 1
50 6.47168 2.33561e-29 -2.5949e-28 1 1
50 6.47168 -3.567e-18 -6.47359e-19 1 1
50 6.47168 -0.000737099 -0.0024889 1 1
50 6.47168 -4.5379e-17 -8.23307e-18 1 1
50 6.47168 3.28614e-31 -3.65096e-30 1 1
50 6.59734 2.3706e-18 -1.63867e-31 1 1
50 6.59734 0.000783274 -0.000497054 1 1
50 6.59734 -0.000711451 -0.00244894 1 1
50 6.59734 2.49806e-21 -2.54625e-28 1 1
50 6.59734 -3.43555e-18 -6.11438e-19 1 1
50 6.59734 -0.000711451 -0.00244894 1 1
50 6.59734 -4.36868e-17 -7.78113e-18 1 1
50 6.59734 3.16311e-31 -3.58251e-30 1 1
50 6.72301 -2.3706e-18 -8.61889e-32 1 1
50 6.72301 0.000761223 -0.000472419 1 1
50 6.72301 -0.000687083 -0.00241011 1 1
50 6.72301 2.49806e-21 -2.49937e-28 1 1
50 6.72301 -3.31118e-18 -5.78119e-19 1 1
50 6.72301 -0.000687083 -0.00241011 1 1
50 6.72301 -4.2116e-17 -7.35424e-18 1 1
50 6.72301 3.04684e-31 -3.51655e-30 1 1
50 6.84867 7.40952e-31 2.96325e-19 1 1
50 6.84867 0.000739943 -0.000449342 1 1
50 6.84867 -0.000663915 -0.00237237 1 1
50 6.84867 2.08735e-29 -2.45418e-28 1 1
50 6.84867 -3.19339e-18 -5.47173e-19 1 1
50 6.84867 -0.000663915 -0.00237237 1 1
50 6.84867 -4.06399e-17 -6.95795e-18 1 1
50 6.84867 2.93685e-31 -3.45296e-30 1 1
50 6.97434 -2.3706e-18 -5.52255e-32 1 1
50 6.97434 0.000719411 -0.000427704 1 1
50 6.97434 -0.000641871 -0.00233569 1 1
50 6.97434 2.01332e-29 -2.41058e-28 1 1
50 6.97434 -3.08173e-18 -5.18392e-19 1 1
50 6.97434 -0.000641871 -0.00233569 1 1
50 6.97434 -3.91924e-17 -6.59512e-18 1 1
50 6.97434 2.8327e-31 -3.39162e-30 1 1
50 7.1 5.81993e-32 2.96325e-19 1 1
50 7.1 0.000699603 -0.000407398 1 1
50 7.1 -0.00062088 -0.00230001 1 1
50 7.1 1.94316e-29 -3.12258e-22 1 1
50 7.1 -2.97579e-18 -4.9159e-19 1 1
50 7.1 -0.00062088 -0.00230001 1 1
50 7.1 -3.78534e-17 -6.25339e-18 1 1
50 7.1 2.73397e-31 -3.3324e-30 1 1
50 7.22566 2.3706e-18 6.349e-32 1 1
50 7.22566 0.000680494 -0.000388327 1 1
50 7.22566 -0.000600879 -0.00226532 1 1
50 7.22566 1.87659e-29 -2.32783e-28 1 1
50 7.22566 -2.87518e-18 -4.666e-19 1 1
50 7.22566 -0.000600879 -0.00226532 1 1
50 7.22566 -3.65425e-17 -5.93664e-18 1 1
50 7.22566 2.64032e-31 -3.2752e-30 1 1
50 7.35133 -1.49518e-31 9.24534e-32 1 1
50 7.35133 0.000662062 -0.0003704 1 1
50 7.35133 -0.000581808 -0.00223157 1 1
50 7.35133 1.81338e-29 -2.28854e-28 1 1
50 7.35133 -2.77956e-18 -4.43273e-19 1 1
50 7.35133 -0.000581808 -0.00223157 1 1
50 7.35133 -3.53525e-17 -5.63955e-18 1 1
50 7.35133 2.55138e-31 -3.21992e-30 1 1
50 7.47699 -2.3706e-18 2.96325e-19 1 1
50 7.47699 0.000644281 -0.000353535 1 1
50 7.47699 -0.000563612 -0.00219872 1 1
50 7.47699 1.7533e-29 -2.25055e-28 1 1
50 7.47699 -2.68859e-18 -4.21472e-19 1 1
50 7.47699 -0.000563612 -0.00219872 1 1
50 7.47699 -3.42104e-17 -5.36036e-18 1 1
50 7.47699 2.46685e-31 -3.16646e-30 1 1
50 7.60265 6.60317e-31 2.96325e-19 1 1
50 7.60265 0.000627128 -0.000337656 1 1
50 7.60265 -0.000546238 -0.00216676 1 1
50 7.60265 1.69616e-29 3.12258e-22 1 1
50 7.60265 -2.602e-18 -4.01074e-19 1 1
50 7.60265 -0.000546238 -0.00216676 1 1
50 7.60265 -3.31224e-17 -5.09766e-18 1 1
50 7.60265 2.38645e-31 -3.11474e-30 1 1
50 7.72832 -5.97883e-31 -2.96325e-19 1 1
50 7.72832 0.00061058 -0.000322694 1 1
50 7.72832 -0.00052964 -0.00213565 1 1
50 7.72832 1.64176e-29 -3.12258e-22 1 1
50 7.72832 -2.5195e-18 -3.8197e-19 1 1
50 7.72832 -0.00052964 -0.00213565 1 1
50 7.72832 -3.20491e-17 -4.85714e-18 1 1
50 7.72832 2.30991e-31 -3.06467e-30 1 1
50 7.85398 2.3706e-18 -7.09882e-32 1 1
50 7.85398 0.000594613 -0.000308585 1 1
50 7.85398 -0.000513772 -0.00210535 1 1
50 7.85398 1.24903e-21 -2.14373e-28 1 1
50 7.85398 -2.44084e-18 -3.64058e-19 1 1
50 7.85398 -0.000513772 -0.00210535 1 1
50 7.85398 -3.10353e-17 -4.63099e-18 1 1
50 7.85398 2.23698e-31 -3.01617e-30 1 1
50 7.97965 4.02306e-31 2.96325e-19 1 1
50 7.97965 0.000579205 -0.000295271 1 1
50 7.97965 -0.000498593 -0.00207584 1 1
50 7.97965 1.54051e-29 -2.11033e-28 1 1
50 7.97965 -2.36578e-18 -3.47246e-19 1 1
50 7.97965 -0.000498593 -0.00207584 1 1
50 7.97965 -3.00878e-17 -4.41699e-18 1 1
50 7.97965 2.16745e-31 -2.96918e-30 1 1
50 8.10531 -1.1853e-18 -4.79596e-32 1 1
50 8.10531 0.000564334 -0.000282697 1 1
50 8.10531 -0.000484065 -0.00204709 1 1
50 8.10531 1.49335e-29 -2.07795e-28 1 1
50 8.10531 -2.29412e-18 -3.31453e-19 1 1
50 8.10531 -0.000484065 -0.00204709 1 1
50 8.10531 -2.91723e-17 -4.22161e-18 1 1
50 8.10531 2.10111e-31 -2.92363e-30 1 1
50 8.23097 -1.1853e-18 -2.96325e-19 1 1
50 8.23097 0.00054998 -0.000270815 1 1
50 8.23097 -0.000470152 -0.00201908 1 1
50 8.23097 1.44833e-29 -2.04655e-28 1 1
50 8.23097 -2.22565e-18 -3.16601e-19 1 1
50 8.23097 -0.000470152 -0.00201908 1 1
50 8.23097 -2.83014e-17 -4.02558e-18 1 1
50 8.23097 2.03776e-31 -2.87944e-30 1 1
50 8.35664 1.1853e-18 2.96325e-19 1 1
50 8.35664 0.000536121 -0.000259577 1 1
50 8.35664 -0.000456819 -0.00199177 1 1
50 8.35664 -1.24903e-21 -2.01607e-28 1 1
50 8.35664 -2.16018e-18 -3.02622e-19 1 1
50 8.35664 -0.000456819 -0.00199177 1 1
50 8.35664 -2.74892e-17 -3.85065e-18 1 1
50 8.35664 1.97723e-31 -2.83656e-30 1 1
50 8.4823 1.1853e-18 -1.48162e-19 1 1
50 8.4823 0.000522739 -0.000248941 1 1
50 8.4823 -0.000444037 -0.00196515 1 1
50 8.4823 1.36417e-29 -1.98649e-28 1 1
50 8.4823 -2.09755e-18 -2.89452e-19 1 1
50 8.4823 -0.000444037 -0.00196515 1 1
50 8.4823 -2.66775e-17 -3.68168e-18 1 1
50 8.4823 1.91935e-31 -2.79493e-30 1 1
50 8.60796 -1.1853e-18 -1.48162e-19 1 1
50 8.60796 0.000509814 -0.000238869 1 1
50 8.60796 -0.000431775 -0.0019392 1 1
50 8.60796 1.24903e-21 1.56129e-22 1 1
50 8.60796 -2.03759e-18 -2.77035e-19 1 1
50 8.60796 -0.000431775 -0.0019392 1 1
50 8.60796 -2.58973e-17 -3.52298e-18 1 1
50 8.60796 1.86397e-31 -2.75451e-30 1 1
50 8.73363 4.72988e-32 1.48162e-19 1 1
50 8.73363 0.000497328 -0.000229324 1 1
50 8.73363 -0.000420006 -0.00191388 1 1
50 8.73363 -1.24903e-21 -1.92984e-28 1 1
50 8.73363 -1.98015e-18 -2.65317e-19 1 1
50 8.73363 -0.000420006 -0.00191388 1 1
50 8.73363 -2.51983e-17 -3.37532e-18 1 1
50 8.73363 1.81095e-31 -2.71523e-30 1 1
50 8.85929 -1.1853e-18 -1.48162e-19 1 1
50 8.85929 0.000485264 -0.000220273 1 1
50 8.85929 -0.000408704 -0.00188917 1 1
50 8.85929 1.25103e-29 1.56129e-22 1 1
50 8.85929 -1.9251e-18 -2.5425e-19 1 1
50 8.85929 -0.000408704 -0.00188917 1 1
50 8.85929 -2.4491e-17 -3.23244e-18 1 1
50 8.85929 1.76016e-31 -2.67705e-30 1 1
50 8.98495 3.91894e-31 -3.60003e-32 1 1
50 8.98495 0.000473604 -0.000211685 1 1
50 8.98495 -0.000397846 -0.00186507 1 1
50 8.98495 1.24903e-21 -1.56129e-22 1 1
50 8.98495 -1.8723e-18 -2.43789e-19 1 1
50 8.98495 -0.000397846 -0.00186507 1 1
50 8.98495 -2.3808e-17 -3.10052e-18 1 1
50 8.98495 1.71148e-31 -2.63992e-30 1 1
50 9.11062 4.54384e-32 -3.04534e-32 1 1
50 9.11062 0.000462332 -0.000203531 1 1
50 9.11062 -0.000387408 -0.00184154 1 1
50 9.11062 1.18324e-29 -1.85064e-28 1 1
50 9.11062 -1.82163e-18 -2.33893e-19 1 1
50 9.11062 -0.000387408 -0.00184154 1 1
50 9.11062 -2.31715e-17 -2.97498e-18 1 1
50 9.11062 1.66478e-31 -2.60381e-30 1 1
50 9.23628 1.01938e-31 -1.48162e-19 1 1
50 9.23628 0.000451434 -0.000195785 1 1
50 9.23628 -0.000377371 -0.00181857 1 1
50 9.23628 1.15138e-29 -1.56129e-22 1 1
50 9.23628 -1.77299e-18 -2.24525e-19 1 1
50 9.23628 -0.000377371 -0.00181857 1 1
50 9.23628 -2.25542e-17 -2.85762e-18 1 1
50 9.23628 1.61997e-31 -2.56867e-30 1 1
50 9.36195 1.1853e-18 -1.48162e-19 1 1
50 9.36195 0.000440894 -0.000188421 1 1
50 9.36195 -0.000367713 -0.00179613 1 1
50 9.36195 1.1208e-29 1.56129e-22 1 1
50 9.36195 -1.72626e-18 -2.1565e-19 1 1
50 9.36195 -0.000367713 -0.00179613 1 1
50 9.36195 -2.19671e-17 -2.74439e-18 1 1
50 9.36195 1.57694e-31 -2.53445e-30 1 1
50 9.48761 1.1853e-18 -1.48162e-19 1 1
50 9.48761 0.000430697 -0.000181416 1 1
50 9.48761 -0.000358416 -0.00177422 1 1
50 9.48761 1.24903e-21 -1.77767e-28 1 1
50 9.48761 -1.68135e-18 -2.07236e-19 1 1
50 9.48761 -0.000358416 -0.00177422 1 1
50 9.48761 -2.13774e-17 -2.63462e-18 1 1
50 9.48761 1.5356e-31 -2.50114e-30 1 1
50 9.61327 2.2832e-32 -1.48162e-19 1 1
50 9.61327 0.000420831 -0.00017475 1 1
50 9.61327 -0.000349463 -0.00175281 1 1
50 9.61327 -1.24903e-21 -1.56129e-22 1 1
50 9.61327 -1.63816e-18 -1.99254e-19 1 1
50 9.61327 -0.000349463 -0.00175281 1 1
50 9.61327 -2.08448e-17 -2.53277e-18 1 1
50 9.61327 1.49586e-31 -2.46869e-30 1 1
50 9.73894 1.1853e-18 1.48162e-19 1 1
50 9.73894 0.000411282 -0.000168403 1 1
50 9.73894 -0.000340837 -0.0017319 1 1
50 9.73894 1.24903e-21 -1.56129e-22 1 1
50 9.73894 -1.5966e-18 -1.91676e-19 1 1
50 9.73894 -0.000340837 -0.0017319 1 1
50 9.73894 -2.03028e-17 -2.43794e-18 1 1
50 9.73894 1.45764e-31 -2.43706e-30 1 1
50 9.8646 1.49209e-32 -1.48162e-19 1 1
50 9.8646 0.000402038 -0.000162355 1 1
50 9.8646 -0.000332522 -0.00171145 1 1
50 9.8646 1.00988e-29 -1.71022e-28 1 1
50 9.8646 -1.55661e-18 -1.84477e-19 1 1
50 9.8646 -0.000332522 -0.00171145 1 1
50 9.8646 -1.98042e-17 -2.34709e-18 1 1
50 9.8646 1.42087e-31 -2.40623e-30 1 1
50 9.99026 1.1853e-18 1.48162e-19 1 1
50 9.99026 0.000393086 -0.00015659 1 1
50 9.99026 -0.000324504 -0.00169146 1 1
50 9.99026 9.84715e-30 -1.68885e-28 1 1
50 9.99026 -1.51809e-18 -1.77634e-19 1 1
50 9.99026 -0.000324504 -0.00169146 1 1
50 9.99026 -1.93217e-17 -2.25745e-18 1 1
50 9.99026 1.38547e-31 -2.37617e-30 1 1
50 10.1159 1.03951e-31 1.48162e-19 1 1
50 10.1159 0.000384416 -0.000151091 1 1
50 10.1159 -0.00031677 -0.00167191 1 1
50 10.1159 -1.24903e-21 -1.56129e-22 1 1
50 10.1159 -1.48098e-18 -1.71124e-19 1 1
50 10.1159 -0.00031677 -0.00167191 1 1
50 10.1159 -1.88501e-17 -2.17642e-18 1 1
50 10.1159 1.35137e-31 -2.34685e-30 1 1
50 10.2416 9.62529e-32 1.48162e-19 1 1
50 10.2416 0.000376016 -0.000145844 1 1
50 10.2416 -0.000309305 -0.0016528 1 1
50 10.2416 -1.24903e-21 -1.64768e-28 1 1
50 10.2416 -1.44521e-18 -1.64929e-19 1 1
50 10.2416 -0.000309305 -0.0016528 1 1
50 10.2416 -1.83988e-17 -2.09881e-18 1 1
50 10.2416 1.31852e-31 -2.31824e-30 1 1
50 10.3673 -1.1853e-18 -1.48162e-19 1 1
50 10.3673 0.000367877 -0.000140834 1 1
50 10.3673 -0.000302099 -0.00163409 1 1
50 10.3673 9.14623e-30 -1.56129e-22 1 1
50 10.3673 -1.41072e-18 -1.59029e-19 1 1
50 10.3673 -0.000302099 -0.00163409 1 1
50 10.3673 -1.79532e-17 -2.02293e-18 1 1
50 10.3673 1.28685e-31 -2.29032e-30 1 1
50 10.4929 -1.1853e-18 -1.48162e-19 1 1
50 10.4929 0.000359987 -0.000136048 1 1
50 10.4929 -0.000295139 -0.00161579 1 1
50 10.4929 8.92914e-30 -7.80647e-23 1 1
50 10.4929 -1.37744e-18 -1.53406e-19 1 1
50 10.4929 -0.000295139 -0.00161579 1 1
50 10.4929 -1.75119e-17 -1.95044e-18 1 1
50 10.4929 1.25631e-31 -2.26306e-30 1 1
50 10.6186 1.1853e-18 -7.40812e-20 1 1
50 10.6186 0.000352337 -0.000131475 1 1
50 10.6186 -0.000288413 -0.00159789 1 1
50 10.6186 1.24903e-21 -7.80647e-23 1 1
50 10.6186 -1.34532e-18 -1.48045e-19 1 1
50 10.6186 -0.000288413 -0.00159789 1 1
50 10.6186 -1.70975e-17 -1.88222e-18 1 1
50 10.6186 1.22684e-31 -2.23644e-30 1 1
50 10.7442 -1.1853e-18 7.40812e-20 1 1
50 10.7442 0.000344919 -0.000127102 1 1
50 10.7442 -0.000281913 -0.00158036 1 1
50 10.7442 8.5175e-30 -1.57106e-28 1 1
50 10.7442 -1.31431e-18 -1.42931e-19 1 1
50 10.7442 -0.000281913 -0.00158036 1 1
50 10.7442 -1.67165e-17 -1.81763e-18 1 1
50 10.7442 1.19839e-31 -2.21044e-30 1 1
50 10.8699 2.19181e-32 7.40812e-20 1 1
50 10.8699 0.000337724 -0.000122919 1 1
50 10.8699 -0.000275628 -0.0015632 1 1
50 10.8699 8.32226e-30 -1.553e-28 1 1
50 10.8699 -1.28436e-18 -1.3805e-19 1 1
50 10.8699 -0.000275628 -0.0015632 1 1
50 10.8699 -1.63389e-17 -1.75617e-18 1 1
50 10.8699 1.17092e-31 -2.18503e-30 1 1
50 10.9956 1.1853e-18 7.40812e-20 1 1
50 10.9956 0.000330742 -0.000118915 1 1
50 10.9956 -0.000269549 -0.00154639 1 1
50 10.9956 8.13365e-30 -1.53535e-28 1 1
50 10.9956 -1.25542e-18 -1.33388e-19 1 1
50 10.9956 -0.000269549 -0.00154639 1 1
50 10.9956 -1.59807e-17 -1.69759e-18 1 1
50 10.9956 1.14438e-31 -2.1602e-30 1 1
50 11.1212 -1.1853e-18 1.62534e-32 1 1
50 11.1212 0.000323967 -0.000115082 1 1
50 11.1212 -0.000263666 -0.00152993 1 1
50 11.1212 7.95138e-30 -7.80646e-23 1 1
50 11.1212 -1.22744e-18 -1.28933e-19 1 1
50 11.1212 -0.000263666 -0.00152993 1 1
50 11.1212 -1.56142e-17 -1.64141e-18 1 1
50 11.1212 1.11874e-31 -2.13592e-30 1 1
50 11.2469 -1.88876e-31 7.40812e-20 1 1
50 11.2469 0.00031739 -0.00011141 1 1
50 11.2469 -0.000257973 -0.00151381 1 1
50 11.2469 7.77516e-30 -1.50123e-28 1 1
50 11.2469 -1.20038e-18 -1.24675e-19 1 1
50 11.2469 -0.000257973 -0.00151381 1 1
50 11.2469 -1.52778e-17 -1.58569e-18 1 1
50 11.2469 1.09394e-31 -2.11219e-30 1 1
50 11.3726 5.9265e-19 7.40812e-20 1 1
50 11.3726 0.000311004 -0.000107892 1 1
50 11.3726 -0.00025246 -0.00149801 1 1
50 11.3726 7.60473e-30 -1.48473e-28 1 1
50 11.3726 -1.17421e-18 -1.20602e-19 1 1
50 11.3726 -0.00025246 -0.00149801 1 1
50 11.3726 -1.49452e-17 -1.53418e-18 1 1
50 11.3726 1.06997e-31 -2.08897e-30 1 1
50 11.4982 -5.9265e-19 -7.40812e-20 1 1
50 11.4982 0.000304803 -0.000104518 1 1
50 11.4982 -0.00024712 -0.00148253 1 1
50 11.4982 7.43984e-30 -1.46858e-28 1 1
50 11.4982 -1.14888e-18 -1.16704e-19 1 1
50 11.4982 -0.00024712 -0.00148253 1 1
50 11.4982 -1.46137e-17 -1.4844e-18 1 1
50 11.4982 1.04677e-31 -2.06626e-30 1 1
50 11.6239 -2.17245e-32 -7.40812e-20 1 1
50 11.6239 0.000298779 -0.000101283 1 1
50 11.6239 -0.000241946 -0.00146735 1 1
50 11.6239 7.28025e-30 -1.45279e-28 1 1
50 11.6239 -1.12436e-18 -1.12972e-19 1 1
50 11.6239 -0.000241946 -0.00146735 1 1
50 11.6239 -1.42984e-17 -1.43735e-18 1 1
50 11.6239 1.02431e-31 -2.04403e-30 1 1
50 11.7496 -2.3368e-32 7.40812e-20 1 1
50 11.7496 0.000292926 -9.81781e-05 1 1
50 11.7496 -0.000236932 -0.00145248 1 1
50 11.7496 7.12573e-30 -1.43733e-28 1 1
50 11.7496 -1.10061e-18 -1.09398e-19 1 1
50 11.7496 -0.000236932 -0.00145248 1 1
50 11.7496 -1.39929e-17 -1.39107e-18 1 1
50 11.7496 1.00257e-31 -2.02228e-30 1 1
50 11.8752 -1.99977e-31 7.40812e-20 1 1
50 11.8752 0.000287237 -9.5198e-05 1 1
50 11.8752 -0.000232071 -0.00143789 1 1
50 11.8752 -6.24516e-22 7.80644e-23 1 1
50 11.8752 -1.07761e-18 -1.05972e-19 1 1
50 11.8752 -0.000232071 -0.00143789 1 1
50 11.8752 -1.3711e-17 -1.34682e-18 1 1
50 11.8752 9.81516e-32 -2.00098e-30 1 1
50 12.0009 5.9265e-19 -2.10225e-32 1 1
50 12.0009 0.000281708 -9.23364e-05 1 1
50 12.0009 -0.000227356 -0.00142359 1 1
50 12.0009 6.83109e-30 7.80644e-23 1 1
50 12.0009 -1.05532e-18 -1.02688e-19 1 1
50 12.0009 -0.000227356 -0.00142359 1 1
50 12.0009 -1.34178e-17 -1.30603e-18 1 1
50 12.0009 9.61117e-32 -1.98013e-30 1 1
50 12.1265 1.3276e-31 7.40812e-20 1 1
50 12.1265 0.000276332 -8.95873e-05 1 1
50 12.1265 -0.000222783 -0.00140956 1 1
50 12.1265 6.69057e-30 -1.39285e-28 1 1
50 12.1265 -1.03371e-18 -9.95385e-20 1 1
50 12.1265 -0.000222783 -0.00140956 1 1
50 12.1265 -1.3148e-17 -1.26552e-18 1 1
50 12.1265 9.41346e-32 -1.9597e-30 1 1
50 12.2522 5.9265e-19 -7.40812e-20 1 1
50 12.2522 0.000271104 -8.69454e-05 1 1
50 12.2522 -0.000218345 -0.0013958 1 1
50 12.2522 6.55434e-30 -7.80646e-23 1 1
50 12.2522 -1.01276e-18 -9.65162e-20 1 1
50 12.2522 -0.000218345 -0.0013958 1 1
50 12.2522 -1.288e-17 -1.22866e-18 1 1
50 12.2522 9.22179e-32 -1.9397e-30 1 1
50 12.3779 1.30859e-31 7.40812e-20 1 1
50 12.3779 0.000266018 -8.44056e-05 1 1
50 12.3779 -0.000214038 -0.00138229 1 1
50 12.3779 6.42223e-30 -7.80646e-23 1 1
50 12.3779 -9.92435e-19 -9.36149e-20 1 1
50 12.3779 -0.000214038 -0.00138229 1 1
50 12.3779 -1.26305e-17 -1.19206e-18 1 1
50 12.3779 9.0359e-32 -1.92009e-30 1 1
50 12.5035 -5.9265e-19 -7.40812e-20 1 1
50 12.5035 0.000261071 -8.19629e-05 1 1
50 12.5035 -0.000209855 -0.00136904 1 1
50 12.5035 6.29406e-30 -7.80646e-23 1 1
50 12.5035 -9.72716e-19 -9.08286e-20 1 1
50 12.5035 -0.000209855 -0.00136904 1 1
50 12.5035 -1.23741e-17 -1.15516e-18 1 1
50 12.5035 8.85558e-32 -1.90088e-30 1 1
