50 0.0628319 -8.61216e-23 -0 1 1
50 0.0628319 -0.0147564 -0 1 1
50 0.0628319 -8.47217e-26 -0 1 1
50 0.0628319 -1.13315e-24 -0 1 1
50 0.0628319 1.07668e-24 -0 1 1
50 0.0628319 8.0429e-26 -0 1 1
50 0.0628319 0.014021 -0 1 1
50 0.0628319 1.61904e-26 -0 1 1
50 0.188496 -8.61216e-23 -0 1 1
50 0.188496 -0.0147564 -0 1 1
50 0.188496 -8.47217e-26 -0 1 1
50 0.188496 -1.13315e-24 -0 1 1
50 0.188496 1.07668e-24 -0 1 1
50 0.188496 8.0429e-26 -0 1 1
50 0.188496 0.014021 -0 1 1
50 0.188496 1.61904e-26 -0 1 1
50 0.314159 -8.61216e-23 -0 1 1
50 0.314159 -0.0147564 -0 1 1
50 0.314159 -8.47217e-26 -0 1 1
50 0.314159 -1.13315e-24 -0 1 1
50 0.314159 1.07668e-24 -0 1 1
50 0.314159 8.0429e-26 -0 1 1
50 0.314159 0.014021 -0 1 1
50 0.314159 1.61904e-26 -0 1 1
50 0.439823 -8.61216e-23 -0 1 1
50 0.439823 -0.0147564 -0 1 1
50 0.439823 -8.47217e-26 -0 1 1
50 0.439823 -1.13315e-24 -0 1 1
50 0.439823 1.07668e-24 -0 1 1
50 0.439823 8.0429e-26 -0 1 1
50 0.439823 0.014021 -0 1 1
50 0.439823 1.61904e-26 -0 1 1
50 0.565487 -8.61216e-23 -0 1 1
50 0.565487 -0.0147564 -0 1 1
50 0.565487 -8.47217e-26 -0 1 1
50 0.565487 -1.13315e-24 -0 1 1
50 0.565487 1.07668e-24 -0 1 1
50 0.565487 8.0429e-26 -0 1 1
50 0.565487 0.014021 -0 1 1
50 0.565487 1.61904e-26 -0 1 1
50 0.69115 -8.61216e-23 -0 1 1
50 0.69115 -0.0147564 -0 1 1
50 0.69115 -8.47217e-26 -0 1 1
50 0.69115 -1.13315e-24 -0 1 1
50 0.69115 1.07668e-24 -0 1 1
50 0.69115 8.0429e-26 -0 1 1
50 0.69115 0.014021 -0 1 1
50 0.69115 1.61904e-26 -0 1 1
50 0.816814 -8.61216e-23 -0 1 1
50 0.816814 -0.0147564 -0 1 1
50 0.816814 -8.47217e-26 -0 1 1
50 0.816814 -1.13315e-24 -0 1 1
50 0.816814 1.07668e-24 -0 1 1
50 0.816814 8.0429e-26 -0 1 1
50 0.816814 0.014021 -0 1 1
50 0.816814 1.61904e-26 -0 1 1
50 0.942478 -8.61216e-23 -0 1 1
50 0.942478 -0.0147564 -0 1 1
50 0.942478 -8.47217e-26 -0 1 1
50 0.942478 -1.13315e-24 -0 1 1
50 0.942478 1.07668e-24 -0 1 1
50 0.942478 8.0429e-26 -0 1 1
50 0.942478 0.014021 -0 1 1
50 0.942478 1.61904e-26 -0 1 1
50 1.06814 -8.61216e-23 -0 1 1
50 1.06814 -0.0147564 -0 1 1
50 1.06814 -8.47217e-26 -0 1 1
50 1.06814 -1.13315e-24 -0 1 1
50 1.06814 1.07668e-24 -0 1 1
50 1.06814 8.0429e-26 -0 1 1
50 1.06814 0.014021 -0 1 1
50 1.06814 1.61904e-26 -0 1 1
50 1.19381 -8.61216e-23 -0 1 1
50 1.19381 -0.0147564 -0 1 1
50 1.19381 -8.47217e-26 -0 1 1
50 1.19381 -1.13315e-24 -0 1 1
50 1.19381 1.07668e-24 -0 1 1
50 1.19381 8.0429e-26 -0 1 1
50 1.19381 0.014021 -0 1 1
50 1.19381 1.61904e-26 -0 1 1
50 1.31947 -8.61216e-23 -0 1 1
50 1.31947 -0.0147564 -0 1 1
50 1.31947 -8.47217e-26 -0 1 1
50 1.31947 -1.13315e-24 -0 1 1
50 1.31947 1.07668e-24 -0 1 1
50 1.31947 8.0429e-26 -0 1 1
50 1.31947 0.014021 -0 1 1
50 1.31947 1.61904e-26 -0 1 1
50 1.44513 -8.61216e-23 -0 1 1
50 1.44513 -0.0147564 -0 1 1
50 1.44513 -8.47217e-26 -0 1 1
50 1.44513 -1.13315e-24 -0 1 1
50 1.44513 1.07668e-24 -0 1 1
50 1.44513 8.0429e-26 -0 1 1
50 1.44513 0.014021 -0 1 1
50 1.44513 1.61904e-26 -0 1 1
50 1.5708 -8.61216e-23 -0 1 1
50 1.5708 -0.0147564 -0 1 1
50 1.5708 -8.47217e-26 -0 1 1
50 1.5708 -1.13315e-24 -0 1 1
50 1.5708 1.07668e-24 -0 1 1
50 1.5708 8.0429e-26 -0 1 1
50 1.5708 0.014021 -0 1 1
50 1.5708 1.61904e-26 -0 1 1
50 1.69646 -8.61216e-23 -0 1 1
50 1.69646 -0.0147564 -0 1 1
50 1.69646 -8.47217e-26 -0 1 1
50 1.69646 -1.13315e-24 -0 1 1
50 1.69646 1.07668e-24 -0 1 1
50 1.69646 8.0429e-26 -0 1 1
50 1.69646 0.014021 -0 1 1
50 1.69646 1.61904e-26 -0 1 1
50 1.82212 -8.61216e-23 -0 1 1
50 1.82212 -0.0147564 -0 1 1
50 1.82212 -8.47217e-26 -0 1 1
50 1.82212 -1.13315e-24 -0 1 1
50 1.82212 1.07668e-24 -0 1 1
50 1.82212 8.0429e-26 -0 1 1
50 1.82212 0.014021 -0 1 1
50 1.82212 1.61904e-26 -0 1 1
50 1.94779 -8.61216e-23 -0 1 1
50 1.94779 -0.0147564 -0 1 1
50 1.94779 -8.47217e-26 -0 1 1
50 1.94779 -1.13315e-24 -0 1 1
50 1.94779 1.07668e-24 -0 1 1
50 1.94779 8.0429e-26 -0 1 1
50 1.94779 0.014021 -0 1 1
50 1.94779 1.61904e-26 -0 1 1
50 2.07345 -8.61216e-23 -0 1 1
50 2.07345 -0.0147564 -0 1 1
50 2.07345 -8.47217e-26 -0 1 1
50 2.07345 -1.13315e-24 -0 1 1
50 2.07345 1.07668e-24 -0 1 1
50 2.07345 8.0429e-26 -0 1 1
50 2.07345 0.014021 -0 1 1
50 2.07345 1.61904e-26 -0 1 1
50 2.19911 -8.61216e-23 -0 1 1
50 2.19911 -0.0147564 -0 1 1
50 2.19911 -8.47217e-26 -0 1 1
50 2.19911 -1.13315e-24 -0 1 1
50 2.19911 1.07668e-24 -0 1 1
50 2.19911 8.0429e-26 -0 1 1
50 2.19911 0.014021 -0 1 1
50 2.19911 1.61904e-26 -0 1 1
50 2.32478 -8.61216e-23 -0 1 1
50 2.32478 -0.0147564 -0 1 1
50 2.32478 -8.47217e-26 -0 1 1
50 2.32478 -1.13315e-24 -0 1 1
50 2.32478 1.07668e-24 -0 1 1
50 2.32478 8.0429e-26 -0 1 1
50 2.32478 0.014021 -0 1 1
50 2.32478 1.61904e-26 -0 1 1
50 2.45044 -8.61216e-23 -0 1 1
50 2.45044 -0.0147564 -0 1 1
50 2.45044 -8.47217e-26 -0 1 1
50 2.45044 -1.13315e-24 -0 1 1
50 2.45044 1.07668e-24 -0 1 1
50 2.45044 8.0429e-26 -0 1 1
50 2.45044 0.014021 -0 1 1
50 2.45044 1.61904e-26 -0 1 1
50 2.57611 -8.61216e-23 -0 1 1
50 2.57611 -0.0147564 -0 1 1
50 2.57611 -8.47217e-26 -0 1 1
50 2.57611 -1.13315e-24 -0 1 1
50 2.57611 1.07668e-24 -0 1 1
50 2.57611 8.0429e-26 -0 1 1
50 2.57611 0.014021 -0 1 1
50 2.57611 1.61904e-26 -0 1 1
50 2.70177 -8.61216e-23 -0 1 1
50 2.70177 -0.0147564 -0 1 1
50 2.70177 -8.47217e-26 -0 1 1
50 2.70177 -1.13315e-24 -0 1 1
50 2.70177 1.07668e-24 -0 1 1
50 2.70177 8.0429e-26 -0 1 1
50 2.70177 0.014021 -0 1 1
50 2.70177 1.61904e-26 -0 1 1
50 2.82743 -8.61216e-23 -0 1 1
50 2.82743 -0.0147564 -0 1 1
50 2.82743 -8.47217e-26 -0 1 1
50 2.82743 -1.13315e-24 -0 1 1
50 2.82743 1.07668e-24 -0 1 1
50 2.82743 8.0429e-26 -0 1 1
50 2.82743 0.014021 -0 1 1
50 2.82743 1.61904e-26 -0 1 1
50 2.9531 -8.61216e-23 -0 1 1
50 2.9531 -0.0147564 -0 1 1
50 2.9531 -8.47217e-26 -0 1 1
50 2.9531 -1.13315e-24 -0 1 1
50 2.9531 1.07668e-24 -0 1 1
50 2.9531 8.0429e-26 -0 1 1
50 2.9531 0.014021 -0 1 1
50 2.9531 1.61904e-26 -0 1 1
50 3.07876 -8.61216e-23 -0 1 1
50 3.07876 -0.0147564 -0 1 1
50 3.07876 -8.47217e-26 -0 1 1
50 3.07876 -1.13315e-24 -0 1 1
50 3.07876 1.07668e-24 -0 1 1
50 3.07876 8.0429e-26 -0 1 1
50 3.07876 0.014021 -0 1 1
50 3.07876 1.61904e-26 -0 1 1
50 3.20442 -8.61216e-23 -0 1 1
50 3.20442 -0.0147564 -0 1 1
50 3.20442 -8.47217e-26 -0 1 1
50 3.20442 -1.13315e-24 -0 1 1
50 3.20442 1.07668e-24 -0 1 1
50 3.20442 8.0429e-26 -0 1 1
50 3.20442 0.014021 -0 1 1
50 3.20442 1.61904e-26 -0 1 1
50 3.33009 -8.61216e-23 -0 1 1
50 3.33009 -0.0147564 -0 1 1
50 3.33009 -8.47217e-26 -0 1 1
50 3.33009 -1.13315e-24 -0 1 1
50 3.33009 1.07668e-24 -0 1 1
50 3.33009 8.0429e-26 -0 1 1
50 3.33009 0.014021 -0 1 1
50 3.33009 1.61904e-26 -0 1 1
50 3.45575 -8.61216e-23 -0 1 1
50 3.45575 -0.0147564 -0 1 1
50 3.45575 -8.47217e-26 -0 1 1
50 3.45575 -1.13315e-24 -0 1 1
50 3.45575 1.07668e-24 -0 1 1
50 3.45575 8.0429e-26 -0 1 1
50 3.45575 0.014021 -0 1 1
50 3.45575 1.61904e-26 -0 1 1
50 3.58142 -8.61216e-23 -0 1 1
50 3.58142 -0.0147564 -0 1 1
50 3.58142 -8.47217e-26 -0 1 1
50 3.58142 -1.13315e-24 -0 1 1
50 3.58142 1.07668e-24 -0 1 1
50 3.58142 8.0429e-26 -0 1 1
50 3.58142 0.014021 -0 1 1
50 3.58142 1.61904e-26 -0 1 1
50 3.70708 -8.61216e-23 -0 1 1
50 3.70708 -0.0147564 -0 1 1
50 3.70708 -8.47217e-26 -0 1 1
50 3.70708 -1.13315e-24 -0 1 1
50 3.70708 1.07668e-24 -0 1 1
50 3.70708 8.0429e-26 -0 1 1
50 3.70708 0.014021 -0 1 1
50 3.70708 1.61904e-26 -0 1 1
50 3.83274 -8.61216e-23 -0 1 1
50 3.83274 -0.0147564 -0 1 1
50 3.83274 -8.47217e-26 -0 1 1
50 3.83274 -1.13315e-24 -0 1 1
50 3.83274 1.07668e-24 -0 1 1
50 3.83274 8.0429e-26 -0 1 1
50 3.83274 0.014021 -0 1 1
50 3.83274 1.61904e-26 -0 1 1
50 3.95841 -8.61216e-23 -0 1 1
50 3.95841 -0.0147564 -0 1 1
50 3.95841 -8.47217e-26 -0 1 1
50 3.95841 -1.13315e-24 -0 1 1
50 3.95841 1.07668e-24 -0 1 1
50 3.95841 8.0429e-26 -0 1 1
50 3.95841 0.014021 -0 1 1
50 3.95841 1.61904e-26 -0 1 1
50 4.08407 -8.61216e-23 -0 1 1
50 4.08407 -0.0147564 -0 1 1
50 4.08407 -8.47217e-26 -0 1 1
50 4.08407 -1.13315e-24 -0 1 1
50 4.08407 1.07668e-24 -0 1 1
50 4.08407 8.0429e-26 -0 1 1
50 4.08407 0.014021 -0 1 1
50 4.08407 1.61904e-26 -0 1 1
50 4.20973 -8.61216e-23 -0 1 1
50 4.20973 -0.0147564 -0 1 1
50 4.20973 -8.47217e-26 -0 1 1
50 4.20973 -1.13315e-24 -0 1 1
50 4.20973 1.07668e-24 -0 1 1
50 4.20973 8.0429e-26 -0 1 1
50 4.20973 0.014021 -0 1 1
50 4.20973 1.61904e-26 -0 1 1
50 4.3354 -8.61216e-23 -0 1 1
50 4.3354 -0.0147564 -0 1 1
50 4.3354 -8.47217e-26 -0 1 1
50 4.3354 -1.13315e-24 -0 1 1
50 4.3354 1.07668e-24 -0 1 1
50 4.3354 8.0429e-26 -0 1 1
50 4.3354 0.014021 -0 1 1
50 4.3354 1.61904e-26 -0 1 1
50 4.46106 -8.61216e-23 -0 1 1
50 4.46106 -0.0147564 -0 1 1
50 4.46106 -8.47217e-26 -0 1 1
50 4.46106 -1.13315e-24 -0 1 1
50 4.46106 1.07668e-24 -0 1 1
50 4.46106 8.0429e-26 -0 1 1
50 4.46106 0.014021 -0 1 1
50 4.46106 1.61904e-26 -0 1 1
50 4.58673 -8.61216e-23 -0 1 1
50 4.58673 -0.0147564 -0 1 1
50 4.58673 -8.47217e-26 -0 1 1
50 4.58673 -1.13315e-24 -0 1 1
50 4.58673 1.07668e-24 -0 1 1
50 4.58673 8.0429e-26 -0 1 1
50 4.58673 0.014021 -0 1 1
50 4.58673 1.61904e-26 -0 1 1
50 4.71239 -8.61216e-23 -0 1 1
50 4.71239 -0.0147564 -0 1 1
50 4.71239 -8.47217e-26 -0 1 1
50 4.71239 -1.13315e-24 -0 1 1
50 4.71239 1.07668e-24 -0 1 1
50 4.71239 8.0429e-26 -0 1 1
50 4.71239 0.014021 -0 1 1
50 4.71239 1.61904e-26 -0 1 1
50 4.83805 -8.61216e-23 -0 1 1
50 4.83805 -0.0147564 -0 1 1
50 4.83805 -8.47217e-26 -0 1 1
50 4.83805 -1.13315e-24 -0 1 1
50 4.83805 1.07668e-24 -0 1 1
50 4.83805 8.0429e-26 -0 1 1
50 4.83805 0.014021 -0 1 1
50 4.83805 1.61904e-26 -0 1 1
50 4.96372 -8.61216e-23 -0 1 1
50 4.96372 -0.0147564 -0 1 1
50 4.96372 -8.47217e-26 -0 1 1
50 4.96372 -1.13315e-24 -0 1 1
50 4.96372 1.07668e-24 -0 1 1
50 4.96372 8.0429e-26 -0 1 1
50 4.96372 0.014021 -0 1 1
50 4.96372 1.61904e-26 -0 1 1
50 5.08938 -8.61216e-23 -0 1 1
50 5.08938 -0.0147564 -0 1 1
50 5.08938 -8.47217e-26 -0 1 1
50 5.08938 -1.13315e-24 -0 1 1
50 5.08938 1.07668e-24 -0 1 1
50 5.08938 8.0429e-26 -0 1 1
50 5.08938 0.014021 -0 1 1
50 5.08938 1.61904e-26 -0 1 1
50 5.21504 -8.61216e-23 -0 1 1
50 5.21504 -0.0147564 -0 1 1
50 5.21504 -8.47217e-26 -0 1 1
50 5.21504 -1.13315e-24 -0 1 1
50 5.21504 1.07668e-24 -0 1 1
50 5.21504 8.0429e-26 -0 1 1
50 5.21504 0.014021 -0 1 1
50 5.21504 1.61904e-26 -0 1 1
50 5.34071 -8.61216e-23 -0 1 1
50 5.34071 -0.0147564 -0 1 1
50 5.34071 -8.47217e-26 -0 1 1
50 5.34071 -1.13315e-24 -0 1 1
50 5.34071 1.07668e-24 -0 1 1
50 5.34071 8.0429e-26 -0 1 1
50 5.34071 0.014021 -0 1 1
50 5.34071 1.61904e-26 -0 1 1
50 5.46637 -8.61216e-23 -0 1 1
50 5.46637 -0.0147564 -0 1 1
50 5.46637 -8.47217e-26 -0 1 1
50 5.46637 -1.13315e-24 -0 1 1
50 5.46637 1.07668e-24 -0 1 1
50 5.46637 8.0429e-26 -0 1 1
50 5.46637 0.014021 -0 1 1
50 5.46637 1.61904e-26 -0 1 1
50 5.59203 -8.61216e-23 -0 1 1
50 5.59203 -0.0147564 -0 1 1
50 5.59203 -8.47217e-26 -0 1 1
50 5.59203 -1.13315e-24 -0 1 1
50 5.59203 1.07668e-24 -0 1 1
50 5.59203 8.0429e-26 -0 1 1
50 5.59203 0.014021 -0 1 1
50 5.59203 1.61904e-26 -0 1 1
50 5.7177 -8.61216e-23 -0 1 1
50 5.7177 -0.0147564 -0 1 1
50 5.7177 -8.47217e-26 -0 1 1
50 5.7177 -1.13315e-24 -0 1 1
50 5.7177 1.07668e-24 -0 1 1
50 5.7177 8.0429e-26 -0 1 1
50 5.7177 0.014021 -0 1 1
50 5.7177 1.61904e-26 -0 1 1
50 5.84336 -8.61216e-23 -0 1 1
50 5.84336 -0.0147564 -0 1 1
50 5.84336 -8.47217e-26 -0 1 1
50 5.84336 -1.13315e-24 -0 1 1
50 5.84336 1.07668e-24 -0 1 1
50 5.84336 8.0429e-26 -0 1 1
50 5.84336 0.014021 -0 1 1
50 5.84336 1.61904e-26 -0 1 1
50 5.96903 -8.61216e-23 -0 1 1
50 5.96903 -0.0147564 -0 1 1
50 5.96903 -8.47217e-26 -0 1 1
50 5.96903 -1.13315e-24 -0 1 1
50 5.96903 1.07668e-24 -0 1 1
50 5.96903 8.0429e-26 -0 1 1
50 5.96903 0.014021 -0 1 1
50 5.96903 1.61904e-26 -0 1 1
50 6.09469 -8.61216e-23 -0 1 1
50 6.09469 -0.0147564 -0 1 1
50 6.09469 -8.47217e-26 -0 1 1
50 6.09469 -1.13315e-24 -0 1 1
50 6.09469 1.07668e-24 -0 1 1
50 6.09469 8.0429e-26 -0 1 1
50 6.09469 0.014021 -0 1 1
50 6.09469 1.61904e-26 -0 1 1
50 6.22035 -8.61216e-23 -0 1 1
50 6.22035 -0.0147564 -0 1 1
50 6.22035 -8.47217e-26 -0 1 1
50 6.22035 -1.13315e-24 -0 1 1
50 6.22035 1.07668e-24 -0 1 1
50 6.22035 8.0429e-26 -0 1 1
50 6.22035 0.014021 -0 1 1
50 6.22035 1.61904e-26 -0 1 1
50 6.34602 -8.61216e-23 -0 1 1
50 6.34602 -0.0147564 -0 1 1
50 6.34602 -8.47217e-26 -0 1 1
50 6.34602 -1.13315e-24 -0 1 1
50 6.34602 1.07668e-24 -0 1 1
50 6.34602 8.0429e-26 -0 1 1
50 6.34602 0.014021 -0 1 1
50 6.34602 1.61904e-26 -0 1 1
50 6.47168 -8.61216e-23 -0 1 1
50 6.47168 -0.0147564 -0 1 1
50 6.47168 -8.47217e-26 -0 1 1
50 6.47168 -1.13315e-24 -0 1 1
50 6.47168 1.07668e-24 -0 1 1
50 6.47168 8.0429e-26 -0 1 1
50 6.47168 0.014021 -0 1 1
50 6.47168 1.61904e-26 -0 1 1
50 6.59734 -8.61216e-23 -0 1 1
50 6.59734 -0.0147564 -0 1 1
50 6.59734 -8.47217e-26 -0 1 1
50 6.59734 -1.13315e-24 -0 1 1
50 6.59734 1.07668e-24 -0 1 1
50 6.59734 8.0429e-26 -0 1 1
50 6.59734 0.014021 -0 1 1
50 6.59734 1.61904e-26 -0 1 1
50 6.72301 -8.61216e-23 -0 1 1
50 6.72301 -0.0147564 -0 1 1
50 6.72301 -8.47217e-26 -0 1 1
50 6.72301 -1.13315e-24 -0 1 1
50 6.72301 1.07668e-24 -0 1 1
50 6.72301 8.0429e-26 -0 1 1
50 6.72301 0.014021 -0 1 1
50 6.72301 1.61904e-26 -0 1 1
50 6.84867 -8.61216e-23 -0 1 1
50 6.84867 -0.0147564 -0 1 1
50 6.84867 -8.47217e-26 -0 1 1
50 6.84867 -1.13315e-24 -0 1 1
50 6.84867 1.07668e-24 -0 1 1
50 6.84867 8.0429e-26 -0 1 1
50 6.84867 0.014021 -0 1 1
50 6.84867 1.61904e-26 -0 1 1
50 6.97434 -8.61216e-23 -0 1 1
50 6.97434 -0.0147564 -0 1 1
50 6.97434 -8.47217e-26 -0 1 1
50 6.97434 -1.13315e-24 -0 1 1
50 6.97434 1.07668e-24 -0 1 1
50 6.97434 8.0429e-26 -0 1 1
50 6.97434 0.014021 -0 1 1
50 6.97434 1.61904e-26 -0 1 1
50 7.1 -8.61216e-23 -0 1 1
50 7.1 -0.0147564 -0 1 1
50 7.1 -8.47217e-26 -0 1 1
50 7.1 -1.13315e-24 -0 1 1
50 7.1 1.07668e-24 -0 1 1
50 7.1 8.0429e-26 -0 1 1
50 7.1 0.014021 -0 1 1
50 7.1 1.61904e-26 -0 1 1
50 7.22566 -8.61216e-23 -0 1 1
50 7.22566 -0.0147564 -0 1 1
50 7.22566 -8.47217e-26 -0 1 1
50 7.22566 -1.13315e-24 -0 1 1
50 7.22566 1.07668e-24 -0 1 1
50 7.22566 8.0429e-26 -0 1 1
50 7.22566 0.014021 -0 1 1
50 7.22566 1.61904e-26 -0 1 1
50 7.35133 -8.61216e-23 -0 1 1
50 7.35133 -0.0147564 -0 1 1
50 7.35133 -8.47217e-26 -0 1 1
50 7.35133 -1.13315e-24 -0 1 1
50 7.35133 1.07668e-24 -0 1 1
50 7.35133 8.0429e-26 -0 1 1
50 7.35133 0.014021 -0 1 1
50 7.35133 1.61904e-26 -0 1 1
50 7.47699 -8.61216e-23 -0 1 1
50 7.47699 -0.0147564 -0 1 1
50 7.47699 -8.47217e-26 -0 1 1
50 7.47699 -1.13315e-24 -0 1 1
50 7.47699 1.07668e-24 -0 1 1
50 7.47699 8.0429e-26 -0 1 1
50 7.47699 0.014021 -0 1 1
50 7.47699 1.61904e-26 -0 1 1
50 7.60265 -8.61216e-23 -0 1 1
50 7.60265 -0.0147564 -0 1 1
50 7.60265 -8.47217e-26 -0 1 1
50 7.60265 -1.13315e-24 -0 1 1
50 7.60265 1.07668e-24 -0 1 1
50 7.60265 8.0429e-26 -0 1 1
50 7.60265 0.014021 -0 1 1
50 7.60265 1.61904e-26 -0 1 1
50 7.72832 -8.61216e-23 -0 1 1
50 7.72832 -0.0147564 -0 1 1
50 7.72832 -8.47217e-26 -0 1 1
50 7.72832 -1.13315e-24 -0 1 1
50 7.72832 1.07668e-24 -0 1 1
50 7.72832 8.0429e-26 -0 1 1
50 7.72832 0.014021 -0 1 1
50 7.72832 1.61904e-26 -0 1 1
50 7.85398 -8.61216e-23 -0 1 1
50 7.85398 -0.0147564 -0 1 1
50 7.85398 -8.47217e-26 -0 1 1
50 7.85398 -1.13315e-24 -0 1 1
50 7.85398 1.07668e-24 -0 1 1
50 7.85398 8.0429e-26 -0 1 1
50 7.85398 0.014021 -0 1 1
50 7.85398 1.61904e-26 -0 1 1
50 7.97965 -8.61216e-23 -0 1 1
50 7.97965 -0.0147564 -0 1 1
50 7.97965 -8.47217e-26 -0 1 1
50 7.97965 -1.13315e-24 -0 1 1
50 7.97965 1.07668e-24 -0 1 1
50 7.97965 8.0429e-26 -0 1 1
50 7.97965 0.014021 -0 1 1
50 7.97965 1.61904e-26 -0 1 1
50 8.10531 -8.61216e-23 -0 1 1
50 8.10531 -0.0147564 -0 1 1
50 8.10531 -8.47217e-26 -0 1 1
50 8.10531 -1.13315e-24 -0 1 1
50 8.10531 1.07668e-24 -0 1 1
50 8.10531 8.0429e-26 -0 1 1
50 8.10531 0.014021 -0 1 1
50 8.10531 1.61904e-26 -0 1 1
50 8.23097 -8.61216e-23 -0 1 1
50 8.23097 -0.0147564 -0 1 1
50 8.23097 -8.47217e-26 -0 1 1
50 8.23097 -1.13315e-24 -0 1 1
50 8.23097 1.07668e-24 -0 1 1
50 8.23097 8.0429e-26 -0 1 1
50 8.23097 0.014021 -0 1 1
50 8.23097 1.61904e-26 -0 1 1
50 8.35664 -8.61216e-23 -0 1 1
50 8.35664 -0.0147564 -0 1 1
50 8.35664 -8.47217e-26 -0 1 1
50 8.35664 -1.13315e-24 -0 1 1
50 8.35664 1.07668e-24 -0 1 1
50 8.35664 8.0429e-26 -0 1 1
50 8.35664 0.014021 -0 1 1
50 8.35664 1.61904e-26 -0 1 1
50 8.4823 -8.61216e-23 -0 1 1
50 8.4823 -0.0147564 -0 1 1
50 8.4823 -8.47217e-26 -0 1 1
50 8.4823 -1.13315e-24 -0 1 1
50 8.4823 1.07668e-24 -0 1 1
50 8.4823 8.0429e-26 -0 1 1
50 8.4823 0.014021 -0 1 1
50 8.4823 1.61904e-26 -0 1 1
50 8.60796 -8.61216e-23 -0 1 1
50 8.60796 -0.0147564 -0 1 1
50 8.60796 -8.47217e-26 -0 1 1
50 8.60796 -1.13315e-24 -0 1 1
50 8.60796 1.07668e-24 -0 1 1
50 8.60796 8.0429e-26 -0 1 1
50 8.60796 0.014021 -0 1 1
50 8.60796 1.61904e-26 -0 1 1
50 8.73363 -8.61216e-23 -0 1 1
50 8.73363 -0.0147564 -0 1 1
50 8.73363 -8.47217e-26 -0 1 1
50 8.73363 -1.13315e-24 -0 1 1
50 8.73363 1.07668e-24 -0 1 1
50 8.73363 8.0429e-26 -0 1 1
50 8.73363 0.014021 -0 1 1
50 8.73363 1.61904e-26 -0 1 1
50 8.85929 -8.61216e-23 -0 1 1
50 8.85929 -0.0147564 -0 1 1
50 8.85929 -8.47217e-26 -0 1 1
50 8.85929 -1.13315e-24 -0 1 1
50 8.85929 1.07668e-24 -0 1 1
50 8.85929 8.0429e-26 -0 1 1
50 8.85929 0.014021 -0 1 1
50 8.85929 1.61904e-26 -0 1 1
50 8.98495 -8.61216e-23 -0 1 1
50 8.98495 -0.0147564 -0 1 1
50 8.98495 -8.47217e-26 -0 1 1
50 8.98495 -1.13315e-24 -0 1 1
50 8.98495 1.07668e-24 -0 1 1
50 8.98495 8.0429e-26 -0 1 1
50 8.98495 0.014021 -0 1 1
50 8.98495 1.61904e-26 -0 1 1
50 9.11062 -8.61216e-23 -0 1 1
50 9.11062 -0.0147564 -0 1 1
50 9.11062 -8.47217e-26 -0 1 1
50 9.11062 -1.13315e-24 -0 1 1
50 9.11062 1.07668e-24 -0 1 1
50 9.11062 8.0429e-26 -0 1 1
50 9.11062 0.014021 -0 1 1
50 9.11062 1.61904e-26 -0 1 1
50 9.23628 -8.61216e-23 -0 1 1
50 9.23628 -0.0147564 -0 1 1
50 9.23628 -8.47217e-26 -0 1 1
50 9.23628 -1.13315e-24 -0 1 1
50 9.23628 1.07668e-24 -0 1 1
50 9.23628 8.0429e-26 -0 1 1
50 9.23628 0.014021 -0 1 1
50 9.23628 1.61904e-26 -0 1 1
50 9.36195 -8.61216e-23 -0 1 1
50 9.36195 -0.0147564 -0 1 1
50 9.36195 -8.47217e-26 -0 1 1
50 9.36195 -1.13315e-24 -0 1 1
50 9.36195 1.07668e-24 -0 1 1
50 9.36195 8.0429e-26 -0 1 1
50 9.36195 0.014021 -0 1 1
50 9.36195 1.61904e-26 -0 1 1
50 9.48761 -8.61216e-23 -0 1 1
50 9.48761 -0.0147564 -0 1 1
50 9.48761 -8.47217e-26 -0 1 1
50 9.48761 -1.13315e-24 -0 1 1
50 9.48761 1.07668e-24 -0 1 1
50 9.48761 8.0429e-26 -0 1 1
50 9.48761 0.014021 -0 1 1
50 9.48761 1.61904e-26 -0 1 1
50 9.61327 -8.61216e-23 -0 1 1
50 9.61327 -0.0147564 -0 1 1
50 9.61327 -8.47217e-26 -0 1 1
50 9.61327 -1.13315e-24 -0 1 1
50 9.61327 1.07668e-24 -0 1 1
50 9.61327 8.0429e-26 -0 1 1
50 9.61327 0.014021 -0 1 1
50 9.61327 1.61904e-26 -0 1 1
50 9.73894 -8.61216e-23 -0 1 1
50 9.73894 -0.0147564 -0 1 1
50 9.73894 -8.47217e-26 -0 1 1
50 9.73894 -1.13315e-24 -0 1 1
50 9.73894 1.07668e-24 -0 1 1
50 9.73894 8.0429e-26 -0 1 1
50 9.73894 0.014021 -0 1 1
50 9.73894 1.61904e-26 -0 1 1
50 9.8646 -8.61216e-23 -0 1 1
50 9.8646 -0.0147564 -0 1 1
50 9.8646 -8.47217e-26 -0 1 1
50 9.8646 -1.13315e-24 -0 1 1
50 9.8646 1.07668e-24 -0 1 1
50 9.8646 8.0429e-26 -0 1 1
50 9.8646 0.014021 -0 1 1
50 9.8646 1.61904e-26 -0 1 1
50 9.99026 -8.61216e-23 -0 1 1
50 9.99026 -0.0147564 -0 1 1
50 9.99026 -8.47217e-26 -0 1 1
50 9.99026 -1.13315e-24 -0 1 1
50 9.99026 1.07668e-24 -0 1 1
50 9.99026 8.0429e-26 -0 1 1
50 9.99026 0.014021 -0 1 1
50 9.99026 1.61904e-26 -0 1 1
50 10.1159 -8.61216e-23 -0 1 1
50 10.1159 -0.0147564 -0 1 1
50 10.1159 -8.47217e-26 -0 1 1
50 10.1159 -1.13315e-24 -0 1 1
50 10.1159 1.07668e-24 -0 1 1
50 10.1159 8.0429e-26 -0 1 1
50 10.1159 0.014021 -0 1 1
50 10.1159 1.61904e-26 -0 1 1
50 10.2416 -8.61216e-23 -0 1 1
50 10.2416 -0.0147564 -0 1 1
50 10.2416 -8.47217e-26 -0 1 1
50 10.2416 -1.13315e-24 -0 1 1
50 10.2416 1.07668e-24 -0 1 1
50 10.2416 8.0429e-26 -0 1 1
50 10.2416 0.014021 -0 1 1
50 10.2416 1.61904e-26 -0 1 1
50 10.3673 -8.61216e-23 -0 1 1
50 10.3673 -0.0147564 -0 1 1
50 10.3673 -8.47217e-26 -0 1 1
50 10.3673 -1.13315e-24 -0 1 1
50 10.3673 1.07668e-24 -0 1 1
50 10.3673 8.0429e-26 -0 1 1
50 10.3673 0.014021 -0 1 1
50 10.3673 1.61904e-26 -0 1 1
50 10.4929 -8.61216e-23 -0 1 1
50 10.4929 -0.0147564 -0 1 1
50 10.4929 -8.47217e-26 -0 1 1
50 10.4929 -1.13315e-24 -0 1 1
50 10.4929 1.07668e-24 -0 1 1
50 10.4929 8.0429e-26 -0 1 1
50 10.4929 0.014021 -0 1 1
50 10.4929 1.61904e-26 -0 1 1
50 10.6186 -8.61216e-23 -0 1 1
50 10.6186 -0.0147564 -0 1 1
50 10.6186 -8.47217e-26 -0 1 1
50 10.6186 -1.13315e-24 -0 1 1
50 10.6186 1.07668e-24 -0 1 1
50 10.6186 8.0429e-26 -0 1 1
50 10.6186 0.014021 -0 1 1
50 10.6186 1.61904e-26 -0 1 1
50 10.7442 -8.61216e-23 -0 1 1
50 10.7442 -0.0147564 -0 1 1
50 10.7442 -8.47217e-26 -0 1 1
50 10.7442 -1.13315e-24 -0 1 1
50 10.7442 1.07668e-24 -0 1 1
50 10.7442 8.0429e-26 -0 1 1
50 10.7442 0.014021 -0 1 1
50 10.7442 1.61904e-26 -0 1 1
50 10.8699 -8.61216e-23 -0 1 1
50 10.8699 -0.0147564 -0 1 1
50 10.8699 -8.47217e-26 -0 1 1
50 10.8699 -1.13315e-24 -0 1 1
50 10.8699 1.07668e-24 -0 1 1
50 10.8699 8.0429e-26 -0 1 1
50 10.8699 0.014021 -0 1 1
50 10.8699 1.61904e-26 -0 1 1
50 10.9956 -8.61216e-23 -0 1 1
50 10.9956 -0.0147564 -0 1 1
50 10.9956 -8.47217e-26 -0 1 1
50 10.9956 -1.13315e-24 -0 1 1
50 10.9956 1.07668e-24 -0 1 1
50 10.9956 8.0429e-26 -0 1 1
50 10.9956 0.014021 -0 1 1
50 10.9956 1.61904e-26 -0 1 1
50 11.1212 -8.61216e-23 -0 1 1
50 11.1212 -0.0147564 -0 1 1
50 11.1212 -8.47217e-26 -0 1 1
50 11.1212 -1.13315e-24 -0 1 1
50 11.1212 1.07668e-24 -0 1 1
50 11.1212 8.0429e-26 -0 1 1
50 11.1212 0.014021 -0 1 1
50 11.1212 1.61904e-26 -0 1 1
50 11.2469 -8.61216e-23 -0 1 1
50 11.2469 -0.0147564 -0 1 1
50 11.2469 -8.47217e-26 -0 1 1
50 11.2469 -1.13315e-24 -0 1 1
50 11.2469 1.07668e-24 -0 1 1
50 11.2469 8.0429e-26 -0 1 1
50 11.2469 0.014021 -0 1 1
50 11.2469 1.61904e-26 -0 1 1
50 11.3726 -8.61216e-23 -0 1 1
50 11.3726 -0.0147564 -0 1 1
50 11.3726 -8.47217e-26 -0 1 1
50 11.3726 -1.13315e-24 -0 1 1
50 11.3726 1.07668e-24 -0 1 1
50 11.3726 8.0429e-26 -0 1 1
50 11.3726 0.014021 -0 1 1
50 11.3726 1.61904e-26 -0 1 1
50 11.4982 -8.61216e-23 -0 1 1
50 11.4982 -0.0147564 -0 1 1
50 11.4982 -8.47217e-26 -0 1 1
50 11.4982 -1.13315e-24 -0 1 1
50 11.4982 1.07668e-24 -0 1 1
50 11.4982 8.0429e-26 -0 1 1
50 11.4982 0.014021 -0 1 1
50 11.4982 1.61904e-26 -0 1 1
50 11.6239 -8.61216e-23 -0 1 1
50 11.6239 -0.0147564 -0 1 1
50 11.6239 -8.47217e-26 -0 1 1
50 11.6239 -1.13315e-24 -0 1 1
50 11.6239 1.07668e-24 -0 1 1
50 11.6239 8.0429e-26 -0 1 1
50 11.6239 0.014021 -0 1 1
50 11.6239 1.61904e-26 -0 1 1
50 11.7496 -8.61216e-23 -0 1 1
50 11.7496 -0.0147564 -0 1 1
50 11.7496 -8.47217e-26 -0 1 1
50 11.7496 -1.13315e-24 -0 1 1
50 11.7496 1.07668e-24 -0 1 1
50 11.7496 8.0429e-26 -0 1 1
50 11.7496 0.014021 -0 1 1
50 11.7496 1.61904e-26 -0 1 1
50 11.8752 -8.61216e-23 -0 1 1
50 11.8752 -0.0147564 -0 1 1
50 11.8752 -8.47217e-26 -0 1 1
50 11.8752 -1.13315e-24 -0 1 1
50 11.8752 1.07668e-24 -0 1 1
50 11.8752 8.0429e-26 -0 1 1
50 11.8752 0.014021 -0 1 1
50 11.8752 1.61904e-26 -0 1 1
50 12.0009 -8.61216e-23 -0 1 1
50 12.0009 -0.0147564 -0 1 1
50 12.0009 -8.47217e-26 -0 1 1
50 12.0009 -1.13315e-24 -0 1 1
50 12.0009 1.07668e-24 -0 1 1
50 12.0009 8.0429e-26 -0 1 1
50 12.0009 0.014021 -0 1 1
50 12.0009 1.61904e-26 -0 1 1
50 12.1265 -8.61216e-23 -0 1 1
50 12.1265 -0.0147564 -0 1 1
50 12.1265 -8.47217e-26 -0 1 1
50 12.1265 -1.13315e-24 -0 1 1
50 12.1265 1.07668e-24 -0 1 1
50 12.1265 8.0429e-26 -0 1 1
50 12.1265 0.014021 -0 1 1
50 12.1265 1.61904e-26 -0 1 1
50 12.2522 -8.61216e-23 -0 1 1
50 12.2522 -0.0147564 -0 1 1
50 12.2522 -8.47217e-26 -0 1 1
50 12.2522 -1.13315e-24 -0 1 1
50 12.2522 1.07668e-24 -0 1 1
50 12.2522 8.0429e-26 -0 1 1
50 12.2522 0.014021 -0 1 1
50 12.2522 1.61904e-26 -0 1 1
50 12.3779 -8.61216e-23 -0 1 1
50 12.3779 -0.0147564 -0 1 1
50 12.3779 -8.47217e-26 -0 1 1
50 12.3779 -1.13315e-24 -0 1 1
50 12.3779 1.07668e-24 -0 1 1
50 12.3779 8.0429e-26 -0 1 1
50 12.3779 0.014021 -0 1 1
50 12.3779 1.61904e-26 -0 1 1
50 12.5035 -8.61216e-23 -0 1 1
50 12.5035 -0.0147564 -0 1 1
50 12.5035 -8.47217e-26 -0 1 1
50 12.5035 -1.13315e-24 -0 1 1
50 12.5035 1.07668e-24 -0 1 1
50 12.5035 8.0429e-26 -0 1 1
50 12.5035 0.014021 -0 1 1
50 12.5035 1.61904e-26 -0 1 1
