50 0.0628319 -0 -0 1 1
50 0.0628319 -1.38843e-27 1.44637e-28 1 1
50 0.0628319 -5.25568e-27 5.66935e-28 1 1
50 0.0628319 -2.48052e-30 5.41427e-31 1 1
50 0.0628319 0.00594047 0.000389908 1 1
50 0.0628319 0.00456566 0.000149674 1 1
50 0.0628319 0.00124786 4.09082e-05 1 1
50 0.0628319 -0 -0 1 1
50 0.188496 -0 -0 1 1
50 0.188496 -1.27903e-27 3.99282e-28 1 1
50 0.188496 -4.81283e-27 1.55745e-27 1 1
50 0.188496 -1.88423e-30 1.3621e-30 1 1
50 0.188496 0.00578947 0.00114989 1 1
50 0.188496 0.00452678 0.000445199 1 1
50 0.188496 0.00123724 0.000121679 1 1
50 0.188496 -0 -0 1 1
50 0.314159 -0 -0 1 1
50 0.314159 -1.1048e-27 5.74918e-28 1 1
50 0.314159 -4.11878e-27 2.22141e-27 1 1
50 0.314159 -1.09302e-30 1.6626e-30 1 1
50 0.314159 0.00550002 0.00185283 1 1
50 0.314159 0.00445098 0.000729574 1 1
50 0.314159 0.00121652 0.000199403 1 1
50 0.314159 -0 -0 1 1
50 0.439823 -0 -0 1 1
50 0.439823 -9.17245e-28 6.68534e-28 1 1
50 0.439823 -3.38626e-27 2.55682e-27 1 1
50 0.439823 -4.47879e-31 1.57334e-30 1 1
50 0.439823 0.00509507 0.0024684 1 1
50 0.439823 0.00434192 0.000996377 1 1
50 0.439823 0.00118671 0.000272324 1 1
50 0.439823 -0 -0 1 1
50 0.565487 -0 -0 1 1
50 0.565487 -7.47791e-28 7.00779e-28 1 1
50 0.565487 -2.7372e-27 2.65724e-27 1 1
50 0.565487 -3.91844e-32 1.32171e-30 1 1
50 0.565487 0.00460435 0.00297603 1 1
50 0.565487 0.00420456 0.00124053 1 1
50 0.565487 0.00114917 0.000339054 1 1
50 0.565487 -0 -0 1 1
50 0.69115 -0 -0 1 1
50 0.69115 -6.07238e-28 6.95563e-28 1 1
50 0.69115 -2.20814e-27 2.62e-27 1 1
50 0.69115 1.80679e-31 1.0513e-30 1 1
50 0.69115 0.00406008 0.0033659 1 1
50 0.69115 0.00404461 0.00145852 1 1
50 0.69115 0.00110545 0.000398635 1 1
50 0.69115 -0 -0 1 1
50 0.816814 -0 -0 1 1
50 0.816814 -4.955e-28 6.71577e-28 1 1
50 0.816814 -1.7924e-27 2.51342e-27 1 1
50 0.816814 2.82071e-31 8.18643e-31 1 1
50 0.816814 0.00349313 0.00363814 1 1
50 0.816814 0.00386804 0.00164846 1 1
50 0.816814 0.00105719 0.000450547 1 1
50 0.816814 -0 -0 1 1
50 0.942478 -0 -0 1 1
50 0.942478 -4.08073e-28 6.37928e-28 1 1
50 0.942478 -1.46959e-27 2.3778e-27 1 1
50 0.942478 3.17477e-31 6.34994e-31 1 1
50 0.942478 0.00293016 0.00380082 1 1
50 0.942478 0.00368057 0.00180988 1 1
50 0.942478 0.00100595 0.000494668 1 1
50 0.942478 -0 -0 1 1
50 1.06814 -0 -0 1 1
50 1.06814 -3.39465e-28 6.01092e-28 1 1
50 1.06814 -1.21875e-27 2.23485e-27 1 1
50 1.06814 3.18841e-31 4.94949e-31 1 1
50 1.06814 0.00239203 0.00386733 1 1
50 1.06814 0.00348741 0.00194355 1 1
50 1.06814 0.000953161 0.000531201 1 1
50 1.06814 -0 -0 1 1
50 1.19381 -0 -0 1 1
50 1.19381 -2.85376e-28 5.65633e-28 1 1
50 1.19381 -1.02242e-27 2.09541e-27 1 1
50 1.19381 3.03955e-31 3.89308e-31 1 1
50 1.19381 0.00189338 0.00385381 1 1
50 1.19381 0.00329299 0.00205111 1 1
50 1.19381 0.000900023 0.000560597 1 1
50 1.19381 -0 -0 1 1
50 1.31947 -0 -0 1 1
50 1.31947 -2.42644e-28 5.31121e-28 1 1
50 1.31947 -8.672e-28 1.96437e-27 1 1
50 1.31947 2.8227e-31 3.09554e-31 1 1
50 1.31947 0.00144309 0.00377705 1 1
50 1.31947 0.00310091 0.00213478 1 1
50 1.31947 0.000847524 0.000583465 1 1
50 1.31947 -0 -0 1 1
50 1.44513 -0 -0 1 1
50 1.44513 -2.08301e-28 4.99141e-28 1 1
50 1.44513 -7.43109e-28 1.84357e-27 1 1
50 1.44513 2.58634e-31 2.48945e-31 1 1
50 1.44513 0.00104522 0.00365295 1 1
50 1.44513 0.00291394 0.00219711 1 1
50 1.44513 0.000796423 0.000600503 1 1
50 1.44513 -0 -0 1 1
50 1.5708 -0 -0 1 1
50 1.5708 -1.80225e-28 4.70092e-28 1 1
50 1.5708 -6.42761e-28 1.73329e-27 1 1
50 1.5708 2.3543e-31 2.0245e-31 1 1
50 1.5708 0.000700159 0.00349562 1 1
50 1.5708 0.0027341 0.00224078 1 1
50 1.5708 0.00074727 0.000612437 1 1
50 1.5708 -0 -0 1 1
50 1.69646 -0 -0 1 1
50 1.69646 -1.5741e-28 4.43457e-28 1 1
50 1.69646 -5.60735e-28 1.63306e-27 1 1
50 1.69646 2.13744e-31 1.66401e-31 1 1
50 1.69646 0.000405732 0.00331691 1 1
50 1.69646 0.00256276 0.00226838 1 1
50 1.69646 0.000700439 0.00061998 1 1
50 1.69646 -0 -0 1 1
50 1.82212 -0 -0 1 1
50 1.82212 -1.38562e-28 4.18994e-28 1 1
50 1.82212 -4.92986e-28 1.5421e-27 1 1
50 1.82212 1.93987e-31 1.38147e-31 1 1
50 1.82212 0.000158138 0.00312636 1 1
50 1.82212 0.00240073 0.00228236 1 1
50 1.82212 0.000656154 0.000623804 1 1
50 1.82212 -0 -0 1 1
50 1.94779 -0 -0 1 1
50 1.94779 -1.2273e-28 3.96747e-28 1 1
50 1.94779 -4.36475e-28 1.45951e-27 1 1
50 1.94779 1.76234e-31 1.15762e-31 1 1
50 1.94779 -4.72878e-05 0.00293138 1 1
50 1.94779 0.00224842 0.00228499 1 1
50 1.94779 0.000614527 0.00062452 1 1
50 1.94779 -0 -0 1 1
50 2.07345 -0 -0 1 1
50 2.07345 -1.09479e-28 3.76447e-28 1 1
50 2.07345 -3.88922e-28 1.38441e-27 1 1
50 2.07345 1.60396e-31 9.78429e-32 1 1
50 2.07345 -0.000215527 0.00273747 1 1
50 2.07345 0.00210591 0.00227823 1 1
50 2.07345 0.000575577 0.000622674 1 1
50 2.07345 -0 -0 1 1
50 2.19911 -0 -0 1 1
50 2.19911 -9.81562e-29 3.58407e-28 1 1
50 2.19911 -3.48576e-28 1.31599e-27 1 1
50 2.19911 1.46312e-31 8.33585e-32 1 1
50 2.19911 -0.000351511 0.00254856 1 1
50 2.19911 0.00197304 0.00226385 1 1
50 2.19911 0.000539261 0.000618744 1 1
50 2.19911 -0 -0 1 1
50 2.32478 -0 -0 1 1
50 2.32478 -8.85343e-29 3.41188e-28 1 1
50 2.32478 -3.14078e-28 1.2535e-27 1 1
50 2.32478 1.338e-31 7.15417e-32 1 1
50 2.32478 -0.000459884 0.00236732 1 1
50 2.32478 0.00184948 0.00224334 1 1
50 2.32478 0.000505491 0.000613139 1 1
50 2.32478 -0 -0 1 1
50 2.45044 -0 -0 1 1
50 2.45044 -8.01032e-29 3.25964e-28 1 1
50 2.45044 -2.84369e-28 1.19628e-27 1 1
50 2.45044 1.22679e-31 6.18178e-32 1 1
50 2.45044 -0.000544878 0.00219545 1 1
50 2.45044 0.00173481 0.00221799 1 1
50 2.45044 0.000474149 0.00060621 1 1
50 2.45044 -0 -0 1 1
50 2.57611 -0 -0 1 1
50 2.57611 -7.28957e-29 3.1187e-28 1 1
50 2.57611 -2.58622e-28 1.14375e-27 1 1
50 2.57611 1.1278e-31 5.37513e-32 1 1
50 2.57611 -0.000610256 0.00203388 1 1
50 2.57611 0.00162852 0.00218888 1 1
50 2.57611 0.000445099 0.000598252 1 1
50 2.57611 -0 -0 1 1
50 2.70177 -0 -0 1 1
50 2.70177 -6.65807e-29 2.98624e-28 1 1
50 2.70177 -2.36169e-28 1.09539e-27 1 1
50 2.70177 1.03952e-31 4.70091e-32 1 1
50 2.70177 -0.000659304 0.00188303 1 1
50 2.70177 0.00153009 0.0021569 1 1
50 2.70177 0.000418196 0.000589511 1 1
50 2.70177 -0 -0 1 1
50 2.82743 -0 -0 1 1
50 2.82743 -6.10473e-29 2.8652e-28 1 1
50 2.82743 -2.16476e-28 1.05076e-27 1 1
50 2.82743 9.60596e-32 4.13342e-32 1 1
50 2.82743 -0.000694853 0.0017429 1 1
50 2.82743 0.00143897 0.0021228 1 1
50 2.82743 0.000393292 0.000580192 1 1
50 2.82743 -0 -0 1 1
50 2.9531 -0 -0 1 1
50 2.9531 -5.6184e-29 2.75272e-28 1 1
50 2.9531 -1.99119e-28 1.00948e-27 1 1
50 2.9531 8.89859e-32 3.65262e-32 1 1
50 2.9531 -0.000719314 0.00161324 1 1
50 2.9531 0.00135464 0.0020872 1 1
50 2.9531 0.000370242 0.000570463 1 1
50 2.9531 -0 -0 1 1
50 3.07876 -0 -0 1 1
50 3.07876 -5.18431e-29 2.64882e-28 1 1
50 3.07876 -1.83748e-28 9.71178e-28 1 1
50 3.07876 8.26292e-32 3.24276e-32 1 1
50 3.07876 -0.000734723 0.00149361 1 1
50 3.07876 0.00127657 0.00205061 1 1
50 3.07876 0.000348904 0.000560462 1 1
50 3.07876 -0 -0 1 1
50 3.20442 -0 -0 1 1
50 3.20442 -4.79886e-29 2.55208e-28 1 1
50 3.20442 -1.70069e-28 9.3558e-28 1 1
50 3.20442 7.69015e-32 2.89137e-32 1 1
50 3.20442 -0.00074279 0.00138348 1 1
50 3.20442 0.00120427 0.00201344 1 1
50 3.20442 0.000329145 0.000550302 1 1
50 3.20442 -0 -0 1 1
50 3.33009 -0 -0 1 1
50 3.33009 -4.45437e-29 2.46252e-28 1 1
50 3.33009 -1.57851e-28 9.02412e-28 1 1
50 3.33009 7.17267e-32 2.58849e-32 1 1
50 3.33009 -0.00074494 0.00128224 1 1
50 3.33009 0.00113729 0.00197601 1 1
50 3.33009 0.000310837 0.000540073 1 1
50 3.33009 -0 -0 1 1
50 3.45575 -0 -0 1 1
50 3.45575 -4.14699e-29 2.37869e-28 1 1
50 3.45575 -1.46888e-28 8.71445e-28 1 1
50 3.45575 6.70391e-32 2.32611e-32 1 1
50 3.45575 -0.00074236 0.00118927 1 1
50 3.45575 0.00107518 0.0019386 1 1
50 3.45575 0.000293863 0.000529848 1 1
50 3.45575 -0 -0 1 1
50 3.58142 -0 -0 1 1
50 3.58142 -3.86615e-29 2.29916e-28 1 1
50 3.58142 -1.37028e-28 8.42473e-28 1 1
50 3.58142 6.27819e-32 2.09773e-32 1 1
50 3.58142 -0.00073603 0.00110395 1 1
50 3.58142 0.00101756 0.00190142 1 1
50 3.58142 0.000278113 0.000519685 1 1
50 3.58142 -0 -0 1 1
50 3.70708 -0 -0 1 1
50 3.70708 -3.61689e-29 2.22685e-28 1 1
50 3.70708 -1.28112e-28 8.15315e-28 1 1
50 3.70708 5.8906e-32 1.89806e-32 1 1
50 3.70708 -0.000726757 0.00102565 1 1
50 3.70708 0.000964044 0.00186463 1 1
50 3.70708 0.000263487 0.000509631 1 1
50 3.70708 -0 -0 1 1
50 3.83274 -0 -0 1 1
50 3.83274 -3.39015e-29 2.15594e-28 1 1
50 3.83274 -1.20036e-28 7.89811e-28 1 1
50 3.83274 5.53685e-32 1.72277e-32 1 1
50 3.83274 -0.000715208 0.000953817 1 1
50 3.83274 0.000914303 0.00182837 1 1
50 3.83274 0.000249892 0.00049972 1 1
50 3.83274 -0 -0 1 1
50 3.95841 -0 -0 1 1
50 3.95841 -3.18389e-29 2.0908e-28 1 1
50 3.95841 -1.12695e-28 7.65818e-28 1 1
50 3.95841 5.21325e-32 1.56828e-32 1 1
50 3.95841 -0.000701927 0.000887888 1 1
50 3.95841 0.000868023 0.00179273 1 1
50 3.95841 0.000237243 0.00048998 1 1
50 3.95841 -0 -0 1 1
50 4.08407 -0 -0 1 1
50 4.08407 -2.99449e-29 2.03e-28 1 1
50 4.08407 -1.06e-28 7.43209e-28 1 1
50 4.08407 4.91656e-32 1.43159e-32 1 1
50 4.08407 -0.000687359 0.000827357 1 1
50 4.08407 0.000824921 0.0017578 1 1
50 4.08407 0.000225463 0.000480432 1 1
50 4.08407 -0 -0 1 1
50 4.20973 -0 -0 1 1
50 4.20973 -2.82201e-29 1.97207e-28 1 1
50 4.20973 -9.98846e-29 7.21869e-28 1 1
50 4.20973 4.64395e-32 1.31025e-32 1 1
50 4.20973 -0.000671869 0.000771751 1 1
50 4.20973 0.000784736 0.00172362 1 1
50 4.20973 0.00021448 0.000471091 1 1
50 4.20973 -0 -0 1 1
50 4.3354 -0 -0 1 1
50 4.3354 -2.66262e-29 1.91557e-28 1 1
50 4.3354 -9.42794e-29 7.01699e-28 1 1
50 4.3354 4.39295e-32 1.20217e-32 1 1
50 4.3354 -0.000655749 0.000720637 1 1
50 4.3354 0.000747233 0.00169024 1 1
50 4.3354 0.00020423 0.000461968 1 1
50 4.3354 -0 -0 1 1
50 4.46106 -0 -0 1 1
50 4.46106 -2.51637e-29 1.86487e-28 1 1
50 4.46106 -8.91302e-29 6.82605e-28 1 1
50 4.46106 4.16137e-32 1.10559e-32 1 1
50 4.46106 -0.000639239 0.000673616 1 1
50 4.46106 0.000712196 0.00165768 1 1
50 4.46106 0.000194654 0.000453069 1 1
50 4.46106 -0 -0 1 1
50 4.58673 -0 -0 1 1
50 4.58673 -2.38501e-29 1.8156e-28 1 1
50 4.58673 -8.43903e-29 6.64506e-28 1 1
50 4.58673 3.94732e-32 1.01903e-32 1 1
50 4.58673 -0.000622531 0.000630325 1 1
50 4.58673 0.000679428 0.00162596 1 1
50 4.58673 0.000185697 0.000444399 1 1
50 4.58673 -0 -0 1 1
50 4.71239 -0 -0 1 1
50 4.71239 -2.26123e-29 1.76922e-28 1 1
50 4.71239 -8.00153e-29 6.47326e-28 1 1
50 4.71239 3.74908e-32 9.41233e-33 1 1
50 4.71239 -0.000605777 0.000590432 1 1
50 4.71239 0.000648749 0.00159508 1 1
50 4.71239 0.000177313 0.000435958 1 1
50 4.71239 -0 -0 1 1
50 4.83805 -0 -0 1 1
50 4.83805 -2.14672e-29 1.72428e-28 1 1
50 4.83805 -7.5971e-29 6.30999e-28 1 1
50 4.83805 3.56519e-32 8.71122e-33 1 1
50 4.83805 -0.000589101 0.000553639 1 1
50 4.83805 0.000619998 0.00156504 1 1
50 4.83805 0.000169455 0.000427748 1 1
50 4.83805 -0 -0 1 1
50 4.96372 -0 -0 1 1
50 4.96372 -2.04166e-29 1.68224e-28 1 1
50 4.96372 -7.2225e-29 6.15464e-28 1 1
50 4.96372 3.39429e-32 8.07776e-33 1 1
50 4.96372 -0.000572599 0.00051967 1 1
50 4.96372 0.000593025 0.00153583 1 1
50 4.96372 0.000162082 0.000419765 1 1
50 4.96372 -0 -0 1 1
50 5.08938 -0 -0 1 1
50 5.08938 -1.94217e-29 1.64164e-28 1 1
50 5.08938 -6.87469e-29 6.00665e-28 1 1
50 5.08938 3.23523e-32 7.504e-33 1 1
50 5.08938 -0.000556345 0.000488279 1 1
50 5.08938 0.000567694 0.00150745 1 1
50 5.08938 0.000155159 0.000412008 1 1
50 5.08938 -0 -0 1 1
50 5.21504 -0 -0 1 1
50 5.21504 -1.85122e-29 1.60248e-28 1 1
50 5.21504 -6.55169e-29 5.86553e-28 1 1
50 5.21504 3.08694e-32 6.9831e-33 1 1
50 5.21504 -0.000540398 0.000459241 1 1
50 5.21504 0.000543881 0.00147988 1 1
50 5.21504 0.000148651 0.000404472 1 1
50 5.21504 -0 -0 1 1
50 5.34071 -0 -0 1 1
50 5.34071 -1.76672e-29 1.56622e-28 1 1
50 5.34071 -6.25053e-29 5.7308e-28 1 1
50 5.34071 2.94849e-32 6.50914e-33 1 1
50 5.34071 -0.000524801 0.000432353 1 1
50 5.34071 0.000521473 0.0014531 1 1
50 5.34071 0.000142526 0.000397153 1 1
50 5.34071 -0 -0 1 1
50 5.46637 -0 -0 1 1
50 5.46637 -1.68693e-29 1.52995e-28 1 1
50 5.46637 -5.96951e-29 5.60205e-28 1 1
50 5.46637 2.81903e-32 6.07697e-33 1 1
50 5.46637 -0.000509587 0.00040743 1 1
50 5.46637 0.000500368 0.00142709 1 1
50 5.46637 0.000136758 0.000390045 1 1
50 5.46637 -0 -0 1 1
50 5.59203 -0 -0 1 1
50 5.59203 -1.61281e-29 1.49658e-28 1 1
50 5.59203 -5.70714e-29 5.47889e-28 1 1
50 5.59203 2.69783e-32 5.68209e-33 1 1
50 5.59203 -0.000494777 0.000384305 1 1
50 5.59203 0.000480469 0.00140184 1 1
50 5.59203 0.000131319 0.000383144 1 1
50 5.59203 -0 -0 1 1
50 5.7177 -0 -0 1 1
50 5.7177 -1.54334e-29 1.46466e-28 1 1
50 5.7177 -5.46168e-29 5.36098e-28 1 1
50 5.7177 2.58419e-32 5.32059e-33 1 1
50 5.7177 -0.000480387 0.000362828 1 1
50 5.7177 0.000461692 0.00137733 1 1
50 5.7177 0.000126187 0.000376444 1 1
50 5.7177 -0 -0 1 1
50 5.84336 -0 -0 1 1
50 5.84336 -1.47858e-29 1.43347e-28 1 1
50 5.84336 -5.23152e-29 5.24799e-28 1 1
50 5.84336 2.4775e-32 4.98901e-33 1 1
50 5.84336 -0.000466425 0.000342861 1 1
50 5.84336 0.000443956 0.00135353 1 1
50 5.84336 0.00012134 0.000369938 1 1
50 5.84336 -0 -0 1 1
50 5.96903 -0 -0 1 1
50 5.96903 -1.41754e-29 1.40444e-28 1 1
50 5.96903 -5.01555e-29 5.13961e-28 1 1
50 5.96903 2.37723e-32 4.68434e-33 1 1
50 5.96903 -0.000452896 0.000324278 1 1
50 5.96903 0.000427188 0.00133041 1 1
50 5.96903 0.000116757 0.000363622 1 1
50 5.96903 -0 -0 1 1
50 6.09469 -0 -0 1 1
50 6.09469 -1.3603e-29 1.37542e-28 1 1
50 6.09469 -4.81278e-29 5.03558e-28 1 1
50 6.09469 2.28286e-32 4.40391e-33 1 1
50 6.09469 -0.000439799 0.000306968 1 1
50 6.09469 0.000411323 0.00130797 1 1
50 6.09469 0.000112421 0.000357488 1 1
50 6.09469 -0 -0 1 1
50 6.22035 -0 -0 1 1
50 6.22035 -1.30586e-29 1.34857e-28 1 1
50 6.22035 -4.62198e-29 4.93563e-28 1 1
50 6.22035 2.19395e-32 4.14537e-33 1 1
50 6.22035 -0.000427132 0.000290827 1 1
50 6.22035 0.000396298 0.00128618 1 1
50 6.22035 0.000108314 0.000351531 1 1
50 6.22035 -0 -0 1 1
50 6.34602 -0 -0 1 1
50 6.34602 -1.25514e-29 1.32244e-28 1 1
50 6.34602 -4.44216e-29 4.83955e-28 1 1
50 6.34602 2.11009e-32 3.90661e-33 1 1
50 6.34602 -0.000414887 0.000275762 1 1
50 6.34602 0.000382058 0.00126501 1 1
50 6.34602 0.000104422 0.000345746 1 1
50 6.34602 -0 -0 1 1
50 6.47168 -0 -0 1 1
50 6.47168 -1.20724e-29 1.29776e-28 1 1
50 6.47168 -4.2727e-29 4.7471e-28 1 1
50 6.47168 2.03091e-32 3.6858e-33 1 1
50 6.47168 -0.000403059 0.000261688 1 1
50 6.47168 0.000368549 0.00124445 1 1
50 6.47168 0.00010073 0.000340126 1 1
50 6.47168 -0 -0 1 1
50 6.59734 -0 -0 1 1
50 6.59734 -1.16308e-29 1.27308e-28 1 1
50 6.59734 -4.1128e-29 4.65809e-28 1 1
50 6.59734 1.95607e-32 3.48128e-33 1 1
50 6.59734 -0.000391637 0.000248527 1 1
50 6.59734 0.000355725 0.00122447 1 1
50 6.59734 9.72249e-05 0.000334665 1 1
50 6.59734 -0 -0 1 1
50 6.72301 -0 -0 1 1
50 6.72301 -1.11993e-29 1.24986e-28 1 1
50 6.72301 -3.96166e-29 4.57234e-28 1 1
50 6.72301 1.88525e-32 3.29158e-33 1 1
50 6.72301 -0.000380612 0.00023621 1 1
50 6.72301 0.000343542 0.00120506 1 1
50 6.72301 9.3895e-05 0.000329359 1 1
50 6.72301 -0 -0 1 1
50 6.84867 -0 -0 1 1
50 6.84867 -1.07951e-29 1.22663e-28 1 1
50 6.84867 -3.81867e-29 4.48966e-28 1 1
50 6.84867 1.81819e-32 3.11539e-33 1 1
50 6.84867 -0.000369971 0.000224671 1 1
50 6.84867 0.000331958 0.00118619 1 1
50 6.84867 9.07288e-05 0.000324202 1 1
50 6.84867 -0 -0 1 1
50 6.97434 -0 -0 1 1
50 6.97434 -1.04192e-29 1.20485e-28 1 1
50 6.97434 -3.68312e-29 4.40989e-28 1 1
50 6.97434 1.75462e-32 2.95152e-33 1 1
50 6.97434 -0.000359705 0.000213852 1 1
50 6.97434 0.000320935 0.00116784 1 1
50 6.97434 8.77163e-05 0.000319188 1 1
50 6.97434 -0 -0 1 1
50 7.1 -0 -0 1 1
50 7.1 -1.00441e-29 1.18452e-28 1 1
50 7.1 -3.55482e-29 4.33289e-28 1 1
50 7.1 1.6943e-32 2.79892e-33 1 1
50 7.1 -0.000349801 0.000203699 1 1
50 7.1 0.00031044 0.00115001 1 1
50 7.1 8.48478e-05 0.000314313 1 1
50 7.1 -0 -0 1 1
50 7.22566 -0 -0 1 1
50 7.22566 -9.70567e-30 1.16419e-28 1 1
50 7.22566 -3.43306e-29 4.25852e-28 1 1
50 7.22566 1.63701e-32 2.65664e-33 1 1
50 7.22566 -0.000340247 0.000194163 1 1
50 7.22566 0.00030044 0.00113266 1 1
50 7.22566 8.21145e-05 0.000309572 1 1
50 7.22566 -0 -0 1 1
50 7.35133 -0 -0 1 1
50 7.35133 -9.37687e-30 1.14459e-28 1 1
50 7.35133 -3.31733e-29 4.18664e-28 1 1
50 7.35133 1.58257e-32 2.52382e-33 1 1
50 7.35133 -0.000331031 0.0001852 1 1
50 7.35133 0.000290904 0.00111578 1 1
50 7.35133 7.95084e-05 0.00030496 1 1
50 7.35133 -0 -0 1 1
50 7.47699 -0 -0 1 1
50 7.47699 -9.06744e-30 1.12498e-28 1 1
50 7.47699 -3.20744e-29 4.11714e-28 1 1
50 7.47699 1.53078e-32 2.39969e-33 1 1
50 7.47699 -0.000322141 0.000176767 1 1
50 7.47699 0.000281806 0.00109936 1 1
50 7.47699 7.70217e-05 0.000300472 1 1
50 7.47699 -0 -0 1 1
50 7.60265 -0 -0 1 1
50 7.60265 -8.77115e-30 1.10755e-28 1 1
50 7.60265 -3.10288e-29 4.04988e-28 1 1
50 7.60265 1.48148e-32 2.28356e-33 1 1
50 7.60265 -0.000313564 0.000168828 1 1
50 7.60265 0.000273119 0.00108338 1 1
50 7.60265 7.46474e-05 0.000296104 1 1
50 7.60265 -0 -0 1 1
50 7.72832 -0 -0 1 1
50 7.72832 -8.4896e-30 1.0894e-28 1 1
50 7.72832 -3.0034e-29 3.98478e-28 1 1
50 7.72832 1.4345e-32 2.17479e-33 1 1
50 7.72832 -0.00030529 0.000161347 1 1
50 7.72832 0.00026482 0.00106782 1 1
50 7.72832 7.23791e-05 0.000291852 1 1
50 7.72832 -0 -0 1 1
50 7.85398 -0 -0 1 1
50 7.85398 -8.22183e-30 1.07197e-28 1 1
50 7.85398 -2.9086e-29 3.92173e-28 1 1
50 7.85398 1.38972e-32 2.0728e-33 1 1
50 7.85398 -0.000297306 0.000154293 1 1
50 7.85398 0.000256886 0.00105267 1 1
50 7.85398 7.02106e-05 0.000287711 1 1
50 7.85398 -0 -0 1 1
50 7.97965 -0 -0 1 1
50 7.97965 -7.96829e-30 1.05527e-28 1 1
50 7.97965 -2.81822e-29 3.86063e-28 1 1
50 7.97965 1.34698e-32 1.97708e-33 1 1
50 7.97965 -0.000289602 0.000147636 1 1
50 7.97965 0.000249296 0.00103792 1 1
50 7.97965 6.81364e-05 0.000283679 1 1
50 7.97965 -0 -0 1 1
50 8.10531 -0 -0 1 1
50 8.10531 -7.72402e-30 1.03856e-28 1 1
50 8.10531 -2.73192e-29 3.80139e-28 1 1
50 8.10531 1.30618e-32 1.88716e-33 1 1
50 8.10531 -0.000282167 0.000141349 1 1
50 8.10531 0.000242032 0.00102355 1 1
50 8.10531 6.6151e-05 0.00027975 1 1
50 8.10531 -0 -0 1 1
50 8.23097 -0 -0 1 1
50 8.23097 -7.48921e-30 1.02331e-28 1 1
50 8.23097 -2.64959e-29 3.74394e-28 1 1
50 8.23097 1.2672e-32 1.8026e-33 1 1
50 8.23097 -0.00027499 0.000135407 1 1
50 8.23097 0.000235076 0.00100954 1 1
50 8.23097 6.42496e-05 0.000275922 1 1
50 8.23097 -0 -0 1 1
50 8.35664 -0 -0 1 1
50 8.35664 -7.2684e-30 1.00806e-28 1 1
50 8.35664 -2.57087e-29 3.68819e-28 1 1
50 8.35664 1.22992e-32 1.72301e-33 1 1
50 8.35664 -0.000268061 0.000129788 1 1
50 8.35664 0.00022841 0.000995887 1 1
50 8.35664 6.24277e-05 0.00027219 1 1
50 8.35664 -0 -0 1 1
50 8.4823 -0 -0 1 1
50 8.4823 -7.05693e-30 9.92806e-29 1 1
50 8.4823 -2.49563e-29 3.63407e-28 1 1
50 8.4823 1.19426e-32 1.64803e-33 1 1
50 8.4823 -0.00026137 0.000124471 1 1
50 8.4823 0.000222018 0.000982577 1 1
50 8.4823 6.06809e-05 0.000268553 1 1
50 8.4823 -0 -0 1 1
50 8.60796 -0 -0 1 1
50 8.60796 -6.85497e-30 9.79006e-29 1 1
50 8.60796 -2.42361e-29 3.5815e-28 1 1
50 8.60796 1.16012e-32 1.57733e-33 1 1
50 8.60796 -0.000254907 0.000119435 1 1
50 8.60796 0.000215887 0.000969598 1 1
50 8.60796 5.90052e-05 0.000265005 1 1
50 8.60796 -0 -0 1 1
50 8.73363 -0 -0 1 1
50 8.73363 -6.65769e-30 9.65205e-29 1 1
50 8.73363 -2.35465e-29 3.53043e-28 1 1
50 8.73363 1.12742e-32 1.51061e-33 1 1
50 8.73363 -0.000248664 0.000114662 1 1
50 8.73363 0.000210003 0.000956938 1 1
50 8.73363 5.73968e-05 0.000261545 1 1
50 8.73363 -0 -0 1 1
50 8.85929 -0 -0 1 1
50 8.85929 -6.46995e-30 9.51404e-29 1 1
50 8.85929 -2.28861e-29 3.48079e-28 1 1
50 8.85929 1.09607e-32 1.4476e-33 1 1
50 8.85929 -0.000242632 0.000110137 1 1
50 8.85929 0.000204352 0.000944587 1 1
50 8.85929 5.58524e-05 0.000258169 1 1
50 8.85929 -0 -0 1 1
50 8.98495 -0 -0 1 1
50 8.98495 -6.29134e-30 9.38329e-29 1 1
50 8.98495 -2.22529e-29 3.43251e-28 1 1
50 8.98495 1.06601e-32 1.38804e-33 1 1
50 8.98495 -0.000236802 0.000105843 1 1
50 8.98495 0.000198923 0.000932534 1 1
50 8.98495 5.43685e-05 0.000254875 1 1
50 8.98495 -0 -0 1 1
50 9.11062 -0 -0 1 1
50 9.11062 -6.12214e-30 9.2598e-29 1 1
50 9.11062 -2.16463e-29 3.38556e-28 1 1
50 9.11062 1.03716e-32 1.33169e-33 1 1
50 9.11062 -0.000231166 0.000101766 1 1
50 9.11062 0.000193704 0.00092077 1 1
50 9.11062 5.29422e-05 0.00025166 1 1
50 9.11062 -0 -0 1 1
50 9.23628 -0 -0 1 1
50 9.23628 -5.95329e-30 9.13631e-29 1 1
50 9.23628 -2.10633e-29 3.33986e-28 1 1
50 9.23628 1.00947e-32 1.27836e-33 1 1
50 9.23628 -0.000225717 9.78923e-05 1 1
50 9.23628 0.000188685 0.000909284 1 1
50 9.23628 5.15705e-05 0.00024852 1 1
50 9.23628 -0 -0 1 1
50 9.36195 -0 -0 1 1
50 9.36195 -5.79814e-30 9.00555e-29 1 1
50 9.36195 -2.0504e-29 3.29538e-28 1 1
50 9.36195 9.82863e-33 1.22783e-33 1 1
50 9.36195 -0.000220447 9.42103e-05 1 1
50 9.36195 0.000183856 0.000898067 1 1
50 9.36195 5.02506e-05 0.000245455 1 1
50 9.36195 -0 -0 1 1
50 9.48761 -0 -0 1 1
50 9.48761 -5.64791e-30 8.88931e-29 1 1
50 9.48761 -1.99667e-29 3.25206e-28 1 1
50 9.48761 9.57291e-33 1.17992e-33 1 1
50 9.48761 -0.000215349 9.07082e-05 1 1
50 9.48761 0.000179208 0.000887111 1 1
50 9.48761 4.89801e-05 0.00024246 1 1
50 9.48761 -0 -0 1 1
50 9.61327 -0 -0 1 1
50 9.61327 -5.49776e-30 8.77307e-29 1 1
50 9.61327 -1.94496e-29 3.20987e-28 1 1
50 9.61327 9.32701e-33 1.13447e-33 1 1
50 9.61327 -0.000210416 8.73751e-05 1 1
50 9.61327 0.000174731 0.000876407 1 1
50 9.61327 4.77566e-05 0.000239535 1 1
50 9.61327 -0 -0 1 1
50 9.73894 -0 -0 1 1
50 9.73894 -5.35681e-30 8.66411e-29 1 1
50 9.73894 -1.89531e-29 3.16875e-28 1 1
50 9.73894 9.09043e-33 1.09133e-33 1 1
50 9.73894 -0.000205641 8.42013e-05 1 1
50 9.73894 0.000170418 0.000865948 1 1
50 9.73894 4.65778e-05 0.000236676 1 1
50 9.73894 -0 -0 1 1
50 9.8646 -0 -0 1 1
50 9.8646 -5.22037e-30 8.55513e-29 1 1
50 9.8646 -1.84742e-29 3.12866e-28 1 1
50 9.8646 8.86271e-33 1.05034e-33 1 1
50 9.8646 -0.000201019 8.11774e-05 1 1
50 9.8646 0.000166261 0.000855724 1 1
50 9.8646 4.54415e-05 0.000233882 1 1
50 9.8646 -0 -0 1 1
50 9.99026 -0 -0 1 1
50 9.99026 -5.09357e-30 8.44615e-29 1 1
50 9.99026 -1.80139e-29 3.08958e-28 1 1
50 9.99026 8.64341e-33 1.01138e-33 1 1
50 9.99026 -0.000196543 7.82948e-05 1 1
50 9.99026 0.000162252 0.00084573 1 1
50 9.99026 4.43459e-05 0.00023115 1 1
50 9.99026 -0 -0 1 1
50 10.1159 -0 -0 1 1
50 10.1159 -4.96675e-30 8.33717e-29 1 1
50 10.1159 -1.75712e-29 3.05145e-28 1 1
50 10.1159 8.43212e-33 9.74315e-34 1 1
50 10.1159 -0.000192208 7.55455e-05 1 1
50 10.1159 0.000158385 0.000835956 1 1
50 10.1159 4.32889e-05 0.000228479 1 1
50 10.1159 -0 -0 1 1
50 10.2416 -0 -0 1 1
50 10.2416 -4.84929e-30 8.24272e-29 1 1
50 10.2416 -1.7144e-29 3.01425e-28 1 1
50 10.2416 8.22846e-33 9.3904e-34 1 1
50 10.2416 -0.000188008 7.29219e-05 1 1
50 10.2416 0.000154653 0.000826398 1 1
50 10.2416 4.22688e-05 0.000225867 1 1
50 10.2416 -0 -0 1 1
50 10.3673 -0 -0 1 1
50 10.3673 -4.73184e-30 8.141e-29 1 1
50 10.3673 -1.6732e-29 2.97795e-28 1 1
50 10.3673 8.03207e-33 9.05446e-34 1 1
50 10.3673 -0.000183938 7.04169e-05 1 1
50 10.3673 0.000151049 0.000817047 1 1
50 10.3673 4.1284e-05 0.000223311 1 1
50 10.3673 -0 -0 1 1
50 10.4929 -0 -0 1 1
50 10.4929 -4.61909e-30 8.04655e-29 1 1
50 10.4929 -1.6335e-29 2.9425e-28 1 1
50 10.4929 7.8426e-33 8.73434e-34 1 1
50 10.4929 -0.000179993 6.80242e-05 1 1
50 10.4929 0.000147569 0.000807897 1 1
50 10.4929 4.03328e-05 0.00022081 1 1
50 10.4929 -0 -0 1 1
50 10.6186 -0 -0 1 1
50 10.6186 -4.51103e-30 7.94483e-29 1 1
50 10.6186 -1.59516e-29 2.90789e-28 1 1
50 10.6186 7.65974e-33 8.42912e-34 1 1
50 10.6186 -0.000176169 6.57374e-05 1 1
50 10.6186 0.000144207 0.000798943 1 1
50 10.6186 3.94138e-05 0.000218363 1 1
50 10.6186 -0 -0 1 1
50 10.7442 -0 -0 1 1
50 10.7442 -4.40767e-30 7.85764e-29 1 1
50 10.7442 -1.55823e-29 2.87408e-28 1 1
50 10.7442 7.48318e-33 8.13794e-34 1 1
50 10.7442 -0.00017246 6.35509e-05 1 1
50 10.7442 0.000140957 0.000790179 1 1
50 10.7442 3.85255e-05 0.000215967 1 1
50 10.7442 -0 -0 1 1
50 10.8699 -0 -0 1 1
50 10.8699 -4.30662e-30 7.76318e-29 1 1
50 10.8699 -1.52247e-29 2.84105e-28 1 1
50 10.8699 7.31264e-33 7.86001e-34 1 1
50 10.8699 -0.000168862 6.14594e-05 1 1
50 10.8699 0.000137814 0.000781598 1 1
50 10.8699 3.76666e-05 0.000213622 1 1
50 10.8699 -0 -0 1 1
50 10.9956 -0 -0 1 1
50 10.9956 -4.20573e-30 7.67598e-29 1 1
50 10.9956 -1.48798e-29 2.80876e-28 1 1
50 10.9956 7.14785e-33 7.59458e-34 1 1
50 10.9956 -0.000165371 5.94576e-05 1 1
50 10.9956 0.000134774 0.000773195 1 1
50 10.9956 3.68358e-05 0.000211326 1 1
50 10.9956 -0 -0 1 1
50 11.1212 -0 -0 1 1
50 11.1212 -4.11177e-30 7.58879e-29 1 1
50 11.1212 -1.45461e-29 2.7772e-28 1 1
50 11.1212 6.98855e-33 7.34096e-34 1 1
50 11.1212 -0.000161983 5.7541e-05 1 1
50 11.1212 0.000131833 0.000764965 1 1
50 11.1212 3.60319e-05 0.000209076 1 1
50 11.1212 -0 -0 1 1
50 11.2469 -0 -0 1 1
50 11.2469 -4.02239e-30 7.50886e-29 1 1
50 11.2469 -1.42238e-29 2.74633e-28 1 1
50 11.2469 6.8345e-33 7.09849e-34 1 1
50 11.2469 -0.000158695 5.57051e-05 1 1
50 11.2469 0.000128986 0.000756904 1 1
50 11.2469 3.52538e-05 0.000206873 1 1
50 11.2469 -0 -0 1 1
50 11.3726 -0 -0 1 1
50 11.3726 -3.9354e-30 7.42894e-29 1 1
50 11.3726 -1.3912e-29 2.71615e-28 1 1
50 11.3726 6.68548e-33 6.86658e-34 1 1
50 11.3726 -0.000155502 5.39458e-05 1 1
50 11.3726 0.00012623 0.000749005 1 1
50 11.3726 3.45005e-05 0.000204714 1 1
50 11.3726 -0 -0 1 1
50 11.4982 -0 -0 1 1
50 11.4982 -3.8486e-30 7.34537e-29 1 1
50 11.4982 -1.36105e-29 2.68662e-28 1 1
50 11.4982 6.54126e-33 6.64466e-34 1 1
50 11.4982 -0.000152401 5.22591e-05 1 1
50 11.4982 0.00012356 0.000741264 1 1
50 11.4982 3.37707e-05 0.000202598 1 1
50 11.4982 -0 -0 1 1
50 11.6239 -0 -0 1 1
50 11.6239 -3.7664e-30 7.26544e-29 1 1
50 11.6239 -1.33186e-29 2.65772e-28 1 1
50 11.6239 6.40165e-33 6.43218e-34 1 1
50 11.6239 -0.000149389 5.06413e-05 1 1
50 11.6239 0.000120973 0.000733677 1 1
50 11.6239 3.30637e-05 0.000200525 1 1
50 11.6239 -0 -0 1 1
50 11.7496 -0 -0 1 1
50 11.7496 -3.68646e-30 7.18914e-29 1 1
50 11.7496 -1.3036e-29 2.62943e-28 1 1
50 11.7496 6.26645e-33 6.22867e-34 1 1
50 11.7496 -0.000146463 4.9089e-05 1 1
50 11.7496 0.000118466 0.000726239 1 1
50 11.7496 3.23785e-05 0.000198492 1 1
50 11.7496 -0 -0 1 1
50 11.8752 -0 -0 1 1
50 11.8752 -3.60898e-30 7.11284e-29 1 1
50 11.8752 -1.27621e-29 2.60174e-28 1 1
50 11.8752 6.13548e-33 6.03364e-34 1 1
50 11.8752 -0.000143619 4.7599e-05 1 1
50 11.8752 0.000116035 0.000718946 1 1
50 11.8752 3.17142e-05 0.000196498 1 1
50 11.8752 -0 -0 1 1
50 12.0009 -0 -0 1 1
50 12.0009 -3.53378e-30 7.04017e-29 1 1
50 12.0009 -1.24968e-29 2.57463e-28 1 1
50 12.0009 6.00857e-33 5.84666e-34 1 1
50 12.0009 -0.000140854 4.61682e-05 1 1
50 12.0009 0.000113678 0.000711794 1 1
50 12.0009 3.10699e-05 0.000194544 1 1
50 12.0009 -0 -0 1 1
50 12.1265 -0 -0 1 1
50 12.1265 -3.46091e-30 6.9675e-29 1 1
50 12.1265 -1.22396e-29 2.54807e-28 1 1
50 12.1265 5.88554e-33 5.66733e-34 1 1
50 12.1265 -0.000138166 4.47937e-05 1 1
50 12.1265 0.000111392 0.000704779 1 1
50 12.1265 3.04449e-05 0.000192627 1 1
50 12.1265 -0 -0 1 1
50 12.2522 -0 -0 1 1
50 12.2522 -3.39052e-30 6.89483e-29 1 1
50 12.2522 -1.19906e-29 2.52206e-28 1 1
50 12.2522 5.76624e-33 5.49525e-34 1 1
50 12.2522 -0.000135552 4.34727e-05 1 1
50 12.2522 0.000109173 0.000697898 1 1
50 12.2522 2.98385e-05 0.000190746 1 1
50 12.2522 -0 -0 1 1
50 12.3779 -0 -0 1 1
50 12.3779 -3.32241e-30 6.8258e-29 1 1
50 12.3779 -1.17487e-29 2.49657e-28 1 1
50 12.3779 5.65053e-33 5.33006e-34 1 1
50 12.3779 -0.000133009 4.22028e-05 1 1
50 12.3779 0.000107019 0.000691146 1 1
50 12.3779 2.92498e-05 0.0001889 1 1
50 12.3779 -0 -0 1 1
50 12.5035 -0 -0 1 1
50 12.5035 -3.2565e-30 6.75676e-29 1 1
50 12.5035 -1.15143e-29 2.47158e-28 1 1
50 12.5035 5.53826e-33 5.17142e-34 1 1
50 12.5035 -0.000130535 4.09815e-05 1 1
50 12.5035 0.000104928 0.000684521 1 1
50 12.5035 2.86782e-05 0.000187089 1 1
50 12.5035 -0 -0 1 1
