8.020731999999999307e-01 3.513419999999999982e-05 0.000000000000000000e+00 0.000000000000000000e+00
8.309976000000000029e-01 3.655819999999999838e-05 0.000000000000000000e+00 0.000000000000000000e+00
9.010061999999999793e-01 3.834240000000000071e-05 0.000000000000000000e+00 0.000000000000000000e+00
9.709982000000000335e-01 3.800679999999999667e-05 0.000000000000000000e+00 0.000000000000000000e+00
1.000035683199999914e+00 3.724300000000000239e-05 0.000000000000000000e+00 0.000000000000000000e+00
1.029017800000000094e+00 3.801220000000000174e-05 0.000000000000000000e+00 0.000000000000000000e+00
1.098978000000000010e+00 3.834880000000000119e-05 0.000000000000000000e+00 0.000000000000000000e+00
1.168935800000000080e+00 3.655759999999999706e-05 0.000000000000000000e+00 0.000000000000000000e+00
1.197937400000000041e+00 3.513180000000000133e-05 0.000000000000000000e+00 0.000000000000000000e+00
1.140016799999999941e+00 3.784019999999999729e-05 0.000000000000000000e+00 0.000000000000000000e+00
1.000011124540000074e+00 4.035999999999999983e-05 0.000000000000000000e+00 0.000000000000000000e+00
8.601351999999999887e-01 3.783840000000000012e-05 0.000000000000000000e+00 0.000000000000000000e+00
8.020731999999999307e-01 3.513419999999999982e-05 0.000000000000000000e+00 0.000000000000000000e+00
