#Ord Beta Mu H Kx Ky Rfq Imfq in out Re Re_err Imag Imag_err U1 U2 U3 U4 
1 4 0 0 0 0 0 0.785398 1 1 -0.197801 6.67247e-05 0 0 0 -1 -1 -1 
1 4 0 0 0 0 0 0.785398 2 2 0 0 0 0 1 -1 -1 -1 
1 4 0 0 0.785398 0 0 0.785398 1 1 -0.168988 6.94469e-05 0 0 0 -1 -1 -1 
1 4 0 0 0.785398 0 0 0.785398 2 2 0 0 0 0 1 -1 -1 -1 
1 4 0 0 1.5708 0 0 0.785398 1 1 -0.0989043 7.28379e-05 0 0 0 -1 -1 -1 
1 4 0 0 1.5708 0 0 0.785398 2 2 0 0 0 0 1 -1 -1 -1 
1 4 0 0 2.35619 0 0 0.785398 1 1 -0.0289358 7.21934e-05 0 0 0 -1 -1 -1 
1 4 0 0 2.35619 0 0 0.785398 2 2 0 0 0 0 1 -1 -1 -1 
1 4 0 0 3.14159 0 0 0.785398 1 1 -7.87532e-05 7.0773e-05 0 0 0 -1 -1 -1 
1 4 0 0 3.14159 0 0 0.785398 2 2 0 0 0 0 1 -1 -1 -1 
1 4 0 0 3.14159 0.785398 0 0.785398 1 1 0.0290284 7.22049e-05 0 0 0 -1 -1 -1 
1 4 0 0 3.14159 0.785398 0 0.785398 2 2 0 0 0 0 1 -1 -1 -1 
1 4 0 0 3.14159 1.5708 0 0.785398 1 1 0.0989208 7.28356e-05 0 0 0 -1 -1 -1 
1 4 0 0 3.14159 1.5708 0 0.785398 2 2 0 0 0 0 1 -1 -1 -1 
1 4 0 0 3.14159 2.35619 0 0.785398 1 1 0.169038 6.94708e-05 0 0 0 -1 -1 -1 
1 4 0 0 3.14159 2.35619 0 0.785398 2 2 0 0 0 0 1 -1 -1 -1 
1 4 0 0 3.14159 3.14159 0 0.785398 1 1 0.197951 6.67482e-05 0 0 0 -1 -1 -1 
1 4 0 0 3.14159 3.14159 0 0.785398 2 2 0 0 0 0 1 -1 -1 -1 
1 4 0 0 2.35619 2.35619 0 0.785398 1 1 0.139983 7.18739e-05 0 0 0 -1 -1 -1 
1 4 0 0 2.35619 2.35619 0 0.785398 2 2 0 0 0 0 1 -1 -1 -1 
1 4 0 0 1.5708 1.5708 0 0.785398 1 1 -2.17026e-05 7.66871e-05 0 0 0 -1 -1 -1 
1 4 0 0 1.5708 1.5708 0 0.785398 2 2 0 0 0 0 1 -1 -1 -1 
1 4 0 0 0.785398 0.785398 0 0.785398 1 1 -0.140035 7.19063e-05 0 0 0 -1 -1 -1 
1 4 0 0 0.785398 0.785398 0 0.785398 2 2 0 0 0 0 1 -1 -1 -1 
2 4 0 0 0 0 0 0.785398 1 1 -0.00365803 6.20608e-06 -0.00211656 9.11081e-07 0 0 -1 -1 
2 4 0 0 0 0 0 0.785398 2 2 0 0 0 0 1 1 -1 -1 
2 4 0 0 0 0 0 0.785398 1 1 0.0283346 2.7744e-05 -0.0192606 8.3648e-06 2 2 -1 -1 
2 4 0 0 0 0 0 0.785398 2 2 0 0 0 0 3 3 -1 -1 
2 4 0 0 0.785398 0 0 0.785398 1 1 -0.00381545 6.9743e-06 -0.00315677 1.57328e-06 0 0 -1 -1 
2 4 0 0 0.785398 0 0 0.785398 2 2 0 0 0 0 1 1 -1 -1 
2 4 0 0 0.785398 0 0 0.785398 1 1 0.0235412 2.95149e-05 -0.0207433 1.05887e-05 2 2 -1 -1 
2 4 0 0 0.785398 0 0 0.785398 2 2 0 0 0 0 3 3 -1 -1 
2 4 0 0 1.5708 0 0 0.785398 1 1 -0.00356964 8.71708e-06 -0.0059758 3.69215e-06 0 0 -1 -1 
2 4 0 0 1.5708 0 0 0.785398 2 2 0 0 0 0 1 1 -1 -1 
2 4 0 0 1.5708 0 0 0.785398 1 1 0.0124299 3.26906e-05 -0.0248489 1.58538e-05 2 2 -1 -1 
2 4 0 0 1.5708 0 0 0.785398 2 2 0 0 0 0 3 3 -1 -1 
2 4 0 0 2.35619 0 0 0.785398 1 1 -0.00167307 9.86585e-06 -0.00934146 6.31353e-06 0 0 -1 -1 
2 4 0 0 2.35619 0 0 0.785398 2 2 0 0 0 0 1 1 -1 -1 
2 4 0 0 2.35619 0 0 0.785398 1 1 0.00297989 3.44838e-05 -0.0301759 2.20111e-05 2 2 -1 -1 
2 4 0 0 2.35619 0 0 0.785398 2 2 0 0 0 0 3 3 -1 -1 
2 4 0 0 3.14159 0 0 0.785398 1 1 -1.23634e-05 9.97233e-06 -0.0109649 7.57493e-06 0 0 -1 -1 
2 4 0 0 3.14159 0 0 0.785398 2 2 0 0 0 0 1 1 -1 -1 
2 4 0 0 3.14159 0 0 0.785398 1 1 2.70011e-05 3.47642e-05 -0.0330218 2.5388e-05 2 2 -1 -1 
2 4 0 0 3.14159 0 0 0.785398 2 2 0 0 0 0 3 3 -1 -1 
2 4 0 0 3.14159 0.785398 0 0.785398 1 1 0.00167403 9.87078e-06 -0.00935306 6.31679e-06 0 0 -1 -1 
2 4 0 0 3.14159 0.785398 0 0.785398 2 2 0 0 0 0 1 1 -1 -1 
2 4 0 0 3.14159 0.785398 0 0.785398 1 1 -0.00294963 3.4484e-05 -0.0302175 2.20443e-05 2 2 -1 -1 
2 4 0 0 3.14159 0.785398 0 0.785398 2 2 0 0 0 0 3 3 -1 -1 
2 4 0 0 3.14159 1.5708 0 0.785398 1 1 0.00356893 8.7173e-06 -0.00596993 3.68677e-06 0 0 -1 -1 
2 4 0 0 3.14159 1.5708 0 0.785398 2 2 0 0 0 0 1 1 -1 -1 
2 4 0 0 3.14159 1.5708 0 0.785398 1 1 -0.0124397 3.26924e-05 -0.0248653 1.58818e-05 2 2 -1 -1 
2 4 0 0 3.14159 1.5708 0 0.785398 2 2 0 0 0 0 3 3 -1 -1 
2 4 0 0 3.14159 2.35619 0 0.785398 1 1 0.00381335 6.97388e-06 -0.00315599 1.57295e-06 0 0 -1 -1 
2 4 0 0 3.14159 2.35619 0 0.785398 2 2 0 0 0 0 1 1 -1 -1 
2 4 0 0 3.14159 2.35619 0 0.785398 1 1 -0.0235 2.94959e-05 -0.0207346 1.05797e-05 2 2 -1 -1 
2 4 0 0 3.14159 2.35619 0 0.785398 2 2 0 0 0 0 3 3 -1 -1 
2 4 0 0 3.14159 3.14159 0 0.785398 1 1 0.00366975 6.2099e-06 -0.00211696 9.11281e-07 0 0 -1 -1 
2 4 0 0 3.14159 3.14159 0 0.785398 2 2 0 0 0 0 1 1 -1 -1 
2 4 0 0 3.14159 3.14159 0 0.785398 1 1 -0.0283444 2.77447e-05 -0.0192477 8.36259e-06 2 2 -1 -1 
2 4 0 0 3.14159 3.14159 0 0.785398 2 2 0 0 0 0 3 3 -1 -1 
2 4 0 0 2.35619 2.35619 0 0.785398 1 1 0.00370894 7.70031e-06 -0.00404729 2.46775e-06 0 0 -1 -1 
2 4 0 0 2.35619 2.35619 0 0.785398 2 2 0 0 0 0 1 1 -1 -1 
2 4 0 0 2.35619 2.35619 0 0.785398 1 1 -0.0189668 3.07832e-05 -0.0220653 1.23565e-05 2 2 -1 -1 
2 4 0 0 2.35619 2.35619 0 0.785398 2 2 0 0 0 0 3 3 -1 -1 
2 4 0 0 1.5708 1.5708 0 0.785398 1 1 -2.60712e-06 9.44892e-06 -0.00689015 5.28374e-06 0 0 -1 -1 
2 4 0 0 1.5708 1.5708 0 0.785398 2 2 0 0 0 0 1 1 -1 -1 
2 4 0 0 1.5708 1.5708 0 0.785398 1 1 1.44493e-05 3.26274e-05 -0.0262842 1.83414e-05 2 2 -1 -1 
2 4 0 0 1.5708 1.5708 0 0.785398 2 2 0 0 0 0 3 3 -1 -1 
2 4 0 0 0.785398 0.785398 0 0.785398 1 1 -0.00370127 7.69446e-06 -0.0040394 2.46215e-06 0 0 -1 -1 
2 4 0 0 0.785398 0.785398 0 0.785398 2 2 0 0 0 0 1 1 -1 -1 
2 4 0 0 0.785398 0.785398 0 0.785398 1 1 0.01896 3.08166e-05 -0.0220724 1.23678e-05 2 2 -1 -1 
2 4 0 0 0.785398 0.785398 0 0.785398 2 2 0 0 0 0 3 3 -1 -1 
2 4 0 0 0 0 0 0.785398 1 1 0.00302295 3.68002e-06 0.000870539 4.62839e-07 0 0 -1 -1 
2 4 0 0 0 0 0 0.785398 2 2 0 0 0 0 1 1 -1 -1 
2 4 0 0 0.785398 0 0 0.785398 1 1 0.00242518 4.36298e-06 0.000654894 1.09303e-06 0 0 -1 -1 
2 4 0 0 0.785398 0 0 0.785398 2 2 0 0 0 0 1 1 -1 -1 
2 4 0 0 1.5708 0 0 0.785398 1 1 0.00114561 5.98238e-06 0.000211863 3.09023e-06 0 0 -1 -1 
2 4 0 0 1.5708 0 0 0.785398 2 2 0 0 0 0 1 1 -1 -1 
2 4 0 0 2.35619 0 0 0.785398 1 1 0.000220881 7.26562e-06 -4.93031e-05 5.70494e-06 0 0 -1 -1 
2 4 0 0 2.35619 0 0 0.785398 2 2 0 0 0 0 1 1 -1 -1 
2 4 0 0 3.14159 0 0 0.785398 1 1 1.46355e-06 7.59759e-06 -7.1442e-05 7.02908e-06 0 0 -1 -1 
2 4 0 0 3.14159 0 0 0.785398 2 2 0 0 0 0 1 1 -1 -1 
2 4 0 0 3.14159 0.785398 0 0.785398 1 1 -0.000227035 7.26939e-06 -5.39529e-05 5.70239e-06 0 0 -1 -1 
2 4 0 0 3.14159 0.785398 0 0.785398 2 2 0 0 0 0 1 1 -1 -1 
2 4 0 0 3.14159 1.5708 0 0.785398 1 1 -0.00115086 5.97876e-06 0.000217346 3.09272e-06 0 0 -1 -1 
2 4 0 0 3.14159 1.5708 0 0.785398 2 2 0 0 0 0 1 1 -1 -1 
2 4 0 0 3.14159 2.35619 0 0.785398 1 1 -0.00242666 4.36453e-06 0.000654626 1.09224e-06 0 0 -1 -1 
2 4 0 0 3.14159 2.35619 0 0.785398 2 2 0 0 0 0 1 1 -1 -1 
2 4 0 0 3.14159 3.14159 0 0.785398 1 1 -0.00302519 3.6843e-06 0.000871976 4.63256e-07 0 0 -1 -1 
2 4 0 0 3.14159 3.14159 0 0.785398 2 2 0 0 0 0 1 1 -1 -1 
2 4 0 0 2.35619 2.35619 0 0.785398 1 1 -0.00187595 4.92418e-06 0.000427864 1.39848e-06 0 0 -1 -1 
2 4 0 0 2.35619 2.35619 0 0.785398 2 2 0 0 0 0 1 1 -1 -1 
2 4 0 0 1.5708 1.5708 0 0.785398 1 1 2.18281e-06 6.31183e-06 -0.000293821 3.51382e-06 0 0 -1 -1 
2 4 0 0 1.5708 1.5708 0 0.785398 2 2 0 0 0 0 1 1 -1 -1 
2 4 0 0 0.785398 0.785398 0 0.785398 1 1 0.00187686 4.92079e-06 0.000430314 1.39737e-06 0 0 -1 -1 
2 4 0 0 0.785398 0.785398 0 0.785398 2 2 0 0 0 0 1 1 -1 -1 
2 4 0 0 0 0 0 0.785398 1 1 1.1291e-05 2.92633e-05 0 0 0 0 -1 -1 
2 4 0 0 0 0 0 0.785398 2 2 0 0 0 0 1 1 -1 -1 
2 4 0 0 0 0 0 0.785398 1 1 -1.45247e-07 5.85494e-05 0 0 2 1 -1 -1 
2 4 0 0 0 0 0 0.785398 2 2 0 0 0 0 3 0 -1 -1 
2 4 0 0 0.785398 0 0 0.785398 1 1 4.92083e-05 2.92773e-05 0 0 0 0 -1 -1 
2 4 0 0 0.785398 0 0 0.785398 2 2 0 0 0 0 1 1 -1 -1 
2 4 0 0 0.785398 0 0 0.785398 1 1 -1.08038e-06 5.85589e-05 0 0 2 1 -1 -1 
2 4 0 0 0.785398 0 0 0.785398 2 2 0 0 0 0 3 0 -1 -1 
2 4 0 0 1.5708 0 0 0.785398 1 1 -8.30604e-06 2.92807e-05 0 0 0 0 -1 -1 
2 4 0 0 1.5708 0 0 0.785398 2 2 0 0 0 0 1 1 -1 -1 
2 4 0 0 1.5708 0 0 0.785398 1 1 9.1595e-06 5.85671e-05 0 0 2 1 -1 -1 
2 4 0 0 1.5708 0 0 0.785398 2 2 0 0 0 0 3 0 -1 -1 
2 4 0 0 2.35619 0 0 0.785398 1 1 1.80672e-05 2.92837e-05 0 0 0 0 -1 -1 
2 4 0 0 2.35619 0 0 0.785398 2 2 0 0 0 0 1 1 -1 -1 
2 4 0 0 2.35619 0 0 0.785398 1 1 -7.59221e-05 5.85484e-05 0 0 2 1 -1 -1 
2 4 0 0 2.35619 0 0 0.785398 2 2 0 0 0 0 3 0 -1 -1 
2 4 0 0 3.14159 0 0 0.785398 1 1 4.10571e-05 2.92641e-05 0 0 0 0 -1 -1 
2 4 0 0 3.14159 0 0 0.785398 2 2 0 0 0 0 1 1 -1 -1 
2 4 0 0 3.14159 0 0 0.785398 1 1 -5.62825e-05 5.85719e-05 0 0 2 1 -1 -1 
2 4 0 0 3.14159 0 0 0.785398 2 2 0 0 0 0 3 0 -1 -1 
2 4 0 0 3.14159 0.785398 0 0.785398 1 1 -1.24682e-05 2.92777e-05 0 0 0 0 -1 -1 
2 4 0 0 3.14159 0.785398 0 0.785398 2 2 0 0 0 0 1 1 -1 -1 
2 4 0 0 3.14159 0.785398 0 0.785398 1 1 7.58262e-05 5.84834e-05 0 0 2 1 -1 -1 
2 4 0 0 3.14159 0.785398 0 0.785398 2 2 0 0 0 0 3 0 -1 -1 
2 4 0 0 3.14159 1.5708 0 0.785398 1 1 3.1363e-05 2.92472e-05 0 0 0 0 -1 -1 
2 4 0 0 3.14159 1.5708 0 0.785398 2 2 0 0 0 0 1 1 -1 -1 
2 4 0 0 3.14159 1.5708 0 0.785398 1 1 5.30375e-05 5.85168e-05 0 0 2 1 -1 -1 
2 4 0 0 3.14159 1.5708 0 0.785398 2 2 0 0 0 0 3 0 -1 -1 
2 4 0 0 3.14159 2.35619 0 0.785398 1 1 -4.91619e-06 2.92647e-05 0 0 0 0 -1 -1 
2 4 0 0 3.14159 2.35619 0 0.785398 2 2 0 0 0 0 1 1 -1 -1 
2 4 0 0 3.14159 2.35619 0 0.785398 1 1 -6.83283e-05 5.85164e-05 0 0 2 1 -1 -1 
2 4 0 0 3.14159 2.35619 0 0.785398 2 2 0 0 0 0 3 0 -1 -1 
2 4 0 0 3.14159 3.14159 0 0.785398 1 1 2.49866e-05 2.9258e-05 0 0 0 0 -1 -1 
2 4 0 0 3.14159 3.14159 0 0.785398 2 2 0 0 0 0 1 1 -1 -1 
2 4 0 0 3.14159 3.14159 0 0.785398 1 1 -2.12226e-05 5.85338e-05 0 0 2 1 -1 -1 
2 4 0 0 3.14159 3.14159 0 0.785398 2 2 0 0 0 0 3 0 -1 -1 
2 4 0 0 2.35619 2.35619 0 0.785398 1 1 -3.86829e-05 2.92442e-05 0 0 0 0 -1 -1 
2 4 0 0 2.35619 2.35619 0 0.785398 2 2 0 0 0 0 1 1 -1 -1 
2 4 0 0 2.35619 2.35619 0 0.785398 1 1 5.24354e-05 5.84959e-05 0 0 2 1 -1 -1 
2 4 0 0 2.35619 2.35619 0 0.785398 2 2 0 0 0 0 3 0 -1 -1 
2 4 0 0 1.5708 1.5708 0 0.785398 1 1 -1.07471e-07 2.92587e-05 0 0 0 0 -1 -1 
2 4 0 0 1.5708 1.5708 0 0.785398 2 2 0 0 0 0 1 1 -1 -1 
2 4 0 0 1.5708 1.5708 0 0.785398 1 1 6.06758e-05 5.85183e-05 0 0 2 1 -1 -1 
2 4 0 0 1.5708 1.5708 0 0.785398 2 2 0 0 0 0 3 0 -1 -1 
2 4 0 0 0.785398 0.785398 0 0.785398 1 1 1.58539e-05 2.92663e-05 0 0 0 0 -1 -1 
2 4 0 0 0.785398 0.785398 0 0.785398 2 2 0 0 0 0 1 1 -1 -1 
2 4 0 0 0.785398 0.785398 0 0.785398 1 1 0.000104082 5.85711e-05 0 0 2 1 -1 -1 
2 4 0 0 0.785398 0.785398 0 0.785398 2 2 0 0 0 0 3 0 -1 -1 
2 4 0 0 0 0 0 0.785398 1 1 -0.000402585 1.84184e-06 0 0 0 0 -1 -1 
2 4 0 0 0 0 0 0.785398 2 2 0 0 0 0 1 1 -1 -1 
2 4 0 0 0.785398 0 0 0.785398 1 1 -0.000346094 7.71848e-06 0 0 0 0 -1 -1 
2 4 0 0 0.785398 0 0 0.785398 2 2 0 0 0 0 1 1 -1 -1 
2 4 0 0 1.5708 0 0 0.785398 1 1 -0.000213933 1.46424e-05 0 0 0 0 -1 -1 
2 4 0 0 1.5708 0 0 0.785398 2 2 0 0 0 0 1 1 -1 -1 
2 4 0 0 2.35619 0 0 0.785398 1 1 -8.72284e-05 1.98895e-05 0 0 0 0 -1 -1 
2 4 0 0 2.35619 0 0 0.785398 2 2 0 0 0 0 1 1 -1 -1 
2 4 0 0 3.14159 0 0 0.785398 1 1 5.08055e-10 2.1864e-05 0 0 0 0 -1 -1 
2 4 0 0 3.14159 0 0 0.785398 2 2 0 0 0 0 1 1 -1 -1 
2 4 0 0 3.14159 0.785398 0 0.785398 1 1 4.90627e-05 1.98831e-05 0 0 0 0 -1 -1 
2 4 0 0 3.14159 0.785398 0 0.785398 2 2 0 0 0 0 1 1 -1 -1 
2 4 0 0 3.14159 1.5708 0 0.785398 1 1 0.000198316 1.46435e-05 0 0 0 0 -1 -1 
2 4 0 0 3.14159 1.5708 0 0.785398 2 2 0 0 0 0 1 1 -1 -1 
2 4 0 0 3.14159 2.35619 0 0.785398 1 1 0.000336668 7.71347e-06 0 0 0 0 -1 -1 
2 4 0 0 3.14159 2.35619 0 0.785398 2 2 0 0 0 0 1 1 -1 -1 
2 4 0 0 3.14159 3.14159 0 0.785398 1 1 0.0004024 1.84071e-06 0 0 0 0 -1 -1 
2 4 0 0 3.14159 3.14159 0 0.785398 2 2 0 0 0 0 1 1 -1 -1 
2 4 0 0 2.35619 2.35619 0 0.785398 1 1 0.000281022 9.773e-06 0 0 0 0 -1 -1 
2 4 0 0 2.35619 2.35619 0 0.785398 2 2 0 0 0 0 1 1 -1 -1 
2 4 0 0 1.5708 1.5708 0 0.785398 1 1 -8.61972e-06 1.36853e-05 0 0 0 0 -1 -1 
2 4 0 0 1.5708 1.5708 0 0.785398 2 2 0 0 0 0 1 1 -1 -1 
2 4 0 0 0.785398 0.785398 0 0.785398 1 1 -0.000276954 9.77742e-06 0 0 0 0 -1 -1 
2 4 0 0 0.785398 0.785398 0 0.785398 2 2 0 0 0 0 1 1 -1 -1 
3 4 0 0 0 0 0 0.785398 1 1 -0.00158708 1.01042e-06 -0.000141169 2.22705e-07 0 0 0 -1 
3 4 0 0 0 0 0 0.785398 1 1 -0.00329787 2.82526e-06 0.000720992 8.21766e-07 0 2 2 -1 
3 4 0 0 0 0 0 0.785398 2 2 0 0 0 0 1 1 1 -1 
3 4 0 0 0 0 0 0.785398 2 2 0 0 0 0 1 3 3 -1 
3 4 0 0 0 0 0 0.785398 1 1 -0.00330023 2.82608e-06 0.000721951 8.22169e-07 2 0 3 -1 
3 4 0 0 0 0 0 0.785398 1 1 -0.00329813 2.82447e-06 0.000721392 8.21834e-07 2 2 1 -1 
3 4 0 0 0 0 0 0.785398 2 2 0 0 0 0 3 1 2 -1 
3 4 0 0 0 0 0 0.785398 2 2 0 0 0 0 3 3 0 -1 
3 4 0 0 0.785398 0 0 0.785398 1 1 -0.00176488 1.19537e-06 -0.000203237 4.01527e-07 0 0 0 -1 
3 4 0 0 0.785398 0 0 0.785398 1 1 -0.00293633 3.37449e-06 0.0012601 1.76924e-06 0 2 2 -1 
3 4 0 0 0.785398 0 0 0.785398 2 2 0 0 0 0 1 1 1 -1 
3 4 0 0 0.785398 0 0 0.785398 2 2 0 0 0 0 1 3 3 -1 
3 4 0 0 0.785398 0 0 0.785398 1 1 -0.00293349 3.37556e-06 0.00126033 1.77174e-06 2 0 3 -1 
3 4 0 0 0.785398 0 0 0.785398 1 1 -0.00292982 3.37212e-06 0.00125859 1.77285e-06 2 2 1 -1 
3 4 0 0 0.785398 0 0 0.785398 2 2 0 0 0 0 3 1 2 -1 
3 4 0 0 0.785398 0 0 0.785398 2 2 0 0 0 0 3 3 0 -1 
3 4 0 0 1.5708 0 0 0.785398 1 1 -0.00181409 1.72068e-06 -0.000499117 1.27004e-06 0 0 0 -1 
3 4 0 0 1.5708 0 0 0.785398 1 1 -0.0018714 4.3691e-06 0.00263597 4.33626e-06 0 2 2 -1 
3 4 0 0 1.5708 0 0 0.785398 2 2 0 0 0 0 1 1 1 -1 
3 4 0 0 1.5708 0 0 0.785398 2 2 0 0 0 0 1 3 3 -1 
3 4 0 0 1.5708 0 0 0.785398 1 1 -0.00186871 4.3566e-06 0.00263594 4.34163e-06 2 0 3 -1 
3 4 0 0 1.5708 0 0 0.785398 1 1 -0.00186024 4.34946e-06 0.00262801 4.32842e-06 2 2 1 -1 
3 4 0 0 1.5708 0 0 0.785398 2 2 0 0 0 0 3 1 2 -1 
3 4 0 0 1.5708 0 0 0.785398 2 2 0 0 0 0 3 3 0 -1 
3 4 0 0 2.35619 0 0 0.785398 1 1 -0.000892858 1.91915e-06 -0.0010859 2.75165e-06 0 0 0 -1 
3 4 0 0 2.35619 0 0 0.785398 1 1 -0.000576013 4.4861e-06 0.00409783 7.4208e-06 0 2 2 -1 
3 4 0 0 2.35619 0 0 0.785398 2 2 0 0 0 0 1 1 1 -1 
3 4 0 0 2.35619 0 0 0.785398 2 2 0 0 0 0 1 3 3 -1 
3 4 0 0 2.35619 0 0 0.785398 1 1 -0.000574507 4.49305e-06 0.00410296 7.4416e-06 2 0 3 -1 
3 4 0 0 2.35619 0 0 0.785398 1 1 -0.000580814 4.5013e-06 0.00410902 7.43428e-06 2 2 1 -1 
3 4 0 0 2.35619 0 0 0.785398 2 2 0 0 0 0 3 1 2 -1 
3 4 0 0 2.35619 0 0 0.785398 2 2 0 0 0 0 3 3 0 -1 
3 4 0 0 3.14159 0 0 0.785398 1 1 2.76529e-06 1.61656e-06 -0.00139524 3.46829e-06 0 0 0 -1 
3 4 0 0 3.14159 0 0 0.785398 1 1 2.2967e-07 4.10001e-06 0.00478073 8.8602e-06 0 2 2 -1 
3 4 0 0 3.14159 0 0 0.785398 2 2 0 0 0 0 1 1 1 -1 
3 4 0 0 3.14159 0 0 0.785398 2 2 0 0 0 0 1 3 3 -1 
3 4 0 0 3.14159 0 0 0.785398 1 1 3.14346e-06 4.08973e-06 0.00476958 8.8552e-06 2 0 3 -1 
3 4 0 0 3.14159 0 0 0.785398 1 1 -4.37864e-06 4.09999e-06 0.00478618 8.86324e-06 2 2 1 -1 
3 4 0 0 3.14159 0 0 0.785398 2 2 0 0 0 0 3 1 2 -1 
3 4 0 0 3.14159 0 0 0.785398 2 2 0 0 0 0 3 3 0 -1 
3 4 0 0 3.14159 0.785398 0 0.785398 1 1 0.000900458 1.92401e-06 -0.0010878 2.75501e-06 0 0 0 -1 
3 4 0 0 3.14159 0.785398 0 0.785398 1 1 0.00057738 4.50633e-06 0.00411658 7.46085e-06 0 2 2 -1 
3 4 0 0 3.14159 0.785398 0 0.785398 2 2 0 0 0 0 1 1 1 -1 
3 4 0 0 3.14159 0.785398 0 0.785398 2 2 0 0 0 0 1 3 3 -1 
3 4 0 0 3.14159 0.785398 0 0.785398 1 1 0.0005799 4.5039e-06 0.00412077 7.46793e-06 2 0 3 -1 
3 4 0 0 3.14159 0.785398 0 0.785398 1 1 0.000581976 4.49961e-06 0.00410895 7.44169e-06 2 2 1 -1 
3 4 0 0 3.14159 0.785398 0 0.785398 2 2 0 0 0 0 3 1 2 -1 
3 4 0 0 3.14159 0.785398 0 0.785398 2 2 0 0 0 0 3 3 0 -1 
3 4 0 0 3.14159 1.5708 0 0.785398 1 1 0.0018146 1.72089e-06 -0.000500917 1.27223e-06 0 0 0 -1 
3 4 0 0 3.14159 1.5708 0 0.785398 1 1 0.00186323 4.35671e-06 0.00262715 4.31828e-06 0 2 2 -1 
3 4 0 0 3.14159 1.5708 0 0.785398 2 2 0 0 0 0 1 1 1 -1 
3 4 0 0 3.14159 1.5708 0 0.785398 2 2 0 0 0 0 1 3 3 -1 
3 4 0 0 3.14159 1.5708 0 0.785398 1 1 0.00186682 4.36129e-06 0.00263707 4.33534e-06 2 0 3 -1 
3 4 0 0 3.14159 1.5708 0 0.785398 1 1 0.00186259 4.34944e-06 0.00262309 4.319e-06 2 2 1 -1 
3 4 0 0 3.14159 1.5708 0 0.785398 2 2 0 0 0 0 3 1 2 -1 
3 4 0 0 3.14159 1.5708 0 0.785398 2 2 0 0 0 0 3 3 0 -1 
3 4 0 0 3.14159 2.35619 0 0.785398 1 1 0.00176616 1.19672e-06 -0.000202958 4.01965e-07 0 0 0 -1 
3 4 0 0 3.14159 2.35619 0 0.785398 1 1 0.00292743 3.37508e-06 0.00125717 1.77038e-06 0 2 2 -1 
3 4 0 0 3.14159 2.35619 0 0.785398 2 2 0 0 0 0 1 1 1 -1 
3 4 0 0 3.14159 2.35619 0 0.785398 2 2 0 0 0 0 1 3 3 -1 
3 4 0 0 3.14159 2.35619 0 0.785398 1 1 0.00293175 3.37183e-06 0.00125974 1.77184e-06 2 0 3 -1 
3 4 0 0 3.14159 2.35619 0 0.785398 1 1 0.00293367 3.37226e-06 0.00125999 1.77204e-06 2 2 1 -1 
3 4 0 0 3.14159 2.35619 0 0.785398 2 2 0 0 0 0 3 1 2 -1 
3 4 0 0 3.14159 2.35619 0 0.785398 2 2 0 0 0 0 3 3 0 -1 
3 4 0 0 3.14159 3.14159 0 0.785398 1 1 0.0015864 1.00929e-06 -0.00014162 2.22458e-07 0 0 0 -1 
3 4 0 0 3.14159 3.14159 0 0.785398 1 1 0.00329428 2.82076e-06 0.000720508 8.21109e-07 0 2 2 -1 
3 4 0 0 3.14159 3.14159 0 0.785398 2 2 0 0 0 0 1 1 1 -1 
3 4 0 0 3.14159 3.14159 0 0.785398 2 2 0 0 0 0 1 3 3 -1 
3 4 0 0 3.14159 3.14159 0 0.785398 1 1 0.00329552 2.82153e-06 0.000720156 8.21216e-07 2 0 3 -1 
3 4 0 0 3.14159 3.14159 0 0.785398 1 1 0.00329924 2.82718e-06 0.000721591 8.22371e-07 2 2 1 -1 
3 4 0 0 3.14159 3.14159 0 0.785398 2 2 0 0 0 0 3 1 2 -1 
3 4 0 0 3.14159 3.14159 0 0.785398 2 2 0 0 0 0 3 3 0 -1 
3 4 0 0 2.35619 2.35619 0 0.785398 1 1 0.00175716 1.41183e-06 -0.000301379 7.62693e-07 0 0 0 -1 
3 4 0 0 2.35619 2.35619 0 0.785398 1 1 0.00249455 3.81454e-06 0.00168457 2.81091e-06 0 2 2 -1 
3 4 0 0 2.35619 2.35619 0 0.785398 2 2 0 0 0 0 1 1 1 -1 
3 4 0 0 2.35619 2.35619 0 0.785398 2 2 0 0 0 0 1 3 3 -1 
3 4 0 0 2.35619 2.35619 0 0.785398 1 1 0.00250137 3.814e-06 0.00168675 2.82125e-06 2 0 3 -1 
3 4 0 0 2.35619 2.35619 0 0.785398 1 1 0.00249614 3.8183e-06 0.00167959 2.80097e-06 2 2 1 -1 
3 4 0 0 2.35619 2.35619 0 0.785398 2 2 0 0 0 0 3 1 2 -1 
3 4 0 0 2.35619 2.35619 0 0.785398 2 2 0 0 0 0 3 3 0 -1 
3 4 0 0 1.5708 1.5708 0 0.785398 1 1 1.24641e-07 1.9555e-06 -0.00086633 2.3872e-06 0 0 0 -1 
3 4 0 0 1.5708 1.5708 0 0.785398 1 1 7.70199e-06 4.62955e-06 0.00282669 5.91011e-06 0 2 2 -1 
3 4 0 0 1.5708 1.5708 0 0.785398 2 2 0 0 0 0 1 1 1 -1 
3 4 0 0 1.5708 1.5708 0 0.785398 2 2 0 0 0 0 1 3 3 -1 
3 4 0 0 1.5708 1.5708 0 0.785398 1 1 2.58144e-06 4.62979e-06 0.00282838 5.90717e-06 2 0 3 -1 
3 4 0 0 1.5708 1.5708 0 0.785398 1 1 6.2796e-06 4.6317e-06 0.00282725 5.91591e-06 2 2 1 -1 
3 4 0 0 1.5708 1.5708 0 0.785398 2 2 0 0 0 0 3 1 2 -1 
3 4 0 0 1.5708 1.5708 0 0.785398 2 2 0 0 0 0 3 3 0 -1 
3 4 0 0 0.785398 0.785398 0 0.785398 1 1 -0.00175524 1.41291e-06 -0.000301746 7.65987e-07 0 0 0 -1 
3 4 0 0 0.785398 0.785398 0 0.785398 1 1 -0.0024955 3.81335e-06 0.0016794 2.80134e-06 0 2 2 -1 
3 4 0 0 0.785398 0.785398 0 0.785398 2 2 0 0 0 0 1 1 1 -1 
3 4 0 0 0.785398 0.785398 0 0.785398 2 2 0 0 0 0 1 3 3 -1 
3 4 0 0 0.785398 0.785398 0 0.785398 1 1 -0.0024933 3.8128e-06 0.00167891 2.80736e-06 2 0 3 -1 
3 4 0 0 0.785398 0.785398 0 0.785398 1 1 -0.00249548 3.81848e-06 0.00168383 2.80691e-06 2 2 1 -1 
3 4 0 0 0.785398 0.785398 0 0.785398 2 2 0 0 0 0 3 1 2 -1 
3 4 0 0 0.785398 0.785398 0 0.785398 2 2 0 0 0 0 3 3 0 -1 
3 4 0 0 0 0 0 0.785398 1 1 0.000154503 4.05886e-07 2.4644e-05 8.3961e-08 0 0 0 -1 
3 4 0 0 0 0 0 0.785398 2 2 0 0 0 0 1 1 1 -1 
3 4 0 0 0 0 0 0.785398 1 1 0.000859844 1.4669e-06 -7.00936e-05 8.50808e-07 2 0 3 -1 
3 4 0 0 0 0 0 0.785398 2 2 0 0 0 0 3 1 2 -1 
3 4 0 0 0.785398 0 0 0.785398 1 1 0.000162531 5.77289e-07 2.29864e-05 2.2326e-07 0 0 0 -1 
3 4 0 0 0.785398 0 0 0.785398 2 2 0 0 0 0 1 1 1 -1 
3 4 0 0 0.785398 0 0 0.785398 1 1 0.000780256 2.10584e-06 -3.06802e-05 1.58416e-06 2 0 3 -1 
3 4 0 0 0.785398 0 0 0.785398 2 2 0 0 0 0 3 1 2 -1 
3 4 0 0 1.5708 0 0 0.785398 1 1 0.00013715 1.03167e-06 1.77798e-05 8.97884e-07 0 0 0 -1 
3 4 0 0 1.5708 0 0 0.785398 2 2 0 0 0 0 1 1 1 -1 
3 4 0 0 1.5708 0 0 0.785398 1 1 0.000535116 3.29478e-06 5.74539e-05 3.68756e-06 2 0 3 -1 
3 4 0 0 1.5708 0 0 0.785398 2 2 0 0 0 0 3 1 2 -1 
3 4 0 0 2.35619 0 0 0.785398 1 1 5.56073e-05 1.32207e-06 2.00474e-05 2.11698e-06 0 0 0 -1 
3 4 0 0 2.35619 0 0 0.785398 2 2 0 0 0 0 1 1 1 -1 
3 4 0 0 2.35619 0 0 0.785398 1 1 0.000185522 4.06977e-06 0.000118052 6.48022e-06 2 0 3 -1 
3 4 0 0 2.35619 0 0 0.785398 2 2 0 0 0 0 3 1 2 -1 
3 4 0 0 3.14159 0 0 0.785398 1 1 6.88005e-07 1.20786e-06 2.05457e-05 2.76356e-06 0 0 0 -1 
3 4 0 0 3.14159 0 0 0.785398 2 2 0 0 0 0 1 1 1 -1 
3 4 0 0 3.14159 0 0 0.785398 1 1 3.1035e-06 4.22792e-06 0.000131052 7.99626e-06 2 0 3 -1 
3 4 0 0 3.14159 0 0 0.785398 2 2 0 0 0 0 3 1 2 -1 
3 4 0 0 3.14159 0.785398 0 0.785398 1 1 -5.1932e-05 1.32134e-06 1.97125e-05 2.11412e-06 0 0 0 -1 
3 4 0 0 3.14159 0.785398 0 0.785398 2 2 0 0 0 0 1 1 1 -1 
3 4 0 0 3.14159 0.785398 0 0.785398 1 1 -0.000181331 4.07485e-06 0.000113219 6.50061e-06 2 0 3 -1 
3 4 0 0 3.14159 0.785398 0 0.785398 2 2 0 0 0 0 3 1 2 -1 
3 4 0 0 3.14159 1.5708 0 0.785398 1 1 -0.000137265 1.0321e-06 1.79319e-05 8.99031e-07 0 0 0 -1 
3 4 0 0 3.14159 1.5708 0 0.785398 2 2 0 0 0 0 1 1 1 -1 
3 4 0 0 3.14159 1.5708 0 0.785398 1 1 -0.000532768 3.2995e-06 5.45087e-05 3.70782e-06 2 0 3 -1 
3 4 0 0 3.14159 1.5708 0 0.785398 2 2 0 0 0 0 3 1 2 -1 
3 4 0 0 3.14159 2.35619 0 0.785398 1 1 -0.000162221 5.77195e-07 2.33028e-05 2.2298e-07 0 0 0 -1 
3 4 0 0 3.14159 2.35619 0 0.785398 2 2 0 0 0 0 1 1 1 -1 
3 4 0 0 3.14159 2.35619 0 0.785398 1 1 -0.000782994 2.10621e-06 -3.30997e-05 1.58809e-06 2 0 3 -1 
3 4 0 0 3.14159 2.35619 0 0.785398 2 2 0 0 0 0 3 1 2 -1 
3 4 0 0 3.14159 3.14159 0 0.785398 1 1 -0.000155504 4.05719e-07 2.48206e-05 8.39661e-08 0 0 0 -1 
3 4 0 0 3.14159 3.14159 0 0.785398 2 2 0 0 0 0 1 1 1 -1 
3 4 0 0 3.14159 3.14159 0 0.785398 1 1 -0.000855454 1.46693e-06 -7.06122e-05 8.49682e-07 2 0 3 -1 
3 4 0 0 3.14159 3.14159 0 0.785398 2 2 0 0 0 0 3 1 2 -1 
3 4 0 0 2.35619 2.35619 0 0.785398 1 1 -0.00015659 7.16448e-07 2.23551e-05 3.66475e-07 0 0 0 -1 
3 4 0 0 2.35619 2.35619 0 0.785398 2 2 0 0 0 0 1 1 1 -1 
3 4 0 0 2.35619 2.35619 0 0.785398 1 1 -0.000679767 2.47851e-06 5.38482e-06 2.05205e-06 2 0 3 -1 
3 4 0 0 2.35619 2.35619 0 0.785398 2 2 0 0 0 0 3 1 2 -1 
3 4 0 0 1.5708 1.5708 0 0.785398 1 1 4.92042e-07 1.09052e-06 2.08991e-05 1.34845e-06 0 0 0 -1 
3 4 0 0 1.5708 1.5708 0 0.785398 2 2 0 0 0 0 1 1 1 -1 
3 4 0 0 1.5708 1.5708 0 0.785398 1 1 -1.17887e-07 3.17349e-06 0.000124154 3.99793e-06 2 0 3 -1 
3 4 0 0 1.5708 1.5708 0 0.785398 2 2 0 0 0 0 3 1 2 -1 
3 4 0 0 0.785398 0.785398 0 0.785398 1 1 0.000157222 7.16477e-07 2.23493e-05 3.66989e-07 0 0 0 -1 
3 4 0 0 0.785398 0.785398 0 0.785398 2 2 0 0 0 0 1 1 1 -1 
3 4 0 0 0.785398 0.785398 0 0.785398 1 1 0.000682131 2.47934e-06 9.36175e-06 2.05235e-06 2 0 3 -1 
3 4 0 0 0.785398 0.785398 0 0.785398 2 2 0 0 0 0 3 1 2 -1 
3 4 0 0 0 0 0 0.785398 1 1 0.000154314 3.4733e-07 0.000118491 1.21316e-07 0 0 0 -1 
3 4 0 0 0 0 0 0.785398 2 2 0 0 0 0 1 1 1 -1 
3 4 0 0 0 0 0 0.785398 1 1 -0.000781183 5.18619e-06 0.00514582 3.68455e-06 2 2 2 -1 
3 4 0 0 0 0 0 0.785398 2 2 0 0 0 0 3 3 3 -1 
3 4 0 0 0.785398 0 0 0.785398 1 1 0.000191768 4.65361e-07 0.000230317 2.93965e-07 0 0 0 -1 
3 4 0 0 0.785398 0 0 0.785398 2 2 0 0 0 0 1 1 1 -1 
3 4 0 0 0.785398 0 0 0.785398 1 1 -0.000471497 5.66298e-06 0.00551643 4.5207e-06 2 2 2 -1 
3 4 0 0 0.785398 0 0 0.785398 2 2 0 0 0 0 3 3 3 -1 
3 4 0 0 1.5708 0 0 0.785398 1 1 0.000247032 7.80618e-07 0.000583728 8.39664e-07 0 0 0 -1 
3 4 0 0 1.5708 0 0 0.785398 2 2 0 0 0 0 1 1 1 -1 
3 4 0 0 1.5708 0 0 0.785398 1 1 0.000156988 6.78853e-06 0.00664233 6.88965e-06 2 2 2 -1 
3 4 0 0 1.5708 0 0 0.785398 2 2 0 0 0 0 3 3 3 -1 
3 4 0 0 2.35619 0 0 0.785398 1 1 0.000151445 1.09395e-06 0.00110181 1.6485e-06 0 0 0 -1 
3 4 0 0 2.35619 0 0 0.785398 2 2 0 0 0 0 1 1 1 -1 
3 4 0 0 2.35619 0 0 0.785398 1 1 0.000302929 7.76157e-06 0.00839385 1.04782e-05 2 2 2 -1 
3 4 0 0 2.35619 0 0 0.785398 2 2 0 0 0 0 3 3 3 -1 
3 4 0 0 3.14159 0 0 0.785398 1 1 -3.34375e-08 1.18061e-06 0.0013864 2.10822e-06 0 0 0 -1 
3 4 0 0 3.14159 0 0 0.785398 2 2 0 0 0 0 1 1 1 -1 
3 4 0 0 3.14159 0 0 0.785398 1 1 8.7361e-06 7.81862e-06 0.0093699 1.26418e-05 2 2 2 -1 
3 4 0 0 3.14159 0 0 0.785398 2 2 0 0 0 0 3 3 3 -1 
3 4 0 0 3.14159 0.785398 0 0.785398 1 1 -0.000154126 1.09218e-06 0.00110061 1.64815e-06 0 0 0 -1 
3 4 0 0 3.14159 0.785398 0 0.785398 2 2 0 0 0 0 1 1 1 -1 
3 4 0 0 3.14159 0.785398 0 0.785398 1 1 -0.000302791 7.78306e-06 0.00838228 1.04276e-05 2 2 2 -1 
3 4 0 0 3.14159 0.785398 0 0.785398 2 2 0 0 0 0 3 3 3 -1 
3 4 0 0 3.14159 1.5708 0 0.785398 1 1 -0.000245303 7.77565e-07 0.000582595 8.38877e-07 0 0 0 -1 
3 4 0 0 3.14159 1.5708 0 0.785398 2 2 0 0 0 0 1 1 1 -1 
3 4 0 0 3.14159 1.5708 0 0.785398 1 1 -0.000160801 6.78737e-06 0.00664127 6.87281e-06 2 2 2 -1 
3 4 0 0 3.14159 1.5708 0 0.785398 2 2 0 0 0 0 3 3 3 -1 
3 4 0 0 3.14159 2.35619 0 0.785398 1 1 -0.000190495 4.64996e-07 0.00023045 2.9488e-07 0 0 0 -1 
3 4 0 0 3.14159 2.35619 0 0.785398 2 2 0 0 0 0 1 1 1 -1 
3 4 0 0 3.14159 2.35619 0 0.785398 1 1 0.000460277 5.65372e-06 0.00551181 4.49936e-06 2 2 2 -1 
3 4 0 0 3.14159 2.35619 0 0.785398 2 2 0 0 0 0 3 3 3 -1 
3 4 0 0 3.14159 3.14159 0 0.785398 1 1 -0.000154094 3.473e-07 0.000118356 1.21306e-07 0 0 0 -1 
3 4 0 0 3.14159 3.14159 0 0.785398 2 2 0 0 0 0 1 1 1 -1 
3 4 0 0 3.14159 3.14159 0 0.785398 1 1 0.000777007 5.19026e-06 0.00514913 3.68922e-06 2 2 2 -1 
3 4 0 0 3.14159 3.14159 0 0.785398 2 2 0 0 0 0 3 3 3 -1 
3 4 0 0 2.35619 2.35619 0 0.785398 1 1 -0.000205748 5.77295e-07 0.000322825 4.85167e-07 0 0 0 -1 
3 4 0 0 2.35619 2.35619 0 0.785398 2 2 0 0 0 0 1 1 1 -1 
3 4 0 0 2.35619 2.35619 0 0.785398 1 1 0.000189509 6.00753e-06 0.0058704 5.19179e-06 2 2 2 -1 
3 4 0 0 2.35619 2.35619 0 0.785398 2 2 0 0 0 0 3 3 3 -1 
3 4 0 0 1.5708 1.5708 0 0.785398 1 1 -1.1098e-07 8.24773e-07 0.000663353 1.17012e-06 0 0 0 -1 
3 4 0 0 1.5708 1.5708 0 0.785398 2 2 0 0 0 0 1 1 1 -1 
3 4 0 0 1.5708 1.5708 0 0.785398 1 1 6.6053e-07 6.64082e-06 0.00723221 8.24023e-06 2 2 2 -1 
3 4 0 0 1.5708 1.5708 0 0.785398 2 2 0 0 0 0 3 3 3 -1 
3 4 0 0 0.785398 0.785398 0 0.785398 1 1 0.000206197 5.75055e-07 0.000322423 4.8617e-07 0 0 0 -1 
3 4 0 0 0.785398 0.785398 0 0.785398 2 2 0 0 0 0 1 1 1 -1 
3 4 0 0 0.785398 0.785398 0 0.785398 1 1 -0.000202239 6.01642e-06 0.00586803 5.19592e-06 2 2 2 -1 
3 4 0 0 0.785398 0.785398 0 0.785398 2 2 0 0 0 0 3 3 3 -1 
3 4 0 0 0 0 0 0.785398 1 1 1.95443e-05 7.57779e-07 -2.52041e-06 1.8078e-07 0 0 0 -1 
3 4 0 0 0 0 0 0.785398 2 2 0 0 0 0 1 1 1 -1 
3 4 0 0 0 0 0 0.785398 1 1 -0.000269515 3.21986e-06 -0.000115763 1.97266e-06 2 2 1 -1 
3 4 0 0 0 0 0 0.785398 2 2 0 0 0 0 3 3 0 -1 
3 4 0 0 0.785398 0 0 0.785398 1 1 1.74329e-05 8.95532e-07 -1.00968e-05 3.79347e-07 0 0 0 -1 
3 4 0 0 0.785398 0 0 0.785398 2 2 0 0 0 0 1 1 1 -1 
3 4 0 0 0.785398 0 0 0.785398 1 1 -0.000226649 3.48201e-06 -0.000128427 2.60766e-06 2 2 1 -1 
3 4 0 0 0.785398 0 0 0.785398 2 2 0 0 0 0 3 3 0 -1 
3 4 0 0 1.5708 0 0 0.785398 1 1 1.43678e-05 1.19401e-06 -2.98133e-05 1.04242e-06 0 0 0 -1 
3 4 0 0 1.5708 0 0 0.785398 2 2 0 0 0 0 1 1 1 -1 
3 4 0 0 1.5708 0 0 0.785398 1 1 -0.000122824 3.9322e-06 -0.000153107 4.18667e-06 2 2 1 -1 
3 4 0 0 1.5708 0 0 0.785398 2 2 0 0 0 0 3 3 0 -1 
3 4 0 0 2.35619 0 0 0.785398 1 1 6.86817e-06 1.27632e-06 -4.62486e-05 1.93683e-06 0 0 0 -1 
3 4 0 0 2.35619 0 0 0.785398 2 2 0 0 0 0 1 1 1 -1 
3 4 0 0 2.35619 0 0 0.785398 1 1 -2.0988e-05 4.04868e-06 -0.000146467 6.04433e-06 2 2 1 -1 
3 4 0 0 2.35619 0 0 0.785398 2 2 0 0 0 0 3 3 0 -1 
3 4 0 0 3.14159 0 0 0.785398 1 1 -6.30646e-07 1.10573e-06 -4.85587e-05 2.3867e-06 0 0 0 -1 
3 4 0 0 3.14159 0 0 0.785398 2 2 0 0 0 0 1 1 1 -1 
3 4 0 0 3.14159 0 0 0.785398 1 1 3.6744e-06 3.92504e-06 -0.000140097 6.9801e-06 2 2 1 -1 
3 4 0 0 3.14159 0 0 0.785398 2 2 0 0 0 0 3 3 0 -1 
3 4 0 0 3.14159 0.785398 0 0.785398 1 1 -5.76087e-06 1.27692e-06 -4.10754e-05 1.93754e-06 0 0 0 -1 
3 4 0 0 3.14159 0.785398 0 0.785398 2 2 0 0 0 0 1 1 1 -1 
3 4 0 0 3.14159 0.785398 0 0.785398 1 1 2.6421e-05 4.04719e-06 -0.000147904 6.04182e-06 2 2 1 -1 
3 4 0 0 3.14159 0.785398 0 0.785398 2 2 0 0 0 0 3 3 0 -1 
3 4 0 0 3.14159 1.5708 0 0.785398 1 1 -1.41704e-05 1.19444e-06 -3.02982e-05 1.03723e-06 0 0 0 -1 
3 4 0 0 3.14159 1.5708 0 0.785398 2 2 0 0 0 0 1 1 1 -1 
3 4 0 0 3.14159 1.5708 0 0.785398 1 1 0.000111227 3.93684e-06 -0.000153402 4.20989e-06 2 2 1 -1 
3 4 0 0 3.14159 1.5708 0 0.785398 2 2 0 0 0 0 3 3 0 -1 
3 4 0 0 3.14159 2.35619 0 0.785398 1 1 -1.75746e-05 8.95987e-07 -9.95241e-06 3.79942e-07 0 0 0 -1 
3 4 0 0 3.14159 2.35619 0 0.785398 2 2 0 0 0 0 1 1 1 -1 
3 4 0 0 3.14159 2.35619 0 0.785398 1 1 0.000222122 3.48417e-06 -0.000128812 2.6086e-06 2 2 1 -1 
3 4 0 0 3.14159 2.35619 0 0.785398 2 2 0 0 0 0 3 3 0 -1 
3 4 0 0 3.14159 3.14159 0 0.785398 1 1 -1.99357e-05 7.58485e-07 -2.16582e-06 1.80867e-07 0 0 0 -1 
3 4 0 0 3.14159 3.14159 0 0.785398 2 2 0 0 0 0 1 1 1 -1 
3 4 0 0 3.14159 3.14159 0 0.785398 1 1 0.000270438 3.21547e-06 -0.000114332 1.97345e-06 2 2 1 -1 
3 4 0 0 3.14159 3.14159 0 0.785398 2 2 0 0 0 0 3 3 0 -1 
3 4 0 0 2.35619 2.35619 0 0.785398 1 1 -1.65262e-05 1.0215e-06 -1.72762e-05 6.53354e-07 0 0 0 -1 
3 4 0 0 2.35619 2.35619 0 0.785398 2 2 0 0 0 0 1 1 1 -1 
3 4 0 0 2.35619 2.35619 0 0.785398 1 1 0.000177259 3.68977e-06 -0.000130734 3.15553e-06 2 2 1 -1 
3 4 0 0 2.35619 2.35619 0 0.785398 2 2 0 0 0 0 3 3 0 -1 
3 4 0 0 1.5708 1.5708 0 0.785398 1 1 1.16238e-06 1.29716e-06 -2.63729e-05 1.62265e-06 0 0 0 -1 
3 4 0 0 1.5708 1.5708 0 0.785398 2 2 0 0 0 0 1 1 1 -1 
3 4 0 0 1.5708 1.5708 0 0.785398 1 1 -4.5713e-06 4.02904e-06 -0.000117877 4.9082e-06 2 2 1 -1 
3 4 0 0 1.5708 1.5708 0 0.785398 2 2 0 0 0 0 3 3 0 -1 
3 4 0 0 0.785398 0.785398 0 0.785398 1 1 1.45195e-05 1.0207e-06 -1.77651e-05 6.54561e-07 0 0 0 -1 
3 4 0 0 0.785398 0.785398 0 0.785398 2 2 0 0 0 0 1 1 1 -1 
3 4 0 0 0.785398 0.785398 0 0.785398 1 1 -0.000176821 3.69404e-06 -0.000130514 3.16077e-06 2 2 1 -1 
3 4 0 0 0.785398 0.785398 0 0.785398 2 2 0 0 0 0 3 3 0 -1 
3 4 0 0 0 0 0 0.785398 1 1 5.50193e-05 2.94139e-07 2.67795e-05 7.85251e-08 0 0 0 -1 
3 4 0 0 0 0 0 0.785398 2 2 0 0 0 0 1 1 1 -1 
3 4 0 0 0.785398 0 0 0.785398 1 1 4.45901e-05 4.29478e-07 1.95526e-05 2.48919e-07 0 0 0 -1 
3 4 0 0 0.785398 0 0 0.785398 2 2 0 0 0 0 1 1 1 -1 
3 4 0 0 1.5708 0 0 0.785398 1 1 2.34599e-05 7.53973e-07 6.67015e-06 8.13282e-07 0 0 0 -1 
3 4 0 0 1.5708 0 0 0.785398 2 2 0 0 0 0 1 1 1 -1 
3 4 0 0 2.35619 0 0 0.785398 1 1 5.74339e-06 9.93561e-07 -1.9709e-06 1.6514e-06 0 0 0 -1 
3 4 0 0 2.35619 0 0 0.785398 2 2 0 0 0 0 1 1 1 -1 
3 4 0 0 3.14159 0 0 0.785398 1 1 -1.55199e-06 9.81184e-07 2.71176e-06 2.10733e-06 0 0 0 -1 
3 4 0 0 3.14159 0 0 0.785398 2 2 0 0 0 0 1 1 1 -1 
3 4 0 0 3.14159 0.785398 0 0.785398 1 1 -7.56771e-06 9.9404e-07 1.42039e-06 1.65066e-06 0 0 0 -1 
3 4 0 0 3.14159 0.785398 0 0.785398 2 2 0 0 0 0 1 1 1 -1 
3 4 0 0 3.14159 1.5708 0 0.785398 1 1 -2.23193e-05 7.5385e-07 7.22875e-06 8.10839e-07 0 0 0 -1 
3 4 0 0 3.14159 1.5708 0 0.785398 2 2 0 0 0 0 1 1 1 -1 
3 4 0 0 3.14159 2.35619 0 0.785398 1 1 -4.42807e-05 4.28781e-07 1.94842e-05 2.48515e-07 0 0 0 -1 
3 4 0 0 3.14159 2.35619 0 0.785398 2 2 0 0 0 0 1 1 1 -1 
3 4 0 0 3.14159 3.14159 0 0.785398 1 1 -5.50506e-05 2.94888e-07 2.69374e-05 7.86011e-08 0 0 0 -1 
3 4 0 0 3.14159 3.14159 0 0.785398 2 2 0 0 0 0 1 1 1 -1 
3 4 0 0 2.35619 2.35619 0 0.785398 1 1 -3.57845e-05 5.19426e-07 1.26255e-05 3.24959e-07 0 0 0 -1 
3 4 0 0 2.35619 2.35619 0 0.785398 2 2 0 0 0 0 1 1 1 -1 
3 4 0 0 1.5708 1.5708 0 0.785398 1 1 -9.81421e-07 7.4332e-07 -2.73043e-06 9.5947e-07 0 0 0 -1 
3 4 0 0 1.5708 1.5708 0 0.785398 2 2 0 0 0 0 1 1 1 -1 
3 4 0 0 0.785398 0.785398 0 0.785398 1 1 3.5349e-05 5.19633e-07 1.25681e-05 3.2484e-07 0 0 0 -1 
3 4 0 0 0.785398 0.785398 0 0.785398 2 2 0 0 0 0 1 1 1 -1 
3 4 0 0 0 0 0 0.785398 1 1 5.53347e-05 2.94165e-07 2.68165e-05 7.84628e-08 0 0 0 -1 
3 4 0 0 0 0 0 0.785398 2 2 0 0 0 0 1 1 1 -1 
3 4 0 0 0.785398 0 0 0.785398 1 1 4.40543e-05 4.28298e-07 1.99856e-05 2.48716e-07 0 0 0 -1 
3 4 0 0 0.785398 0 0 0.785398 2 2 0 0 0 0 1 1 1 -1 
3 4 0 0 1.5708 0 0 0.785398 1 1 2.31146e-05 7.54674e-07 5.87708e-06 8.13103e-07 0 0 0 -1 
3 4 0 0 1.5708 0 0 0.785398 2 2 0 0 0 0 1 1 1 -1 
3 4 0 0 2.35619 0 0 0.785398 1 1 6.68601e-06 9.90805e-07 -1.18416e-07 1.65177e-06 0 0 0 -1 
3 4 0 0 2.35619 0 0 0.785398 2 2 0 0 0 0 1 1 1 -1 
3 4 0 0 3.14159 0 0 0.785398 1 1 1.38403e-07 9.808e-07 -1.44101e-06 2.10096e-06 0 0 0 -1 
3 4 0 0 3.14159 0 0 0.785398 2 2 0 0 0 0 1 1 1 -1 
3 4 0 0 3.14159 0.785398 0 0.785398 1 1 -7.78937e-06 9.90059e-07 -1.1691e-06 1.64943e-06 0 0 0 -1 
3 4 0 0 3.14159 0.785398 0 0.785398 2 2 0 0 0 0 1 1 1 -1 
3 4 0 0 3.14159 1.5708 0 0.785398 1 1 -2.25302e-05 7.54482e-07 5.52115e-06 8.14805e-07 0 0 0 -1 
3 4 0 0 3.14159 1.5708 0 0.785398 2 2 0 0 0 0 1 1 1 -1 
3 4 0 0 3.14159 2.35619 0 0.785398 1 1 -4.48033e-05 4.28524e-07 1.95277e-05 2.48674e-07 0 0 0 -1 
3 4 0 0 3.14159 2.35619 0 0.785398 2 2 0 0 0 0 1 1 1 -1 
3 4 0 0 3.14159 3.14159 0 0.785398 1 1 -5.50696e-05 2.94827e-07 2.68629e-05 7.85539e-08 0 0 0 -1 
3 4 0 0 3.14159 3.14159 0 0.785398 2 2 0 0 0 0 1 1 1 -1 
3 4 0 0 2.35619 2.35619 0 0.785398 1 1 -3.44157e-05 5.20411e-07 1.31305e-05 3.25005e-07 0 0 0 -1 
3 4 0 0 2.35619 2.35619 0 0.785398 2 2 0 0 0 0 1 1 1 -1 
3 4 0 0 1.5708 1.5708 0 0.785398 1 1 5.00525e-07 7.42686e-07 -1.20484e-06 9.54214e-07 0 0 0 -1 
3 4 0 0 1.5708 1.5708 0 0.785398 2 2 0 0 0 0 1 1 1 -1 
3 4 0 0 0.785398 0.785398 0 0.785398 1 1 3.58024e-05 5.2062e-07 1.26548e-05 3.25121e-07 0 0 0 -1 
3 4 0 0 0.785398 0.785398 0 0.785398 2 2 0 0 0 0 1 1 1 -1 
3 4 0 0 0 0 0 0.785398 1 1 -0.000117302 2.80106e-07 -7.48056e-05 9.90811e-08 0 0 0 -1 
3 4 0 0 0 0 0 0.785398 2 2 0 0 0 0 1 1 1 -1 
3 4 0 0 0.785398 0 0 0.785398 1 1 -7.38215e-05 3.69186e-07 -4.96196e-05 2.54321e-07 0 0 0 -1 
3 4 0 0 0.785398 0 0 0.785398 2 2 0 0 0 0 1 1 1 -1 
3 4 0 0 1.5708 0 0 0.785398 1 1 9.37286e-06 6.47785e-07 -3.17641e-06 7.71504e-07 0 0 0 -1 
3 4 0 0 1.5708 0 0 0.785398 2 2 0 0 0 0 1 1 1 -1 
3 4 0 0 2.35619 0 0 0.785398 1 1 2.93156e-05 9.63093e-07 -3.1878e-06 1.5644e-06 0 0 0 -1 
3 4 0 0 2.35619 0 0 0.785398 2 2 0 0 0 0 1 1 1 -1 
3 4 0 0 3.14159 0 0 0.785398 1 1 -2.25218e-06 1.06631e-06 -3.67177e-05 2.02499e-06 0 0 0 -1 
3 4 0 0 3.14159 0 0 0.785398 2 2 0 0 0 0 1 1 1 -1 
3 4 0 0 3.14159 0.785398 0 0.785398 1 1 -2.66711e-05 9.64719e-07 -5.10942e-06 1.56319e-06 0 0 0 -1 
3 4 0 0 3.14159 0.785398 0 0.785398 2 2 0 0 0 0 1 1 1 -1 
3 4 0 0 3.14159 1.5708 0 0.785398 1 1 -7.9457e-06 6.46133e-07 -1.33643e-06 7.6921e-07 0 0 0 -1 
3 4 0 0 3.14159 1.5708 0 0.785398 2 2 0 0 0 0 1 1 1 -1 
3 4 0 0 3.14159 2.35619 0 0.785398 1 1 7.34226e-05 3.69454e-07 -4.96499e-05 2.54436e-07 0 0 0 -1 
3 4 0 0 3.14159 2.35619 0 0.785398 2 2 0 0 0 0 1 1 1 -1 
3 4 0 0 3.14159 3.14159 0 0.785398 1 1 0.000117393 2.80205e-07 -7.49349e-05 9.90489e-08 0 0 0 -1 
3 4 0 0 3.14159 3.14159 0 0.785398 2 2 0 0 0 0 1 1 1 -1 
3 4 0 0 2.35619 2.35619 0 0.785398 1 1 3.11136e-05 4.52342e-07 -1.42479e-05 3.58593e-07 0 0 0 -1 
3 4 0 0 2.35619 2.35619 0 0.785398 2 2 0 0 0 0 1 1 1 -1 
3 4 0 0 1.5708 1.5708 0 0.785398 1 1 -5.34092e-07 6.45819e-07 0.000149672 9.31583e-07 0 0 0 -1 
3 4 0 0 1.5708 1.5708 0 0.785398 2 2 0 0 0 0 1 1 1 -1 
3 4 0 0 0.785398 0.785398 0 0.785398 1 1 -3.1236e-05 4.52188e-07 -1.33173e-05 3.5942e-07 0 0 0 -1 
3 4 0 0 0.785398 0.785398 0 0.785398 2 2 0 0 0 0 1 1 1 -1 
3 4 0 0 0 0 0 0.785398 1 1 0.00015507 4.05333e-07 2.46534e-05 8.38963e-08 0 0 0 -1 
3 4 0 0 0 0 0 0.785398 2 2 0 0 0 0 1 1 1 -1 
3 4 0 0 0 0 0 0.785398 1 1 0.000856267 1.46546e-06 -7.02966e-05 8.47819e-07 2 0 3 -1 
3 4 0 0 0 0 0 0.785398 2 2 0 0 0 0 3 1 2 -1 
3 4 0 0 0.785398 0 0 0.785398 1 1 0.000162371 5.76953e-07 2.32234e-05 2.23132e-07 0 0 0 -1 
3 4 0 0 0.785398 0 0 0.785398 2 2 0 0 0 0 1 1 1 -1 
3 4 0 0 0.785398 0 0 0.785398 1 1 0.00077845 2.10652e-06 -2.95385e-05 1.5844e-06 2 0 3 -1 
3 4 0 0 0.785398 0 0 0.785398 2 2 0 0 0 0 3 1 2 -1 
3 4 0 0 1.5708 0 0 0.785398 1 1 0.000139479 1.03224e-06 1.81759e-05 9.00367e-07 0 0 0 -1 
3 4 0 0 1.5708 0 0 0.785398 2 2 0 0 0 0 1 1 1 -1 
3 4 0 0 1.5708 0 0 0.785398 1 1 0.000533477 3.29345e-06 4.55375e-05 3.69834e-06 2 0 3 -1 
3 4 0 0 1.5708 0 0 0.785398 2 2 0 0 0 0 3 1 2 -1 
3 4 0 0 2.35619 0 0 0.785398 1 1 5.4736e-05 1.32069e-06 1.83594e-05 2.10999e-06 0 0 0 -1 
3 4 0 0 2.35619 0 0 0.785398 2 2 0 0 0 0 1 1 1 -1 
3 4 0 0 2.35619 0 0 0.785398 1 1 0.000181221 4.07665e-06 0.000109098 6.49616e-06 2 0 3 -1 
3 4 0 0 2.35619 0 0 0.785398 2 2 0 0 0 0 3 1 2 -1 
3 4 0 0 3.14159 0 0 0.785398 1 1 1.38539e-06 1.209e-06 1.56093e-05 2.7726e-06 0 0 0 -1 
3 4 0 0 3.14159 0 0 0.785398 2 2 0 0 0 0 1 1 1 -1 
3 4 0 0 3.14159 0 0 0.785398 1 1 -6.64964e-07 4.21752e-06 0.000129512 7.9301e-06 2 0 3 -1 
3 4 0 0 3.14159 0 0 0.785398 2 2 0 0 0 0 3 1 2 -1 
3 4 0 0 3.14159 0.785398 0 0.785398 1 1 -5.31884e-05 1.31944e-06 2.10953e-05 2.11008e-06 0 0 0 -1 
3 4 0 0 3.14159 0.785398 0 0.785398 2 2 0 0 0 0 1 1 1 -1 
3 4 0 0 3.14159 0.785398 0 0.785398 1 1 -0.000187144 4.08954e-06 0.000108019 6.53125e-06 2 0 3 -1 
3 4 0 0 3.14159 0.785398 0 0.785398 2 2 0 0 0 0 3 1 2 -1 
3 4 0 0 3.14159 1.5708 0 0.785398 1 1 -0.000137612 1.03406e-06 1.99732e-05 8.99787e-07 0 0 0 -1 
3 4 0 0 3.14159 1.5708 0 0.785398 2 2 0 0 0 0 1 1 1 -1 
3 4 0 0 3.14159 1.5708 0 0.785398 1 1 -0.00053364 3.29479e-06 4.917e-05 3.69715e-06 2 0 3 -1 
3 4 0 0 3.14159 1.5708 0 0.785398 2 2 0 0 0 0 3 1 2 -1 
3 4 0 0 3.14159 2.35619 0 0.785398 1 1 -0.000162103 5.76885e-07 2.32348e-05 2.22959e-07 0 0 0 -1 
3 4 0 0 3.14159 2.35619 0 0.785398 2 2 0 0 0 0 1 1 1 -1 
3 4 0 0 3.14159 2.35619 0 0.785398 1 1 -0.000783652 2.10607e-06 -3.24134e-05 1.58988e-06 2 0 3 -1 
3 4 0 0 3.14159 2.35619 0 0.785398 2 2 0 0 0 0 3 1 2 -1 
3 4 0 0 3.14159 3.14159 0 0.785398 1 1 -0.000155114 4.05447e-07 2.46513e-05 8.38784e-08 0 0 0 -1 
3 4 0 0 3.14159 3.14159 0 0.785398 2 2 0 0 0 0 1 1 1 -1 
3 4 0 0 3.14159 3.14159 0 0.785398 1 1 -0.000856957 1.46531e-06 -6.90698e-05 8.50905e-07 2 0 3 -1 
3 4 0 0 3.14159 3.14159 0 0.785398 2 2 0 0 0 0 3 1 2 -1 
3 4 0 0 2.35619 2.35619 0 0.785398 1 1 -0.000155235 7.16418e-07 2.2734e-05 3.66609e-07 0 0 0 -1 
3 4 0 0 2.35619 2.35619 0 0.785398 2 2 0 0 0 0 1 1 1 -1 
3 4 0 0 2.35619 2.35619 0 0.785398 1 1 -0.000681573 2.47919e-06 1.06605e-05 2.05566e-06 2 0 3 -1 
3 4 0 0 2.35619 2.35619 0 0.785398 2 2 0 0 0 0 3 1 2 -1 
3 4 0 0 1.5708 1.5708 0 0.785398 1 1 8.0397e-07 1.08859e-06 2.42231e-05 1.34911e-06 0 0 0 -1 
3 4 0 0 1.5708 1.5708 0 0.785398 2 2 0 0 0 0 1 1 1 -1 
3 4 0 0 1.5708 1.5708 0 0.785398 1 1 -1.02339e-06 3.1702e-06 0.000117469 4.00746e-06 2 0 3 -1 
3 4 0 0 1.5708 1.5708 0 0.785398 2 2 0 0 0 0 3 1 2 -1 
3 4 0 0 0.785398 0.785398 0 0.785398 1 1 0.000155648 7.16071e-07 2.27338e-05 3.66833e-07 0 0 0 -1 
3 4 0 0 0.785398 0.785398 0 0.785398 2 2 0 0 0 0 1 1 1 -1 
3 4 0 0 0.785398 0.785398 0 0.785398 1 1 0.000681001 2.48169e-06 5.39579e-06 2.05129e-06 2 0 3 -1 
3 4 0 0 0.785398 0.785398 0 0.785398 2 2 0 0 0 0 3 1 2 -1 
3 4 0 0 0 0 0 0.785398 1 1 -0.000154625 3.47484e-07 -0.000118622 1.21341e-07 0 0 0 -1 
3 4 0 0 0 0 0 0.785398 2 2 0 0 0 0 1 1 1 -1 
3 4 0 0 0 0 0 0.785398 1 1 0.000771256 5.18927e-06 -0.00514753 3.68991e-06 2 2 2 -1 
3 4 0 0 0 0 0 0.785398 2 2 0 0 0 0 3 3 3 -1 
3 4 0 0 0.785398 0 0 0.785398 1 1 -0.000191527 4.64708e-07 -0.000230272 2.93873e-07 0 0 0 -1 
3 4 0 0 0.785398 0 0 0.785398 2 2 0 0 0 0 1 1 1 -1 
3 4 0 0 0.785398 0 0 0.785398 1 1 0.00046176 5.652e-06 -0.00551166 4.50467e-06 2 2 2 -1 
3 4 0 0 0.785398 0 0 0.785398 2 2 0 0 0 0 3 3 3 -1 
3 4 0 0 1.5708 0 0 0.785398 1 1 -0.000246648 7.78782e-07 -0.00058358 8.40612e-07 0 0 0 -1 
3 4 0 0 1.5708 0 0 0.785398 2 2 0 0 0 0 1 1 1 -1 
3 4 0 0 1.5708 0 0 0.785398 1 1 -0.00016928 6.78851e-06 -0.00664647 6.88868e-06 2 2 2 -1 
3 4 0 0 1.5708 0 0 0.785398 2 2 0 0 0 0 3 3 3 -1 
3 4 0 0 2.35619 0 0 0.785398 1 1 -0.000152084 1.09283e-06 -0.00110079 1.64749e-06 0 0 0 -1 
3 4 0 0 2.35619 0 0 0.785398 2 2 0 0 0 0 1 1 1 -1 
3 4 0 0 2.35619 0 0 0.785398 1 1 -0.000293533 7.8044e-06 -0.00838919 1.04294e-05 2 2 2 -1 
3 4 0 0 2.35619 0 0 0.785398 2 2 0 0 0 0 3 3 3 -1 
3 4 0 0 3.14159 0 0 0.785398 1 1 -7.62474e-08 1.18058e-06 -0.00138753 2.1126e-06 0 0 0 -1 
3 4 0 0 3.14159 0 0 0.785398 2 2 0 0 0 0 1 1 1 -1 
3 4 0 0 3.14159 0 0 0.785398 1 1 6.58706e-06 7.83809e-06 -0.00939268 1.26654e-05 2 2 2 -1 
3 4 0 0 3.14159 0 0 0.785398 2 2 0 0 0 0 3 3 3 -1 
3 4 0 0 3.14159 0.785398 0 0.785398 1 1 0.000153007 1.09404e-06 -0.00110019 1.64571e-06 0 0 0 -1 
3 4 0 0 3.14159 0.785398 0 0.785398 2 2 0 0 0 0 1 1 1 -1 
3 4 0 0 3.14159 0.785398 0 0.785398 1 1 0.000312336 7.76973e-06 -0.00836695 1.0423e-05 2 2 2 -1 
3 4 0 0 3.14159 0.785398 0 0.785398 2 2 0 0 0 0 3 3 3 -1 
3 4 0 0 3.14159 1.5708 0 0.785398 1 1 0.00024632 7.77869e-07 -0.000582376 8.40133e-07 0 0 0 -1 
3 4 0 0 3.14159 1.5708 0 0.785398 2 2 0 0 0 0 1 1 1 -1 
3 4 0 0 3.14159 1.5708 0 0.785398 1 1 0.00016064 6.78253e-06 -0.00664319 6.89544e-06 2 2 2 -1 
3 4 0 0 3.14159 1.5708 0 0.785398 2 2 0 0 0 0 3 3 3 -1 
3 4 0 0 3.14159 2.35619 0 0.785398 1 1 0.000190305 4.64969e-07 -0.000230258 2.94118e-07 0 0 0 -1 
3 4 0 0 3.14159 2.35619 0 0.785398 2 2 0 0 0 0 1 1 1 -1 
3 4 0 0 3.14159 2.35619 0 0.785398 1 1 -0.000459556 5.65215e-06 -0.00551429 4.50092e-06 2 2 2 -1 
3 4 0 0 3.14159 2.35619 0 0.785398 2 2 0 0 0 0 3 3 3 -1 
3 4 0 0 3.14159 3.14159 0 0.785398 1 1 0.000154714 3.47083e-07 -0.000118441 1.21165e-07 0 0 0 -1 
3 4 0 0 3.14159 3.14159 0 0.785398 2 2 0 0 0 0 1 1 1 -1 
3 4 0 0 3.14159 3.14159 0 0.785398 1 1 -0.000773457 5.18863e-06 -0.00514515 3.68724e-06 2 2 2 -1 
3 4 0 0 3.14159 3.14159 0 0.785398 2 2 0 0 0 0 3 3 3 -1 
3 4 0 0 2.35619 2.35619 0 0.785398 1 1 0.000205742 5.78197e-07 -0.000323665 4.8672e-07 0 0 0 -1 
3 4 0 0 2.35619 2.35619 0 0.785398 2 2 0 0 0 0 1 1 1 -1 
3 4 0 0 2.35619 2.35619 0 0.785398 1 1 -0.000197407 6.00844e-06 -0.005867 5.19177e-06 2 2 2 -1 
3 4 0 0 2.35619 2.35619 0 0.785398 2 2 0 0 0 0 3 3 3 -1 
3 4 0 0 1.5708 1.5708 0 0.785398 1 1 1.00185e-06 8.2563e-07 -0.000664735 1.17124e-06 0 0 0 -1 
3 4 0 0 1.5708 1.5708 0 0.785398 2 2 0 0 0 0 1 1 1 -1 
3 4 0 0 1.5708 1.5708 0 0.785398 1 1 3.10987e-06 6.63643e-06 -0.00722763 8.24212e-06 2 2 2 -1 
3 4 0 0 1.5708 1.5708 0 0.785398 2 2 0 0 0 0 3 3 3 -1 
3 4 0 0 0.785398 0.785398 0 0.785398 1 1 -0.000205256 5.76659e-07 -0.000322876 4.84825e-07 0 0 0 -1 
3 4 0 0 0.785398 0.785398 0 0.785398 2 2 0 0 0 0 1 1 1 -1 
3 4 0 0 0.785398 0.785398 0 0.785398 1 1 0.000195541 5.98898e-06 -0.00585796 5.16916e-06 2 2 2 -1 
3 4 0 0 0.785398 0.785398 0 0.785398 2 2 0 0 0 0 3 3 3 -1 
3 4 0 0 0 0 0 0.785398 1 1 8.50517e-05 2.33569e-07 -3.15525e-06 4.8868e-08 0 0 0 -1 
3 4 0 0 0 0 0 0.785398 2 2 0 0 0 0 1 1 1 -1 
3 4 0 0 0.785398 0 0 0.785398 1 1 6.07126e-05 3.29703e-07 5.18059e-07 1.58822e-07 0 0 0 -1 
3 4 0 0 0.785398 0 0 0.785398 2 2 0 0 0 0 1 1 1 -1 
3 4 0 0 1.5708 0 0 0.785398 1 1 2.28608e-05 6.62065e-07 3.7211e-06 6.99846e-07 0 0 0 -1 
3 4 0 0 1.5708 0 0 0.785398 2 2 0 0 0 0 1 1 1 -1 
3 4 0 0 2.35619 0 0 0.785398 1 1 6.28422e-06 9.84172e-07 -8.56209e-07 1.68832e-06 0 0 0 -1 
3 4 0 0 2.35619 0 0 0.785398 2 2 0 0 0 0 1 1 1 -1 
3 4 0 0 3.14159 0 0 0.785398 1 1 8.8957e-07 1.01539e-06 -4.71167e-06 2.25361e-06 0 0 0 -1 
3 4 0 0 3.14159 0 0 0.785398 2 2 0 0 0 0 1 1 1 -1 
3 4 0 0 3.14159 0.785398 0 0.785398 1 1 -4.95792e-06 9.83322e-07 2.81914e-09 1.68395e-06 0 0 0 -1 
3 4 0 0 3.14159 0.785398 0 0.785398 2 2 0 0 0 0 1 1 1 -1 
3 4 0 0 3.14159 1.5708 0 0.785398 1 1 -2.31307e-05 6.61715e-07 3.61884e-06 6.98717e-07 0 0 0 -1 
3 4 0 0 3.14159 1.5708 0 0.785398 2 2 0 0 0 0 1 1 1 -1 
3 4 0 0 3.14159 2.35619 0 0.785398 1 1 -6.03429e-05 3.29987e-07 9.71693e-08 1.58745e-07 0 0 0 -1 
3 4 0 0 3.14159 2.35619 0 0.785398 2 2 0 0 0 0 1 1 1 -1 
3 4 0 0 3.14159 3.14159 0 0.785398 1 1 -8.52699e-05 2.33291e-07 -3.1094e-06 4.883e-08 0 0 0 -1 
3 4 0 0 3.14159 3.14159 0 0.785398 2 2 0 0 0 0 1 1 1 -1 
3 4 0 0 2.35619 2.35619 0 0.785398 1 1 -3.93932e-05 4.25195e-07 3.53971e-06 2.25733e-07 0 0 0 -1 
3 4 0 0 2.35619 2.35619 0 0.785398 2 2 0 0 0 0 1 1 1 -1 
3 4 0 0 1.5708 1.5708 0 0.785398 1 1 -1.01603e-06 6.89681e-07 6.34456e-07 8.80216e-07 0 0 0 -1 
3 4 0 0 1.5708 1.5708 0 0.785398 2 2 0 0 0 0 1 1 1 -1 
3 4 0 0 0.785398 0.785398 0 0.785398 1 1 3.90851e-05 4.25504e-07 3.22128e-06 2.2551e-07 0 0 0 -1 
3 4 0 0 0.785398 0.785398 0 0.785398 2 2 0 0 0 0 1 1 1 -1 
3 4 0 0 0 0 0 0.785398 1 1 -2.49725e-06 3.71759e-06 0 0 0 0 0 -1 
3 4 0 0 0 0 0 0.785398 1 1 1.87767e-05 1.31124e-05 0 0 0 2 2 -1 
3 4 0 0 0 0 0 0.785398 2 2 0 0 0 0 1 1 1 -1 
3 4 0 0 0 0 0 0.785398 2 2 0 0 0 0 1 3 3 -1 
3 4 0 0 0 0 0 0.785398 1 1 -6.46827e-06 7.44196e-06 0 0 2 1 1 -1 
3 4 0 0 0 0 0 0.785398 1 1 -8.23189e-06 2.623e-05 0 0 2 3 3 -1 
3 4 0 0 0 0 0 0.785398 2 2 0 0 0 0 3 0 0 -1 
3 4 0 0 0 0 0 0.785398 2 2 0 0 0 0 3 2 2 -1 
3 4 0 0 0.785398 0 0 0.785398 1 1 5.92483e-06 3.71752e-06 0 0 0 0 0 -1 
3 4 0 0 0.785398 0 0 0.785398 1 1 -1.60106e-05 1.31024e-05 0 0 0 2 2 -1 
3 4 0 0 0.785398 0 0 0.785398 2 2 0 0 0 0 1 1 1 -1 
3 4 0 0 0.785398 0 0 0.785398 2 2 0 0 0 0 1 3 3 -1 
3 4 0 0 0.785398 0 0 0.785398 1 1 4.98801e-06 7.44304e-06 0 0 2 1 1 -1 
3 4 0 0 0.785398 0 0 0.785398 1 1 -2.35002e-05 2.62217e-05 0 0 2 3 3 -1 
3 4 0 0 0.785398 0 0 0.785398 2 2 0 0 0 0 3 0 0 -1 
3 4 0 0 0.785398 0 0 0.785398 2 2 0 0 0 0 3 2 2 -1 
3 4 0 0 1.5708 0 0 0.785398 1 1 -3.32438e-06 3.72142e-06 0 0 0 0 0 -1 
3 4 0 0 1.5708 0 0 0.785398 1 1 4.38641e-06 1.30918e-05 0 0 0 2 2 -1 
3 4 0 0 1.5708 0 0 0.785398 2 2 0 0 0 0 1 1 1 -1 
3 4 0 0 1.5708 0 0 0.785398 2 2 0 0 0 0 1 3 3 -1 
3 4 0 0 1.5708 0 0 0.785398 1 1 7.60223e-06 7.43671e-06 0 0 2 1 1 -1 
3 4 0 0 1.5708 0 0 0.785398 1 1 4.161e-06 2.62467e-05 0 0 2 3 3 -1 
3 4 0 0 1.5708 0 0 0.785398 2 2 0 0 0 0 3 0 0 -1 
3 4 0 0 1.5708 0 0 0.785398 2 2 0 0 0 0 3 2 2 -1 
3 4 0 0 2.35619 0 0 0.785398 1 1 -8.88354e-07 3.72159e-06 0 0 0 0 0 -1 
3 4 0 0 2.35619 0 0 0.785398 1 1 -9.69938e-06 1.31154e-05 0 0 0 2 2 -1 
3 4 0 0 2.35619 0 0 0.785398 2 2 0 0 0 0 1 1 1 -1 
3 4 0 0 2.35619 0 0 0.785398 2 2 0 0 0 0 1 3 3 -1 
3 4 0 0 2.35619 0 0 0.785398 1 1 9.48777e-06 7.44599e-06 0 0 2 1 1 -1 
3 4 0 0 2.35619 0 0 0.785398 1 1 -3.95982e-05 2.62616e-05 0 0 2 3 3 -1 
3 4 0 0 2.35619 0 0 0.785398 2 2 0 0 0 0 3 0 0 -1 
3 4 0 0 2.35619 0 0 0.785398 2 2 0 0 0 0 3 2 2 -1 
3 4 0 0 3.14159 0 0 0.785398 1 1 4.37373e-07 3.72254e-06 0 0 0 0 0 -1 
3 4 0 0 3.14159 0 0 0.785398 1 1 -3.31032e-06 1.31156e-05 0 0 0 2 2 -1 
3 4 0 0 3.14159 0 0 0.785398 2 2 0 0 0 0 1 1 1 -1 
3 4 0 0 3.14159 0 0 0.785398 2 2 0 0 0 0 1 3 3 -1 
3 4 0 0 3.14159 0 0 0.785398 1 1 6.00101e-06 7.44635e-06 0 0 2 1 1 -1 
3 4 0 0 3.14159 0 0 0.785398 1 1 -1.19608e-05 2.6202e-05 0 0 2 3 3 -1 
3 4 0 0 3.14159 0 0 0.785398 2 2 0 0 0 0 3 0 0 -1 
3 4 0 0 3.14159 0 0 0.785398 2 2 0 0 0 0 3 2 2 -1 
3 4 0 0 3.14159 0.785398 0 0.785398 1 1 -2.68165e-06 3.72399e-06 0 0 0 0 0 -1 
3 4 0 0 3.14159 0.785398 0 0.785398 1 1 -2.24119e-05 1.31032e-05 0 0 0 2 2 -1 
3 4 0 0 3.14159 0.785398 0 0.785398 2 2 0 0 0 0 1 1 1 -1 
3 4 0 0 3.14159 0.785398 0 0.785398 2 2 0 0 0 0 1 3 3 -1 
3 4 0 0 3.14159 0.785398 0 0.785398 1 1 7.49924e-06 7.45445e-06 0 0 2 1 1 -1 
3 4 0 0 3.14159 0.785398 0 0.785398 1 1 -2.93293e-05 2.6216e-05 0 0 2 3 3 -1 
3 4 0 0 3.14159 0.785398 0 0.785398 2 2 0 0 0 0 3 0 0 -1 
3 4 0 0 3.14159 0.785398 0 0.785398 2 2 0 0 0 0 3 2 2 -1 
3 4 0 0 3.14159 1.5708 0 0.785398 1 1 3.24666e-07 3.72705e-06 0 0 0 0 0 -1 
3 4 0 0 3.14159 1.5708 0 0.785398 1 1 1.21683e-06 1.31156e-05 0 0 0 2 2 -1 
3 4 0 0 3.14159 1.5708 0 0.785398 2 2 0 0 0 0 1 1 1 -1 
3 4 0 0 3.14159 1.5708 0 0.785398 2 2 0 0 0 0 1 3 3 -1 
3 4 0 0 3.14159 1.5708 0 0.785398 1 1 1.22085e-05 7.43328e-06 0 0 2 1 1 -1 
3 4 0 0 3.14159 1.5708 0 0.785398 1 1 -1.91076e-05 2.62604e-05 0 0 2 3 3 -1 
3 4 0 0 3.14159 1.5708 0 0.785398 2 2 0 0 0 0 3 0 0 -1 
3 4 0 0 3.14159 1.5708 0 0.785398 2 2 0 0 0 0 3 2 2 -1 
3 4 0 0 3.14159 2.35619 0 0.785398 1 1 -1.56556e-06 3.72512e-06 0 0 0 0 0 -1 
3 4 0 0 3.14159 2.35619 0 0.785398 1 1 3.07042e-05 1.31132e-05 0 0 0 2 2 -1 
3 4 0 0 3.14159 2.35619 0 0.785398 2 2 0 0 0 0 1 1 1 -1 
3 4 0 0 3.14159 2.35619 0 0.785398 2 2 0 0 0 0 1 3 3 -1 
3 4 0 0 3.14159 2.35619 0 0.785398 1 1 -4.69388e-06 7.44125e-06 0 0 2 1 1 -1 
3 4 0 0 3.14159 2.35619 0 0.785398 1 1 -1.27657e-05 2.62269e-05 0 0 2 3 3 -1 
3 4 0 0 3.14159 2.35619 0 0.785398 2 2 0 0 0 0 3 0 0 -1 
3 4 0 0 3.14159 2.35619 0 0.785398 2 2 0 0 0 0 3 2 2 -1 
3 4 0 0 3.14159 3.14159 0 0.785398 1 1 -2.07245e-06 3.72462e-06 0 0 0 0 0 -1 
3 4 0 0 3.14159 3.14159 0 0.785398 1 1 -1.81434e-05 1.31016e-05 0 0 0 2 2 -1 
3 4 0 0 3.14159 3.14159 0 0.785398 2 2 0 0 0 0 1 1 1 -1 
3 4 0 0 3.14159 3.14159 0 0.785398 2 2 0 0 0 0 1 3 3 -1 
3 4 0 0 3.14159 3.14159 0 0.785398 1 1 7.83565e-06 7.45578e-06 0 0 2 1 1 -1 
3 4 0 0 3.14159 3.14159 0 0.785398 1 1 1.53344e-05 2.61851e-05 0 0 2 3 3 -1 
3 4 0 0 3.14159 3.14159 0 0.785398 2 2 0 0 0 0 3 0 0 -1 
3 4 0 0 3.14159 3.14159 0 0.785398 2 2 0 0 0 0 3 2 2 -1 
3 4 0 0 2.35619 2.35619 0 0.785398 1 1 -3.40479e-06 3.72706e-06 0 0 0 0 0 -1 
3 4 0 0 2.35619 2.35619 0 0.785398 1 1 -9.51946e-06 1.30947e-05 0 0 0 2 2 -1 
3 4 0 0 2.35619 2.35619 0 0.785398 2 2 0 0 0 0 1 1 1 -1 
3 4 0 0 2.35619 2.35619 0 0.785398 2 2 0 0 0 0 1 3 3 -1 
3 4 0 0 2.35619 2.35619 0 0.785398 1 1 -3.78731e-05 3.26407e-05 0 0 2 1 1 -1 
3 4 0 0 2.35619 2.35619 0 0.785398 1 1 -6.52425e-05 2.61976e-05 0 0 2 3 3 -1 
3 4 0 0 2.35619 2.35619 0 0.785398 2 2 0 0 0 0 3 0 0 -1 
3 4 0 0 2.35619 2.35619 0 0.785398 2 2 0 0 0 0 3 2 2 -1 
3 4 0 0 1.5708 1.5708 0 0.785398 1 1 4.52397e-06 3.72761e-06 0 0 0 0 0 -1 
3 4 0 0 1.5708 1.5708 0 0.785398 1 1 9.27288e-06 1.30986e-05 0 0 0 2 2 -1 
3 4 0 0 1.5708 1.5708 0 0.785398 2 2 0 0 0 0 1 1 1 -1 
3 4 0 0 1.5708 1.5708 0 0.785398 2 2 0 0 0 0 1 3 3 -1 
3 4 0 0 1.5708 1.5708 0 0.785398 1 1 5.05481e-06 7.44087e-06 0 0 2 1 1 -1 
3 4 0 0 1.5708 1.5708 0 0.785398 1 1 -2.62915e-05 2.62108e-05 0 0 2 3 3 -1 
3 4 0 0 1.5708 1.5708 0 0.785398 2 2 0 0 0 0 3 0 0 -1 
3 4 0 0 1.5708 1.5708 0 0.785398 2 2 0 0 0 0 3 2 2 -1 
3 4 0 0 0.785398 0.785398 0 0.785398 1 1 3.14125e-06 3.72375e-06 0 0 0 0 0 -1 
3 4 0 0 0.785398 0.785398 0 0.785398 1 1 -6.38663e-06 1.31383e-05 0 0 0 2 2 -1 
3 4 0 0 0.785398 0.785398 0 0.785398 2 2 0 0 0 0 1 1 1 -1 
3 4 0 0 0.785398 0.785398 0 0.785398 2 2 0 0 0 0 1 3 3 -1 
3 4 0 0 0.785398 0.785398 0 0.785398 1 1 4.25329e-06 7.45568e-06 0 0 2 1 1 -1 
3 4 0 0 0.785398 0.785398 0 0.785398 1 1 2.59955e-05 2.62079e-05 0 0 2 3 3 -1 
3 4 0 0 0.785398 0.785398 0 0.785398 2 2 0 0 0 0 3 0 0 -1 
3 4 0 0 0.785398 0.785398 0 0.785398 2 2 0 0 0 0 3 2 2 -1 
3 4 0 0 0 0 0 0.785398 1 1 0.000519325 4.17474e-07 0 0 0 0 0 -1 
3 4 0 0 0 0 0 0.785398 2 2 0 0 0 0 1 1 1 -1 
3 4 0 0 0 0 0 0.785398 1 1 0.00171953 1.36886e-06 0 0 2 0 3 -1 
3 4 0 0 0 0 0 0.785398 2 2 0 0 0 0 3 1 2 -1 
3 4 0 0 0.785398 0 0 0.785398 1 1 0.000442717 1.01721e-06 0 0 0 0 0 -1 
3 4 0 0 0.785398 0 0 0.785398 2 2 0 0 0 0 1 1 1 -1 
3 4 0 0 0.785398 0 0 0.785398 1 1 0.00147339 3.5582e-06 0 0 2 0 3 -1 
3 4 0 0 0.785398 0 0 0.785398 2 2 0 0 0 0 3 1 2 -1 
3 4 0 0 1.5708 0 0 0.785398 1 1 0.00025923 1.85915e-06 0 0 0 0 0 -1 
3 4 0 0 1.5708 0 0 0.785398 2 2 0 0 0 0 1 1 1 -1 
3 4 0 0 1.5708 0 0 0.785398 1 1 0.000857966 6.54242e-06 0 0 2 0 3 -1 
3 4 0 0 1.5708 0 0 0.785398 2 2 0 0 0 0 3 1 2 -1 
3 4 0 0 2.35619 0 0 0.785398 1 1 7.61183e-05 2.52144e-06 0 0 0 0 0 -1 
3 4 0 0 2.35619 0 0 0.785398 2 2 0 0 0 0 1 1 1 -1 
3 4 0 0 2.35619 0 0 0.785398 1 1 0.000255175 8.93692e-06 0 0 2 0 3 -1 
3 4 0 0 2.35619 0 0 0.785398 2 2 0 0 0 0 3 1 2 -1 
3 4 0 0 3.14159 0 0 0.785398 1 1 1.90859e-06 2.7814e-06 0 0 0 0 0 -1 
3 4 0 0 3.14159 0 0 0.785398 2 2 0 0 0 0 1 1 1 -1 
3 4 0 0 3.14159 0 0 0.785398 1 1 7.64696e-06 9.80186e-06 0 0 2 0 3 -1 
3 4 0 0 3.14159 0 0 0.785398 2 2 0 0 0 0 3 1 2 -1 
3 4 0 0 3.14159 0.785398 0 0.785398 1 1 -7.5943e-05 2.52633e-06 0 0 0 0 0 -1 
3 4 0 0 3.14159 0.785398 0 0.785398 2 2 0 0 0 0 1 1 1 -1 
3 4 0 0 3.14159 0.785398 0 0.785398 1 1 -0.000245077 8.90702e-06 0 0 2 0 3 -1 
3 4 0 0 3.14159 0.785398 0 0.785398 2 2 0 0 0 0 3 1 2 -1 
3 4 0 0 3.14159 1.5708 0 0.785398 1 1 -0.000260097 1.863e-06 0 0 0 0 0 -1 
3 4 0 0 3.14159 1.5708 0 0.785398 2 2 0 0 0 0 1 1 1 -1 
3 4 0 0 3.14159 1.5708 0 0.785398 1 1 -0.000856559 6.54691e-06 0 0 2 0 3 -1 
3 4 0 0 3.14159 1.5708 0 0.785398 2 2 0 0 0 0 3 1 2 -1 
3 4 0 0 3.14159 2.35619 0 0.785398 1 1 -0.000445106 1.01848e-06 0 0 0 0 0 -1 
3 4 0 0 3.14159 2.35619 0 0.785398 2 2 0 0 0 0 1 1 1 -1 
3 4 0 0 3.14159 2.35619 0 0.785398 1 1 -0.00146745 3.56531e-06 0 0 2 0 3 -1 
3 4 0 0 3.14159 2.35619 0 0.785398 2 2 0 0 0 0 3 1 2 -1 
3 4 0 0 3.14159 3.14159 0 0.785398 1 1 -0.000518711 4.16819e-07 0 0 0 0 0 -1 
3 4 0 0 3.14159 3.14159 0 0.785398 2 2 0 0 0 0 1 1 1 -1 
3 4 0 0 3.14159 3.14159 0 0.785398 1 1 -0.00171921 1.36885e-06 0 0 2 0 3 -1 
3 4 0 0 3.14159 3.14159 0 0.785398 2 2 0 0 0 0 3 1 2 -1 
3 4 0 0 2.35619 2.35619 0 0.785398 1 1 -0.000365637 1.25515e-06 0 0 0 0 0 -1 
3 4 0 0 2.35619 2.35619 0 0.785398 2 2 0 0 0 0 1 1 1 -1 
3 4 0 0 2.35619 2.35619 0 0.785398 1 1 -0.00121992 4.39459e-06 0 0 2 0 3 -1 
3 4 0 0 2.35619 2.35619 0 0.785398 2 2 0 0 0 0 3 1 2 -1 
3 4 0 0 1.5708 1.5708 0 0.785398 1 1 5.17169e-07 1.72381e-06 0 0 0 0 0 -1 
3 4 0 0 1.5708 1.5708 0 0.785398 2 2 0 0 0 0 1 1 1 -1 
3 4 0 0 1.5708 1.5708 0 0.785398 1 1 -4.05393e-06 6.07208e-06 0 0 2 0 3 -1 
3 4 0 0 1.5708 1.5708 0 0.785398 2 2 0 0 0 0 3 1 2 -1 
3 4 0 0 0.785398 0.785398 0 0.785398 1 1 0.000367795 1.25439e-06 0 0 0 0 0 -1 
3 4 0 0 0.785398 0.785398 0 0.785398 2 2 0 0 0 0 1 1 1 -1 
3 4 0 0 0.785398 0.785398 0 0.785398 1 1 0.0012188 4.4011e-06 0 0 2 0 3 -1 
3 4 0 0 0.785398 0.785398 0 0.785398 2 2 0 0 0 0 3 1 2 -1 
3 4 0 0 0 0 0 0.785398 1 1 5.80849e-07 2.71795e-06 0 0 0 0 0 -1 
3 4 0 0 0 0 0 0.785398 2 2 0 0 0 0 1 1 1 -1 
3 4 0 0 0 0 0 0.785398 1 1 -1.04518e-06 5.43092e-06 0 0 2 1 1 -1 
3 4 0 0 0 0 0 0.785398 2 2 0 0 0 0 3 0 0 -1 
3 4 0 0 0.785398 0 0 0.785398 1 1 -1.07651e-06 2.71689e-06 0 0 0 0 0 -1 
3 4 0 0 0.785398 0 0 0.785398 2 2 0 0 0 0 1 1 1 -1 
3 4 0 0 0.785398 0 0 0.785398 1 1 8.74689e-06 5.43712e-06 0 0 2 1 1 -1 
3 4 0 0 0.785398 0 0 0.785398 2 2 0 0 0 0 3 0 0 -1 
3 4 0 0 1.5708 0 0 0.785398 1 1 -3.39774e-06 2.76885e-06 0 0 0 0 0 -1 
3 4 0 0 1.5708 0 0 0.785398 2 2 0 0 0 0 1 1 1 -1 
3 4 0 0 1.5708 0 0 0.785398 1 1 5.73631e-06 5.4451e-06 0 0 2 1 1 -1 
3 4 0 0 1.5708 0 0 0.785398 2 2 0 0 0 0 3 0 0 -1 
3 4 0 0 2.35619 0 0 0.785398 1 1 3.58553e-06 2.71617e-06 0 0 0 0 0 -1 
3 4 0 0 2.35619 0 0 0.785398 2 2 0 0 0 0 1 1 1 -1 
3 4 0 0 2.35619 0 0 0.785398 1 1 -4.74879e-06 5.44499e-06 0 0 2 1 1 -1 
3 4 0 0 2.35619 0 0 0.785398 2 2 0 0 0 0 3 0 0 -1 
3 4 0 0 3.14159 0 0 0.785398 1 1 1.2716e-06 2.72124e-06 0 0 0 0 0 -1 
3 4 0 0 3.14159 0 0 0.785398 2 2 0 0 0 0 1 1 1 -1 
3 4 0 0 3.14159 0 0 0.785398 1 1 4.61432e-06 5.43078e-06 0 0 2 1 1 -1 
3 4 0 0 3.14159 0 0 0.785398 2 2 0 0 0 0 3 0 0 -1 
3 4 0 0 3.14159 0.785398 0 0.785398 1 1 1.42594e-06 2.71622e-06 0 0 0 0 0 -1 
3 4 0 0 3.14159 0.785398 0 0.785398 2 2 0 0 0 0 1 1 1 -1 
3 4 0 0 3.14159 0.785398 0 0.785398 1 1 2.47717e-06 5.44191e-06 0 0 2 1 1 -1 
3 4 0 0 3.14159 0.785398 0 0.785398 2 2 0 0 0 0 3 0 0 -1 
3 4 0 0 3.14159 1.5708 0 0.785398 1 1 4.48863e-06 2.72252e-06 0 0 0 0 0 -1 
3 4 0 0 3.14159 1.5708 0 0.785398 2 2 0 0 0 0 1 1 1 -1 
3 4 0 0 3.14159 1.5708 0 0.785398 1 1 -5.05438e-07 5.43813e-06 0 0 2 1 1 -1 
3 4 0 0 3.14159 1.5708 0 0.785398 2 2 0 0 0 0 3 0 0 -1 
3 4 0 0 3.14159 2.35619 0 0.785398 1 1 -1.19286e-06 2.72051e-06 0 0 0 0 0 -1 
3 4 0 0 3.14159 2.35619 0 0.785398 2 2 0 0 0 0 1 1 1 -1 
3 4 0 0 3.14159 2.35619 0 0.785398 1 1 -2.62285e-06 5.44117e-06 0 0 2 1 1 -1 
3 4 0 0 3.14159 2.35619 0 0.785398 2 2 0 0 0 0 3 0 0 -1 
3 4 0 0 3.14159 3.14159 0 0.785398 1 1 2.51386e-06 2.71467e-06 0 0 0 0 0 -1 
3 4 0 0 3.14159 3.14159 0 0.785398 2 2 0 0 0 0 1 1 1 -1 
3 4 0 0 3.14159 3.14159 0 0.785398 1 1 5.1534e-07 5.43368e-06 0 0 2 1 1 -1 
3 4 0 0 3.14159 3.14159 0 0.785398 2 2 0 0 0 0 3 0 0 -1 
3 4 0 0 2.35619 2.35619 0 0.785398 1 1 -6.33665e-06 2.72304e-06 0 0 0 0 0 -1 
3 4 0 0 2.35619 2.35619 0 0.785398 2 2 0 0 0 0 1 1 1 -1 
3 4 0 0 2.35619 2.35619 0 0.785398 1 1 1.81144e-06 5.43922e-06 0 0 2 1 1 -1 
3 4 0 0 2.35619 2.35619 0 0.785398 2 2 0 0 0 0 3 0 0 -1 
3 4 0 0 1.5708 1.5708 0 0.785398 1 1 1.49984e-06 2.72084e-06 0 0 0 0 0 -1 
3 4 0 0 1.5708 1.5708 0 0.785398 2 2 0 0 0 0 1 1 1 -1 
3 4 0 0 1.5708 1.5708 0 0.785398 1 1 -2.23819e-06 5.43854e-06 0 0 2 1 1 -1 
3 4 0 0 1.5708 1.5708 0 0.785398 2 2 0 0 0 0 3 0 0 -1 
3 4 0 0 0.785398 0.785398 0 0.785398 1 1 -3.24592e-06 2.71893e-06 0 0 0 0 0 -1 
3 4 0 0 0.785398 0.785398 0 0.785398 2 2 0 0 0 0 1 1 1 -1 
3 4 0 0 0.785398 0.785398 0 0.785398 1 1 -3.08219e-06 5.4372e-06 0 0 2 1 1 -1 
3 4 0 0 0.785398 0.785398 0 0.785398 2 2 0 0 0 0 3 0 0 -1 
3 4 0 0 0 0 0 0.785398 1 1 -4.87785e-05 3.04767e-07 0 0 0 0 0 -1 
3 4 0 0 0 0 0 0.785398 2 2 0 0 0 0 1 1 1 -1 
3 4 0 0 0.785398 0 0 0.785398 1 1 -4.24823e-05 7.29371e-07 0 0 0 0 0 -1 
3 4 0 0 0.785398 0 0 0.785398 2 2 0 0 0 0 1 1 1 -1 
3 4 0 0 1.5708 0 0 0.785398 1 1 -2.25348e-05 1.36129e-06 0 0 0 0 0 -1 
3 4 0 0 1.5708 0 0 0.785398 2 2 0 0 0 0 1 1 1 -1 
3 4 0 0 2.35619 0 0 0.785398 1 1 -5.58405e-06 1.88431e-06 0 0 0 0 0 -1 
3 4 0 0 2.35619 0 0 0.785398 2 2 0 0 0 0 1 1 1 -1 
3 4 0 0 3.14159 0 0 0.785398 1 1 4.63699e-07 2.08529e-06 0 0 0 0 0 -1 
3 4 0 0 3.14159 0 0 0.785398 2 2 0 0 0 0 1 1 1 -1 
3 4 0 0 3.14159 0.785398 0 0.785398 1 1 7.40853e-06 1.88069e-06 0 0 0 0 0 -1 
3 4 0 0 3.14159 0.785398 0 0.785398 2 2 0 0 0 0 1 1 1 -1 
3 4 0 0 3.14159 1.5708 0 0.785398 1 1 2.64468e-05 1.36167e-06 0 0 0 0 0 -1 
3 4 0 0 3.14159 1.5708 0 0.785398 2 2 0 0 0 0 1 1 1 -1 
3 4 0 0 3.14159 2.35619 0 0.785398 1 1 4.27184e-05 7.27672e-07 0 0 0 0 0 -1 
3 4 0 0 3.14159 2.35619 0 0.785398 2 2 0 0 0 0 1 1 1 -1 
3 4 0 0 3.14159 3.14159 0 0.785398 1 1 4.85125e-05 3.04988e-07 0 0 0 0 0 -1 
3 4 0 0 3.14159 3.14159 0 0.785398 2 2 0 0 0 0 1 1 1 -1 
3 4 0 0 2.35619 2.35619 0 0.785398 1 1 3.41397e-05 8.85707e-07 0 0 0 0 0 -1 
3 4 0 0 2.35619 2.35619 0 0.785398 2 2 0 0 0 0 1 1 1 -1 
3 4 0 0 1.5708 1.5708 0 0.785398 1 1 1.21417e-06 1.21419e-06 0 0 0 0 0 -1 
3 4 0 0 1.5708 1.5708 0 0.785398 2 2 0 0 0 0 1 1 1 -1 
3 4 0 0 0.785398 0.785398 0 0.785398 1 1 -3.48587e-05 8.87172e-07 0 0 0 0 0 -1 
3 4 0 0 0.785398 0.785398 0 0.785398 2 2 0 0 0 0 1 1 1 -1 
3 4 0 0 0 0 0 0.785398 1 1 -5.29446e-07 1.16536e-05 0 0 0 0 0 -1 
3 4 0 0 0 0 0 0.785398 1 1 1.02265e-05 2.33382e-05 0 0 0 2 1 -1 
3 4 0 0 0 0 0 0.785398 2 2 0 0 0 0 1 1 1 -1 
3 4 0 0 0 0 0 0.785398 2 2 0 0 0 0 1 3 0 -1 
3 4 0 0 0 0 0 0.785398 1 1 1.38732e-05 2.33416e-05 0 0 2 1 1 -1 
3 4 0 0 0 0 0 0.785398 1 1 -5.48619e-06 4.66238e-05 0 0 2 3 0 -1 
3 4 0 0 0 0 0 0.785398 2 2 0 0 0 0 3 0 0 -1 
3 4 0 0 0 0 0 0.785398 2 2 0 0 0 0 3 2 1 -1 
3 4 0 0 0.785398 0 0 0.785398 1 1 -7.56093e-06 1.16936e-05 0 0 0 0 0 -1 
3 4 0 0 0.785398 0 0 0.785398 1 1 -3.59943e-05 2.33407e-05 0 0 0 2 1 -1 
3 4 0 0 0.785398 0 0 0.785398 2 2 0 0 0 0 1 1 1 -1 
3 4 0 0 0.785398 0 0 0.785398 2 2 0 0 0 0 1 3 0 -1 
3 4 0 0 0.785398 0 0 0.785398 1 1 -1.63216e-05 2.33342e-05 0 0 2 1 1 -1 
3 4 0 0 0.785398 0 0 0.785398 1 1 -7.77117e-05 4.67759e-05 0 0 2 3 0 -1 
3 4 0 0 0.785398 0 0 0.785398 2 2 0 0 0 0 3 0 0 -1 
3 4 0 0 0.785398 0 0 0.785398 2 2 0 0 0 0 3 2 1 -1 
3 4 0 0 1.5708 0 0 0.785398 1 1 -4.42555e-06 1.16757e-05 0 0 0 0 0 -1 
3 4 0 0 1.5708 0 0 0.785398 1 1 1.52211e-05 2.33694e-05 0 0 0 2 1 -1 
3 4 0 0 1.5708 0 0 0.785398 2 2 0 0 0 0 1 1 1 -1 
3 4 0 0 1.5708 0 0 0.785398 2 2 0 0 0 0 1 3 0 -1 
3 4 0 0 1.5708 0 0 0.785398 1 1 3.52759e-05 2.33563e-05 0 0 2 1 1 -1 
3 4 0 0 1.5708 0 0 0.785398 1 1 -4.40907e-05 4.68237e-05 0 0 2 3 0 -1 
3 4 0 0 1.5708 0 0 0.785398 2 2 0 0 0 0 3 0 0 -1 
3 4 0 0 1.5708 0 0 0.785398 2 2 0 0 0 0 3 2 1 -1 
3 4 0 0 2.35619 0 0 0.785398 1 1 1.00511e-05 1.16791e-05 0 0 0 0 0 -1 
3 4 0 0 2.35619 0 0 0.785398 1 1 -6.62022e-06 2.33424e-05 0 0 0 2 1 -1 
3 4 0 0 2.35619 0 0 0.785398 2 2 0 0 0 0 1 1 1 -1 
3 4 0 0 2.35619 0 0 0.785398 2 2 0 0 0 0 1 3 0 -1 
3 4 0 0 2.35619 0 0 0.785398 1 1 -3.03948e-05 2.33495e-05 0 0 2 1 1 -1 
3 4 0 0 2.35619 0 0 0.785398 1 1 4.66833e-05 4.67915e-05 0 0 2 3 0 -1 
3 4 0 0 2.35619 0 0 0.785398 2 2 0 0 0 0 3 0 0 -1 
3 4 0 0 2.35619 0 0 0.785398 2 2 0 0 0 0 3 2 1 -1 
3 4 0 0 3.14159 0 0 0.785398 1 1 -1.03368e-05 1.16766e-05 0 0 0 0 0 -1 
3 4 0 0 3.14159 0 0 0.785398 1 1 1.99187e-05 2.33612e-05 0 0 0 2 1 -1 
3 4 0 0 3.14159 0 0 0.785398 2 2 0 0 0 0 1 1 1 -1 
3 4 0 0 3.14159 0 0 0.785398 2 2 0 0 0 0 1 3 0 -1 
3 4 0 0 3.14159 0 0 0.785398 1 1 -2.46772e-05 2.33701e-05 0 0 2 1 1 -1 
3 4 0 0 3.14159 0 0 0.785398 1 1 -5.68913e-06 4.67412e-05 0 0 2 3 0 -1 
3 4 0 0 3.14159 0 0 0.785398 2 2 0 0 0 0 3 0 0 -1 
3 4 0 0 3.14159 0 0 0.785398 2 2 0 0 0 0 3 2 1 -1 
3 4 0 0 3.14159 0.785398 0 0.785398 1 1 1.27406e-06 1.16652e-05 0 0 0 0 0 -1 
3 4 0 0 3.14159 0.785398 0 0.785398 1 1 9.58654e-06 2.32761e-05 0 0 0 2 1 -1 
3 4 0 0 3.14159 0.785398 0 0.785398 2 2 0 0 0 0 1 1 1 -1 
3 4 0 0 3.14159 0.785398 0 0.785398 2 2 0 0 0 0 1 3 0 -1 
3 4 0 0 3.14159 0.785398 0 0.785398 1 1 -1.7237e-06 2.33443e-05 0 0 2 1 1 -1 
3 4 0 0 3.14159 0.785398 0 0.785398 1 1 -2.28801e-05 4.66897e-05 0 0 2 3 0 -1 
3 4 0 0 3.14159 0.785398 0 0.785398 2 2 0 0 0 0 3 0 0 -1 
3 4 0 0 3.14159 0.785398 0 0.785398 2 2 0 0 0 0 3 2 1 -1 
3 4 0 0 3.14159 1.5708 0 0.785398 1 1 4.8063e-06 1.16745e-05 0 0 0 0 0 -1 
3 4 0 0 3.14159 1.5708 0 0.785398 1 1 7.64381e-06 2.33521e-05 0 0 0 2 1 -1 
3 4 0 0 3.14159 1.5708 0 0.785398 2 2 0 0 0 0 1 1 1 -1 
3 4 0 0 3.14159 1.5708 0 0.785398 2 2 0 0 0 0 1 3 0 -1 
3 4 0 0 3.14159 1.5708 0 0.785398 1 1 8.82647e-06 2.3354e-05 0 0 2 1 1 -1 
3 4 0 0 3.14159 1.5708 0 0.785398 1 1 -9.68935e-06 4.68049e-05 0 0 2 3 0 -1 
3 4 0 0 3.14159 1.5708 0 0.785398 2 2 0 0 0 0 3 0 0 -1 
3 4 0 0 3.14159 1.5708 0 0.785398 2 2 0 0 0 0 3 2 1 -1 
3 4 0 0 3.14159 2.35619 0 0.785398 1 1 2.12445e-05 1.1693e-05 0 0 0 0 0 -1 
3 4 0 0 3.14159 2.35619 0 0.785398 1 1 4.22937e-05 2.33675e-05 0 0 0 2 1 -1 
3 4 0 0 3.14159 2.35619 0 0.785398 2 2 0 0 0 0 1 1 1 -1 
3 4 0 0 3.14159 2.35619 0 0.785398 2 2 0 0 0 0 1 3 0 -1 
3 4 0 0 3.14159 2.35619 0 0.785398 1 1 -2.28253e-06 2.3367e-05 0 0 2 1 1 -1 
3 4 0 0 3.14159 2.35619 0 0.785398 1 1 9.05672e-05 4.67813e-05 0 0 2 3 0 -1 
3 4 0 0 3.14159 2.35619 0 0.785398 2 2 0 0 0 0 3 0 0 -1 
3 4 0 0 3.14159 2.35619 0 0.785398 2 2 0 0 0 0 3 2 1 -1 
3 4 0 0 3.14159 3.14159 0 0.785398 1 1 -6.37685e-06 1.17063e-05 0 0 0 0 0 -1 
3 4 0 0 3.14159 3.14159 0 0.785398 1 1 2.23633e-05 2.33484e-05 0 0 0 2 1 -1 
3 4 0 0 3.14159 3.14159 0 0.785398 2 2 0 0 0 0 1 1 1 -1 
3 4 0 0 3.14159 3.14159 0 0.785398 2 2 0 0 0 0 1 3 0 -1 
3 4 0 0 3.14159 3.14159 0 0.785398 1 1 8.74534e-06 2.33514e-05 0 0 2 1 1 -1 
3 4 0 0 3.14159 3.14159 0 0.785398 1 1 -2.31633e-07 4.66938e-05 0 0 2 3 0 -1 
3 4 0 0 3.14159 3.14159 0 0.785398 2 2 0 0 0 0 3 0 0 -1 
3 4 0 0 3.14159 3.14159 0 0.785398 2 2 0 0 0 0 3 2 1 -1 
3 4 0 0 2.35619 2.35619 0 0.785398 1 1 2.40486e-06 1.16776e-05 0 0 0 0 0 -1 
3 4 0 0 2.35619 2.35619 0 0.785398 1 1 2.775e-05 2.34006e-05 0 0 0 2 1 -1 
3 4 0 0 2.35619 2.35619 0 0.785398 2 2 0 0 0 0 1 1 1 -1 
3 4 0 0 2.35619 2.35619 0 0.785398 2 2 0 0 0 0 1 3 0 -1 
3 4 0 0 2.35619 2.35619 0 0.785398 1 1 -7.69119e-06 2.33861e-05 0 0 2 1 1 -1 
3 4 0 0 2.35619 2.35619 0 0.785398 1 1 -7.66845e-05 4.66622e-05 0 0 2 3 0 -1 
3 4 0 0 2.35619 2.35619 0 0.785398 2 2 0 0 0 0 3 0 0 -1 
3 4 0 0 2.35619 2.35619 0 0.785398 2 2 0 0 0 0 3 2 1 -1 
3 4 0 0 1.5708 1.5708 0 0.785398 1 1 1.59858e-06 1.16716e-05 0 0 0 0 0 -1 
3 4 0 0 1.5708 1.5708 0 0.785398 1 1 -1.60795e-05 2.33633e-05 0 0 0 2 1 -1 
3 4 0 0 1.5708 1.5708 0 0.785398 2 2 0 0 0 0 1 1 1 -1 
3 4 0 0 1.5708 1.5708 0 0.785398 2 2 0 0 0 0 1 3 0 -1 
3 4 0 0 1.5708 1.5708 0 0.785398 1 1 2.75748e-05 2.33927e-05 0 0 2 1 1 -1 
3 4 0 0 1.5708 1.5708 0 0.785398 1 1 2.06213e-05 4.68168e-05 0 0 2 3 0 -1 
3 4 0 0 1.5708 1.5708 0 0.785398 2 2 0 0 0 0 3 0 0 -1 
3 4 0 0 1.5708 1.5708 0 0.785398 2 2 0 0 0 0 3 2 1 -1 
3 4 0 0 0.785398 0.785398 0 0.785398 1 1 1.10703e-05 1.16864e-05 0 0 0 0 0 -1 
3 4 0 0 0.785398 0.785398 0 0.785398 1 1 1.60545e-05 2.34001e-05 0 0 0 2 1 -1 
3 4 0 0 0.785398 0.785398 0 0.785398 2 2 0 0 0 0 1 1 1 -1 
3 4 0 0 0.785398 0.785398 0 0.785398 2 2 0 0 0 0 1 3 0 -1 
3 4 0 0 0.785398 0.785398 0 0.785398 1 1 6.08938e-06 2.33693e-05 0 0 2 1 1 -1 
3 4 0 0 0.785398 0.785398 0 0.785398 1 1 2.89711e-05 4.66692e-05 0 0 2 3 0 -1 
3 4 0 0 0.785398 0.785398 0 0.785398 2 2 0 0 0 0 3 0 0 -1 
3 4 0 0 0.785398 0.785398 0 0.785398 2 2 0 0 0 0 3 2 1 -1 
3 4 0 0 0 0 0 0.785398 1 1 1.19598e-06 7.27995e-07 0 0 0 0 0 -1 
3 4 0 0 0 0 0 0.785398 2 2 0 0 0 0 1 1 1 -1 
3 4 0 0 0 0 0 0.785398 1 1 1.0225e-06 1.45494e-06 0 0 2 0 1 -1 
3 4 0 0 0 0 0 0.785398 2 2 0 0 0 0 3 1 0 -1 
3 4 0 0 0.785398 0 0 0.785398 1 1 3.00462e-07 3.03867e-06 0 0 0 0 0 -1 
3 4 0 0 0.785398 0 0 0.785398 2 2 0 0 0 0 1 1 1 -1 
3 4 0 0 0.785398 0 0 0.785398 1 1 -6.30742e-06 6.07719e-06 0 0 2 0 1 -1 
3 4 0 0 0.785398 0 0 0.785398 2 2 0 0 0 0 3 1 0 -1 
3 4 0 0 1.5708 0 0 0.785398 1 1 9.77624e-06 5.84392e-06 0 0 0 0 0 -1 
3 4 0 0 1.5708 0 0 0.785398 2 2 0 0 0 0 1 1 1 -1 
3 4 0 0 1.5708 0 0 0.785398 1 1 2.33735e-07 1.16843e-05 0 0 2 0 1 -1 
3 4 0 0 1.5708 0 0 0.785398 2 2 0 0 0 0 3 1 0 -1 
3 4 0 0 2.35619 0 0 0.785398 1 1 -3.92211e-06 8.02449e-06 0 0 0 0 0 -1 
3 4 0 0 2.35619 0 0 0.785398 2 2 0 0 0 0 1 1 1 -1 
3 4 0 0 2.35619 0 0 0.785398 1 1 9.766e-06 1.60614e-05 0 0 2 0 1 -1 
3 4 0 0 2.35619 0 0 0.785398 2 2 0 0 0 0 3 1 0 -1 
3 4 0 0 3.14159 0 0 0.785398 1 1 1.2276e-05 8.84444e-06 0 0 0 0 0 -1 
3 4 0 0 3.14159 0 0 0.785398 2 2 0 0 0 0 1 1 1 -1 
3 4 0 0 3.14159 0 0 0.785398 1 1 -4.69609e-06 1.77247e-05 0 0 2 0 1 -1 
3 4 0 0 3.14159 0 0 0.785398 2 2 0 0 0 0 3 1 0 -1 
3 4 0 0 3.14159 0.785398 0 0.785398 1 1 -1.16964e-05 8.00711e-06 0 0 0 0 0 -1 
3 4 0 0 3.14159 0.785398 0 0.785398 2 2 0 0 0 0 1 1 1 -1 
3 4 0 0 3.14159 0.785398 0 0.785398 1 1 -7.94932e-06 1.60398e-05 0 0 2 0 1 -1 
3 4 0 0 3.14159 0.785398 0 0.785398 2 2 0 0 0 0 3 1 0 -1 
3 4 0 0 3.14159 1.5708 0 0.785398 1 1 -4.22776e-07 5.83011e-06 0 0 0 0 0 -1 
3 4 0 0 3.14159 1.5708 0 0.785398 2 2 0 0 0 0 1 1 1 -1 
3 4 0 0 3.14159 1.5708 0 0.785398 1 1 1.73284e-05 1.16944e-05 0 0 2 0 1 -1 
3 4 0 0 3.14159 1.5708 0 0.785398 2 2 0 0 0 0 3 1 0 -1 
3 4 0 0 3.14159 2.35619 0 0.785398 1 1 5.58468e-06 3.03689e-06 0 0 0 0 0 -1 
3 4 0 0 3.14159 2.35619 0 0.785398 2 2 0 0 0 0 1 1 1 -1 
3 4 0 0 3.14159 2.35619 0 0.785398 1 1 -1.68934e-05 6.07473e-06 0 0 2 0 1 -1 
3 4 0 0 3.14159 2.35619 0 0.785398 2 2 0 0 0 0 3 1 0 -1 
3 4 0 0 3.14159 3.14159 0 0.785398 1 1 -4.18338e-07 7.28371e-07 0 0 0 0 0 -1 
3 4 0 0 3.14159 3.14159 0 0.785398 2 2 0 0 0 0 1 1 1 -1 
3 4 0 0 3.14159 3.14159 0 0.785398 1 1 9.35502e-07 1.45422e-06 0 0 2 0 1 -1 
3 4 0 0 3.14159 3.14159 0 0.785398 2 2 0 0 0 0 3 1 0 -1 
3 4 0 0 2.35619 2.35619 0 0.785398 1 1 2.44097e-06 3.80633e-06 0 0 0 0 0 -1 
3 4 0 0 2.35619 2.35619 0 0.785398 2 2 0 0 0 0 1 1 1 -1 
3 4 0 0 2.35619 2.35619 0 0.785398 1 1 7.0424e-06 7.64798e-06 0 0 2 0 1 -1 
3 4 0 0 2.35619 2.35619 0 0.785398 2 2 0 0 0 0 3 1 0 -1 
3 4 0 0 1.5708 1.5708 0 0.785398 1 1 5.5023e-07 5.35359e-06 0 0 0 0 0 -1 
3 4 0 0 1.5708 1.5708 0 0.785398 2 2 0 0 0 0 1 1 1 -1 
3 4 0 0 1.5708 1.5708 0 0.785398 1 1 5.64636e-06 1.06695e-05 0 0 2 0 1 -1 
3 4 0 0 1.5708 1.5708 0 0.785398 2 2 0 0 0 0 3 1 0 -1 
3 4 0 0 0.785398 0.785398 0 0.785398 1 1 -1.75008e-06 3.8121e-06 0 0 0 0 0 -1 
3 4 0 0 0.785398 0.785398 0 0.785398 2 2 0 0 0 0 1 1 1 -1 
3 4 0 0 0.785398 0.785398 0 0.785398 1 1 -4.93706e-06 7.63448e-06 0 0 2 0 1 -1 
3 4 0 0 0.785398 0.785398 0 0.785398 2 2 0 0 0 0 3 1 0 -1 
3 4 0 0 0 0 0 0.785398 1 1 -8.30631e-06 7.48929e-06 0 0 0 0 0 -1 
3 4 0 0 0 0 0 0.785398 2 2 0 0 0 0 1 1 1 -1 
3 4 0 0 0 0 0 0.785398 1 1 -6.50692e-06 1.50058e-05 0 0 2 1 1 -1 
3 4 0 0 0 0 0 0.785398 2 2 0 0 0 0 3 0 0 -1 
3 4 0 0 0.785398 0 0 0.785398 1 1 -9.95334e-06 7.53596e-06 0 0 0 0 0 -1 
3 4 0 0 0.785398 0 0 0.785398 2 2 0 0 0 0 1 1 1 -1 
3 4 0 0 0.785398 0 0 0.785398 1 1 -7.80815e-06 1.50792e-05 0 0 2 1 1 -1 
3 4 0 0 0.785398 0 0 0.785398 2 2 0 0 0 0 3 0 0 -1 
3 4 0 0 1.5708 0 0 0.785398 1 1 6.35872e-06 7.51497e-06 0 0 0 0 0 -1 
3 4 0 0 1.5708 0 0 0.785398 2 2 0 0 0 0 1 1 1 -1 
3 4 0 0 1.5708 0 0 0.785398 1 1 -1.45814e-05 1.5022e-05 0 0 2 1 1 -1 
3 4 0 0 1.5708 0 0 0.785398 2 2 0 0 0 0 3 0 0 -1 
3 4 0 0 2.35619 0 0 0.785398 1 1 -5.01974e-06 7.53169e-06 0 0 0 0 0 -1 
3 4 0 0 2.35619 0 0 0.785398 2 2 0 0 0 0 1 1 1 -1 
3 4 0 0 2.35619 0 0 0.785398 1 1 -7.65013e-07 1.50202e-05 0 0 2 1 1 -1 
3 4 0 0 2.35619 0 0 0.785398 2 2 0 0 0 0 3 0 0 -1 
3 4 0 0 3.14159 0 0 0.785398 1 1 -2.1854e-06 7.51742e-06 0 0 0 0 0 -1 
3 4 0 0 3.14159 0 0 0.785398 2 2 0 0 0 0 1 1 1 -1 
3 4 0 0 3.14159 0 0 0.785398 1 1 -2.10936e-06 1.50266e-05 0 0 2 1 1 -1 
3 4 0 0 3.14159 0 0 0.785398 2 2 0 0 0 0 3 0 0 -1 
3 4 0 0 3.14159 0.785398 0 0.785398 1 1 9.6315e-06 7.51118e-06 0 0 0 0 0 -1 
3 4 0 0 3.14159 0.785398 0 0.785398 2 2 0 0 0 0 1 1 1 -1 
3 4 0 0 3.14159 0.785398 0 0.785398 1 1 -3.41598e-06 1.50117e-05 0 0 2 1 1 -1 
3 4 0 0 3.14159 0.785398 0 0.785398 2 2 0 0 0 0 3 0 0 -1 
3 4 0 0 3.14159 1.5708 0 0.785398 1 1 -1.1052e-05 7.51492e-06 0 0 0 0 0 -1 
3 4 0 0 3.14159 1.5708 0 0.785398 2 2 0 0 0 0 1 1 1 -1 
3 4 0 0 3.14159 1.5708 0 0.785398 1 1 4.30961e-06 1.50489e-05 0 0 2 1 1 -1 
3 4 0 0 3.14159 1.5708 0 0.785398 2 2 0 0 0 0 3 0 0 -1 
3 4 0 0 3.14159 2.35619 0 0.785398 1 1 -2.56367e-06 7.50743e-06 0 0 0 0 0 -1 
3 4 0 0 3.14159 2.35619 0 0.785398 2 2 0 0 0 0 1 1 1 -1 
3 4 0 0 3.14159 2.35619 0 0.785398 1 1 -1.73266e-05 1.50324e-05 0 0 2 1 1 -1 
3 4 0 0 3.14159 2.35619 0 0.785398 2 2 0 0 0 0 3 0 0 -1 
3 4 0 0 3.14159 3.14159 0 0.785398 1 1 -4.40842e-06 7.50087e-06 0 0 0 0 0 -1 
3 4 0 0 3.14159 3.14159 0 0.785398 2 2 0 0 0 0 1 1 1 -1 
3 4 0 0 3.14159 3.14159 0 0.785398 1 1 4.15594e-06 1.5009e-05 0 0 2 1 1 -1 
3 4 0 0 3.14159 3.14159 0 0.785398 2 2 0 0 0 0 3 0 0 -1 
3 4 0 0 2.35619 2.35619 0 0.785398 1 1 -4.28137e-06 7.52206e-06 0 0 0 0 0 -1 
3 4 0 0 2.35619 2.35619 0 0.785398 2 2 0 0 0 0 1 1 1 -1 
3 4 0 0 2.35619 2.35619 0 0.785398 1 1 2.44114e-05 1.50343e-05 0 0 2 1 1 -1 
3 4 0 0 2.35619 2.35619 0 0.785398 2 2 0 0 0 0 3 0 0 -1 
3 4 0 0 1.5708 1.5708 0 0.785398 1 1 -9.53703e-06 7.51923e-06 0 0 0 0 0 -1 
3 4 0 0 1.5708 1.5708 0 0.785398 2 2 0 0 0 0 1 1 1 -1 
3 4 0 0 1.5708 1.5708 0 0.785398 1 1 -1.49192e-05 1.50263e-05 0 0 2 1 1 -1 
3 4 0 0 1.5708 1.5708 0 0.785398 2 2 0 0 0 0 3 0 0 -1 
3 4 0 0 0.785398 0.785398 0 0.785398 1 1 2.84094e-06 7.52516e-06 0 0 0 0 0 -1 
3 4 0 0 0.785398 0.785398 0 0.785398 2 2 0 0 0 0 1 1 1 -1 
3 4 0 0 0.785398 0.785398 0 0.785398 1 1 -4.24317e-06 1.50292e-05 0 0 2 1 1 -1 
3 4 0 0 0.785398 0.785398 0 0.785398 2 2 0 0 0 0 3 0 0 -1 
3 4 0 0 0 0 0 0.785398 1 1 -5.52841e-07 4.41688e-07 0 0 0 0 0 -1 
3 4 0 0 0 0 0 0.785398 2 2 0 0 0 0 1 1 1 -1 
3 4 0 0 0.785398 0 0 0.785398 1 1 9.30282e-07 1.8154e-06 0 0 0 0 0 -1 
3 4 0 0 0.785398 0 0 0.785398 2 2 0 0 0 0 1 1 1 -1 
3 4 0 0 1.5708 0 0 0.785398 1 1 7.72303e-06 3.76285e-06 0 0 0 0 0 -1 
3 4 0 0 1.5708 0 0 0.785398 2 2 0 0 0 0 1 1 1 -1 
3 4 0 0 2.35619 0 0 0.785398 1 1 -2.24211e-06 5.44245e-06 0 0 0 0 0 -1 
3 4 0 0 2.35619 0 0 0.785398 2 2 0 0 0 0 1 1 1 -1 
3 4 0 0 3.14159 0 0 0.785398 1 1 -9.89924e-07 6.12507e-06 0 0 0 0 0 -1 
3 4 0 0 3.14159 0 0 0.785398 2 2 0 0 0 0 1 1 1 -1 
3 4 0 0 3.14159 0.785398 0 0.785398 1 1 8.0295e-06 5.45257e-06 0 0 0 0 0 -1 
3 4 0 0 3.14159 0.785398 0 0.785398 2 2 0 0 0 0 1 1 1 -1 
3 4 0 0 3.14159 1.5708 0 0.785398 1 1 4.80465e-06 3.76462e-06 0 0 0 0 0 -1 
3 4 0 0 3.14159 1.5708 0 0.785398 2 2 0 0 0 0 1 1 1 -1 
3 4 0 0 3.14159 2.35619 0 0.785398 1 1 2.3929e-07 1.8082e-06 0 0 0 0 0 -1 
3 4 0 0 3.14159 2.35619 0 0.785398 2 2 0 0 0 0 1 1 1 -1 
3 4 0 0 3.14159 3.14159 0 0.785398 1 1 -8.68802e-08 4.41765e-07 0 0 0 0 0 -1 
3 4 0 0 3.14159 3.14159 0 0.785398 2 2 0 0 0 0 1 1 1 -1 
3 4 0 0 2.35619 2.35619 0 0.785398 1 1 2.156e-06 2.17854e-06 0 0 0 0 0 -1 
3 4 0 0 2.35619 2.35619 0 0.785398 2 2 0 0 0 0 1 1 1 -1 
3 4 0 0 1.5708 1.5708 0 0.785398 1 1 -1.13725e-06 3.06688e-06 0 0 0 0 0 -1 
3 4 0 0 1.5708 1.5708 0 0.785398 2 2 0 0 0 0 1 1 1 -1 
3 4 0 0 0.785398 0.785398 0 0.785398 1 1 -1.9288e-06 2.17597e-06 0 0 0 0 0 -1 
3 4 0 0 0.785398 0.785398 0 0.785398 2 2 0 0 0 0 1 1 1 -1 
3 4 0 0 0 0 0 0.785398 1 1 7.33261e-05 4.11526e-07 0.000127464 1.80856e-07 0 0 0 -1 
3 4 0 0 0 0 0 0.785398 2 2 0 0 0 0 1 1 1 -1 
3 4 0 0 0 0 0 0.785398 1 1 -0.000611669 5.64488e-06 0.000639033 2.57691e-06 2 0 3 -1 
3 4 0 0 0 0 0 0.785398 2 2 0 0 0 0 3 1 2 -1 
3 4 0 0 0.785398 0 0 0.785398 1 1 6.5387e-05 7.27033e-07 0.000147982 4.52792e-07 0 0 0 -1 
3 4 0 0 0.785398 0 0 0.785398 2 2 0 0 0 0 1 1 1 -1 
3 4 0 0 0.785398 0 0 0.785398 1 1 -0.000536937 6.6671e-06 0.000667906 3.25702e-06 2 0 3 -1 
3 4 0 0 0.785398 0 0 0.785398 2 2 0 0 0 0 3 1 2 -1 
3 4 0 0 1.5708 0 0 0.785398 1 1 3.38572e-05 1.93611e-06 0.000184244 1.1261e-06 0 0 0 -1 
3 4 0 0 1.5708 0 0 0.785398 2 2 0 0 0 0 1 1 1 -1 
3 4 0 0 1.5708 0 0 0.785398 1 1 -0.000309617 8.96873e-06 0.000733585 4.74976e-06 2 0 3 -1 
3 4 0 0 1.5708 0 0 0.785398 2 2 0 0 0 0 3 1 2 -1 
3 4 0 0 2.35619 0 0 0.785398 1 1 2.34054e-06 3.46643e-06 0.000189972 1.73245e-06 0 0 0 -1 
3 4 0 0 2.35619 0 0 0.785398 2 2 0 0 0 0 1 1 1 -1 
3 4 0 0 2.35619 0 0 0.785398 1 1 -0.000136345 1.0903e-05 0.00077171 6.03574e-06 2 0 3 -1 
3 4 0 0 2.35619 0 0 0.785398 2 2 0 0 0 0 3 1 2 -1 
3 4 0 0 3.14159 0 0 0.785398 1 1 -1.67757e-06 4.23802e-06 0.000169067 1.74418e-06 0 0 0 -1 
3 4 0 0 3.14159 0 0 0.785398 2 2 0 0 0 0 1 1 1 -1 
3 4 0 0 3.14159 0 0 0.785398 1 1 4.80977e-06 1.1504e-05 0.000772858 6.08982e-06 2 0 3 -1 
3 4 0 0 3.14159 0 0 0.785398 2 2 0 0 0 0 3 1 2 -1 
3 4 0 0 3.14159 0.785398 0 0.785398 1 1 5.86864e-06 3.46496e-06 0.000189117 1.72903e-06 0 0 0 -1 
3 4 0 0 3.14159 0.785398 0 0.785398 2 2 0 0 0 0 1 1 1 -1 
3 4 0 0 3.14159 0.785398 0 0.785398 1 1 0.000125975 1.09167e-05 0.000785869 6.04088e-06 2 0 3 -1 
3 4 0 0 3.14159 0.785398 0 0.785398 2 2 0 0 0 0 3 1 2 -1 
3 4 0 0 3.14159 1.5708 0 0.785398 1 1 -3.14276e-05 1.94052e-06 0.000183213 1.12688e-06 0 0 0 -1 
3 4 0 0 3.14159 1.5708 0 0.785398 2 2 0 0 0 0 1 1 1 -1 
3 4 0 0 3.14159 1.5708 0 0.785398 1 1 0.000321454 8.97538e-06 0.000734382 4.75599e-06 2 0 3 -1 
3 4 0 0 3.14159 1.5708 0 0.785398 2 2 0 0 0 0 3 1 2 -1 
3 4 0 0 3.14159 2.35619 0 0.785398 1 1 -6.47923e-05 7.27804e-07 0.000147809 4.52956e-07 0 0 0 -1 
3 4 0 0 3.14159 2.35619 0 0.785398 2 2 0 0 0 0 1 1 1 -1 
3 4 0 0 3.14159 2.35619 0 0.785398 1 1 0.000527803 6.65266e-06 0.000670593 3.24537e-06 2 0 3 -1 
3 4 0 0 3.14159 2.35619 0 0.785398 2 2 0 0 0 0 3 1 2 -1 
3 4 0 0 3.14159 3.14159 0 0.785398 1 1 -7.33288e-05 4.11564e-07 0.000127401 1.80924e-07 0 0 0 -1 
3 4 0 0 3.14159 3.14159 0 0.785398 2 2 0 0 0 0 1 1 1 -1 
3 4 0 0 3.14159 3.14159 0 0.785398 1 1 0.0006061 5.64216e-06 0.000633957 2.57741e-06 2 0 3 -1 
3 4 0 0 3.14159 3.14159 0 0.785398 2 2 0 0 0 0 3 1 2 -1 
3 4 0 0 2.35619 2.35619 0 0.785398 1 1 -5.48677e-05 1.26357e-06 0.000167814 7.49752e-07 0 0 0 -1 
3 4 0 0 2.35619 2.35619 0 0.785398 2 2 0 0 0 0 1 1 1 -1 
3 4 0 0 2.35619 2.35619 0 0.785398 1 1 0.00044089 7.30321e-06 0.000699197 3.81445e-06 2 0 3 -1 
3 4 0 0 2.35619 2.35619 0 0.785398 2 2 0 0 0 0 3 1 2 -1 
3 4 0 0 1.5708 1.5708 0 0.785398 1 1 4.71428e-06 2.54149e-06 0.000211267 1.56845e-06 0 0 0 -1 
3 4 0 0 1.5708 1.5708 0 0.785398 2 2 0 0 0 0 1 1 1 -1 
3 4 0 0 1.5708 1.5708 0 0.785398 1 1 6.88022e-06 8.45613e-06 0.000757876 5.34834e-06 2 0 3 -1 
3 4 0 0 1.5708 1.5708 0 0.785398 2 2 0 0 0 0 3 1 2 -1 
3 4 0 0 0.785398 0.785398 0 0.785398 1 1 5.59855e-05 1.26144e-06 0.000166394 7.49838e-07 0 0 0 -1 
3 4 0 0 0.785398 0.785398 0 0.785398 2 2 0 0 0 0 1 1 1 -1 
3 4 0 0 0.785398 0.785398 0 0.785398 1 1 -0.000432947 7.31495e-06 0.000694545 3.81604e-06 2 0 3 -1 
3 4 0 0 0.785398 0.785398 0 0.785398 2 2 0 0 0 0 3 1 2 -1 
3 4 0 0 0 0 0 0.785398 1 1 -5.21094e-05 2.28358e-07 -2.74438e-05 7.7822e-08 0 0 0 -1 
3 4 0 0 0 0 0 0.785398 2 2 0 0 0 0 1 1 1 -1 
3 4 0 0 0.785398 0 0 0.785398 1 1 -4.53906e-05 6.81807e-07 -1.93179e-05 2.92119e-07 0 0 0 -1 
3 4 0 0 0.785398 0 0 0.785398 2 2 0 0 0 0 1 1 1 -1 
3 4 0 0 1.5708 0 0 0.785398 1 1 -2.96349e-05 1.61173e-06 -4.80759e-06 8.53406e-07 0 0 0 -1 
3 4 0 0 1.5708 0 0 0.785398 2 2 0 0 0 0 1 1 1 -1 
3 4 0 0 2.35619 0 0 0.785398 1 1 -1.11117e-05 2.62581e-06 1.90445e-06 1.43461e-06 0 0 0 -1 
3 4 0 0 2.35619 0 0 0.785398 2 2 0 0 0 0 1 1 1 -1 
3 4 0 0 3.14159 0 0 0.785398 1 1 4.24076e-06 3.12056e-06 -1.77589e-06 1.60386e-06 0 0 0 -1 
3 4 0 0 3.14159 0 0 0.785398 2 2 0 0 0 0 1 1 1 -1 
3 4 0 0 3.14159 0.785398 0 0.785398 1 1 1.21397e-05 2.62762e-06 2.2166e-06 1.43591e-06 0 0 0 -1 
3 4 0 0 3.14159 0.785398 0 0.785398 2 2 0 0 0 0 1 1 1 -1 
3 4 0 0 3.14159 1.5708 0 0.785398 1 1 2.61807e-05 1.60524e-06 -4.17001e-06 8.49346e-07 0 0 0 -1 
3 4 0 0 3.14159 1.5708 0 0.785398 2 2 0 0 0 0 1 1 1 -1 
3 4 0 0 3.14159 2.35619 0 0.785398 1 1 4.55939e-05 6.82447e-07 -1.96949e-05 2.92272e-07 0 0 0 -1 
3 4 0 0 3.14159 2.35619 0 0.785398 2 2 0 0 0 0 1 1 1 -1 
3 4 0 0 3.14159 3.14159 0 0.785398 1 1 5.21482e-05 2.27885e-07 -2.73519e-05 7.77828e-08 0 0 0 -1 
3 4 0 0 3.14159 3.14159 0 0.785398 2 2 0 0 0 0 1 1 1 -1 
3 4 0 0 2.35619 2.35619 0 0.785398 1 1 3.72132e-05 8.97687e-07 -1.11014e-05 3.88473e-07 0 0 0 -1 
3 4 0 0 2.35619 2.35619 0 0.785398 2 2 0 0 0 0 1 1 1 -1 
3 4 0 0 1.5708 1.5708 0 0.785398 1 1 -6.54894e-07 1.66179e-06 7.62358e-06 9.53172e-07 0 0 0 -1 
3 4 0 0 1.5708 1.5708 0 0.785398 2 2 0 0 0 0 1 1 1 -1 
3 4 0 0 0.785398 0.785398 0 0.785398 1 1 -3.86149e-05 8.99369e-07 -1.13501e-05 3.88891e-07 0 0 0 -1 
3 4 0 0 0.785398 0.785398 0 0.785398 2 2 0 0 0 0 1 1 1 -1 
3 4 0 0 0 0 0 0.785398 1 1 -3.54276e-05 6.94397e-07 -1.74592e-05 1.23628e-07 0 0 0 -1 
3 4 0 0 0 0 0 0.785398 2 2 0 0 0 0 1 1 1 -1 
3 4 0 0 0.785398 0 0 0.785398 1 1 -2.33254e-05 9.77413e-07 -1.32602e-05 2.95632e-07 0 0 0 -1 
3 4 0 0 0.785398 0 0 0.785398 2 2 0 0 0 0 1 1 1 -1 
3 4 0 0 1.5708 0 0 0.785398 1 1 -5.62299e-06 1.69552e-06 -4.94838e-06 8.08113e-07 0 0 0 -1 
3 4 0 0 1.5708 0 0 0.785398 2 2 0 0 0 0 1 1 1 -1 
3 4 0 0 2.35619 0 0 0.785398 1 1 6.96426e-06 2.4899e-06 9.53892e-07 1.42999e-06 0 0 0 -1 
3 4 0 0 2.35619 0 0 0.785398 2 2 0 0 0 0 1 1 1 -1 
3 4 0 0 3.14159 0 0 0.785398 1 1 -4.66877e-07 2.86016e-06 2.15204e-06 1.68777e-06 0 0 0 -1 
3 4 0 0 3.14159 0 0 0.785398 2 2 0 0 0 0 1 1 1 -1 
3 4 0 0 3.14159 0.785398 0 0.785398 1 1 -4.76453e-06 2.48879e-06 -2.24383e-06 1.42684e-06 0 0 0 -1 
3 4 0 0 3.14159 0.785398 0 0.785398 2 2 0 0 0 0 1 1 1 -1 
3 4 0 0 3.14159 1.5708 0 0.785398 1 1 5.97293e-06 1.69679e-06 -4.281e-06 8.07293e-07 0 0 0 -1 
3 4 0 0 3.14159 1.5708 0 0.785398 2 2 0 0 0 0 1 1 1 -1 
3 4 0 0 3.14159 2.35619 0 0.785398 1 1 2.37493e-05 9.78102e-07 -1.27838e-05 2.9543e-07 0 0 0 -1 
3 4 0 0 3.14159 2.35619 0 0.785398 2 2 0 0 0 0 1 1 1 -1 
3 4 0 0 3.14159 3.14159 0 0.785398 1 1 3.49811e-05 6.91716e-07 -1.7397e-05 1.23253e-07 0 0 0 -1 
3 4 0 0 3.14159 3.14159 0 0.785398 2 2 0 0 0 0 1 1 1 -1 
3 4 0 0 2.35619 2.35619 0 0.785398 1 1 1.38422e-05 1.15082e-06 -9.25602e-06 3.89601e-07 0 0 0 -1 
3 4 0 0 2.35619 2.35619 0 0.785398 2 2 0 0 0 0 1 1 1 -1 
3 4 0 0 1.5708 1.5708 0 0.785398 1 1 -4.35919e-07 1.79223e-06 -4.46354e-06 8.77816e-07 0 0 0 -1 
3 4 0 0 1.5708 1.5708 0 0.785398 2 2 0 0 0 0 1 1 1 -1 
3 4 0 0 0.785398 0.785398 0 0.785398 1 1 -1.71543e-05 1.15024e-06 -8.83204e-06 3.8969e-07 0 0 0 -1 
3 4 0 0 0.785398 0.785398 0 0.785398 2 2 0 0 0 0 1 1 1 -1 
3 4 0 0 0 0 0 0.785398 1 1 3.77737e-05 1.45977e-06 4.44898e-05 2.80438e-07 0 0 0 -1 
3 4 0 0 0 0 0 0.785398 2 2 0 0 0 0 1 1 1 -1 
3 4 0 0 0 0 0 0.785398 1 1 -0.000322926 7.63362e-06 0.000565827 2.66185e-06 2 2 1 -1 
3 4 0 0 0 0 0 0.785398 2 2 0 0 0 0 3 3 0 -1 
3 4 0 0 0.785398 0 0 0.785398 1 1 4.59894e-05 1.70092e-06 7.53137e-05 4.78308e-07 0 0 0 -1 
3 4 0 0 0.785398 0 0 0.785398 2 2 0 0 0 0 1 1 1 -1 
3 4 0 0 0.785398 0 0 0.785398 1 1 -0.000270938 8.27505e-06 0.000603806 3.24849e-06 2 2 1 -1 
3 4 0 0 0.785398 0 0 0.785398 2 2 0 0 0 0 3 3 0 -1 
3 4 0 0 1.5708 0 0 0.785398 1 1 4.33603e-05 2.33688e-06 0.000151478 1.0628e-06 0 0 0 -1 
3 4 0 0 1.5708 0 0 0.785398 2 2 0 0 0 0 1 1 1 -1 
3 4 0 0 1.5708 0 0 0.785398 1 1 -0.00013976 9.78565e-06 0.000682408 4.6218e-06 2 2 1 -1 
3 4 0 0 1.5708 0 0 0.785398 2 2 0 0 0 0 3 3 0 -1 
3 4 0 0 2.35619 0 0 0.785398 1 1 1.59765e-05 3.00822e-06 0.000233197 1.72831e-06 0 0 0 -1 
3 4 0 0 2.35619 0 0 0.785398 2 2 0 0 0 0 1 1 1 -1 
3 4 0 0 2.35619 0 0 0.785398 1 1 -4.33592e-05 1.14185e-05 0.000757765 6.19969e-06 2 2 1 -1 
3 4 0 0 2.35619 0 0 0.785398 2 2 0 0 0 0 3 3 0 -1 
3 4 0 0 3.14159 0 0 0.785398 1 1 -7.87821e-06 3.29532e-06 0.000260832 1.99264e-06 0 0 0 -1 
3 4 0 0 3.14159 0 0 0.785398 2 2 0 0 0 0 1 1 1 -1 
3 4 0 0 3.14159 0 0 0.785398 1 1 3.3762e-06 1.22544e-05 0.000778817 6.87088e-06 2 2 1 -1 
3 4 0 0 3.14159 0 0 0.785398 2 2 0 0 0 0 3 3 0 -1 
3 4 0 0 3.14159 0.785398 0 0.785398 1 1 -1.51711e-05 3.00472e-06 0.00023112 1.72759e-06 0 0 0 -1 
3 4 0 0 3.14159 0.785398 0 0.785398 2 2 0 0 0 0 1 1 1 -1 
3 4 0 0 3.14159 0.785398 0 0.785398 1 1 3.46606e-05 1.13747e-05 0.000766434 6.1904e-06 2 2 1 -1 
3 4 0 0 3.14159 0.785398 0 0.785398 2 2 0 0 0 0 3 3 0 -1 
3 4 0 0 3.14159 1.5708 0 0.785398 1 1 -3.49801e-05 2.33598e-06 0.000151971 1.06261e-06 0 0 0 -1 
3 4 0 0 3.14159 1.5708 0 0.785398 2 2 0 0 0 0 1 1 1 -1 
3 4 0 0 3.14159 1.5708 0 0.785398 1 1 0.00012823 9.78044e-06 0.000679018 4.62086e-06 2 2 1 -1 
3 4 0 0 3.14159 1.5708 0 0.785398 2 2 0 0 0 0 3 3 0 -1 
3 4 0 0 3.14159 2.35619 0 0.785398 1 1 -4.70307e-05 1.69981e-06 7.58977e-05 4.77972e-07 0 0 0 -1 
3 4 0 0 3.14159 2.35619 0 0.785398 2 2 0 0 0 0 1 1 1 -1 
3 4 0 0 3.14159 2.35619 0 0.785398 1 1 0.000255264 8.27041e-06 0.000601747 3.24046e-06 2 2 1 -1 
3 4 0 0 3.14159 2.35619 0 0.785398 2 2 0 0 0 0 3 3 0 -1 
3 4 0 0 3.14159 3.14159 0 0.785398 1 1 -4.03608e-05 1.46018e-06 4.40974e-05 2.80355e-07 0 0 0 -1 
3 4 0 0 3.14159 3.14159 0 0.785398 2 2 0 0 0 0 1 1 1 -1 
3 4 0 0 3.14159 3.14159 0 0.785398 1 1 0.000325714 7.63437e-06 0.000570337 2.6568e-06 2 2 1 -1 
3 4 0 0 3.14159 3.14159 0 0.785398 2 2 0 0 0 0 3 3 0 -1 
3 4 0 0 2.35619 2.35619 0 0.785398 1 1 -3.92616e-05 1.9521e-06 0.000101206 7.20955e-07 0 0 0 -1 
3 4 0 0 2.35619 2.35619 0 0.785398 2 2 0 0 0 0 1 1 1 -1 
3 4 0 0 2.35619 2.35619 0 0.785398 1 1 0.000202915 8.8099e-06 0.000628131 3.69963e-06 2 2 1 -1 
3 4 0 0 2.35619 2.35619 0 0.785398 2 2 0 0 0 0 3 3 0 -1 
3 4 0 0 1.5708 1.5708 0 0.785398 1 1 1.80457e-06 2.75676e-06 0.00015703 1.37958e-06 0 0 0 -1 
3 4 0 0 1.5708 1.5708 0 0.785398 2 2 0 0 0 0 1 1 1 -1 
3 4 0 0 1.5708 1.5708 0 0.785398 1 1 5.03332e-06 1.06136e-05 0.000673635 5.16975e-06 2 2 1 -1 
3 4 0 0 1.5708 1.5708 0 0.785398 2 2 0 0 0 0 3 3 0 -1 
3 4 0 0 0.785398 0.785398 0 0.785398 1 1 4.39243e-05 1.95028e-06 0.00010041 7.19187e-07 0 0 0 -1 
3 4 0 0 0.785398 0.785398 0 0.785398 2 2 0 0 0 0 1 1 1 -1 
3 4 0 0 0.785398 0.785398 0 0.785398 1 1 -0.000200066 8.81867e-06 0.000629233 3.71423e-06 2 2 1 -1 
3 4 0 0 0.785398 0.785398 0 0.785398 2 2 0 0 0 0 3 3 0 -1 
3 4 0 0 0 0 0 0.785398 1 1 3.97328e-05 1.4633e-06 4.46981e-05 2.81023e-07 0 0 0 -1 
3 4 0 0 0 0 0 0.785398 2 2 0 0 0 0 1 1 1 -1 
3 4 0 0 0 0 0 0.785398 1 1 -0.000323629 7.65158e-06 0.000563149 2.66304e-06 2 2 1 -1 
3 4 0 0 0 0 0 0.785398 2 2 0 0 0 0 3 3 0 -1 
3 4 0 0 0.785398 0 0 0.785398 1 1 4.23174e-05 1.69912e-06 7.50416e-05 4.77549e-07 0 0 0 -1 
3 4 0 0 0.785398 0 0 0.785398 2 2 0 0 0 0 1 1 1 -1 
3 4 0 0 0.785398 0 0 0.785398 1 1 -0.000269886 8.28011e-06 0.000608368 3.25025e-06 2 2 1 -1 
3 4 0 0 0.785398 0 0 0.785398 2 2 0 0 0 0 3 3 0 -1 
3 4 0 0 1.5708 0 0 0.785398 1 1 4.31892e-05 2.34186e-06 0.000154037 1.06333e-06 0 0 0 -1 
3 4 0 0 1.5708 0 0 0.785398 2 2 0 0 0 0 1 1 1 -1 
3 4 0 0 1.5708 0 0 0.785398 1 1 -0.00012114 9.8108e-06 0.000690401 4.63697e-06 2 2 1 -1 
3 4 0 0 1.5708 0 0 0.785398 2 2 0 0 0 0 3 3 0 -1 
3 4 0 0 2.35619 0 0 0.785398 1 1 1.40924e-05 3.00054e-06 0.000233521 1.72914e-06 0 0 0 -1 
3 4 0 0 2.35619 0 0 0.785398 2 2 0 0 0 0 1 1 1 -1 
3 4 0 0 2.35619 0 0 0.785398 1 1 -1.30357e-05 1.13825e-05 0.000768046 6.20487e-06 2 2 1 -1 
3 4 0 0 2.35619 0 0 0.785398 2 2 0 0 0 0 3 3 0 -1 
3 4 0 0 3.14159 0 0 0.785398 1 1 3.08108e-06 3.28656e-06 0.000260209 1.98622e-06 0 0 0 -1 
3 4 0 0 3.14159 0 0 0.785398 2 2 0 0 0 0 1 1 1 -1 
3 4 0 0 3.14159 0 0 0.785398 1 1 -4.8983e-06 1.22389e-05 0.000781263 6.85896e-06 2 2 1 -1 
3 4 0 0 3.14159 0 0 0.785398 2 2 0 0 0 0 3 3 0 -1 
3 4 0 0 3.14159 0.785398 0 0.785398 1 1 -8.61997e-06 3.00108e-06 0.000234068 1.72945e-06 0 0 0 -1 
3 4 0 0 3.14159 0.785398 0 0.785398 2 2 0 0 0 0 1 1 1 -1 
3 4 0 0 3.14159 0.785398 0 0.785398 1 1 1.69305e-05 1.14124e-05 0.000758135 6.1921e-06 2 2 1 -1 
3 4 0 0 3.14159 0.785398 0 0.785398 2 2 0 0 0 0 3 3 0 -1 
3 4 0 0 3.14159 1.5708 0 0.785398 1 1 -4.25309e-05 2.33318e-06 0.000153374 1.06184e-06 0 0 0 -1 
3 4 0 0 3.14159 1.5708 0 0.785398 2 2 0 0 0 0 1 1 1 -1 
3 4 0 0 3.14159 1.5708 0 0.785398 1 1 0.000134506 9.78574e-06 0.000686063 4.62375e-06 2 2 1 -1 
3 4 0 0 3.14159 1.5708 0 0.785398 2 2 0 0 0 0 3 3 0 -1 
3 4 0 0 3.14159 2.35619 0 0.785398 1 1 -4.22644e-05 1.69971e-06 7.52983e-05 4.77828e-07 0 0 0 -1 
3 4 0 0 3.14159 2.35619 0 0.785398 2 2 0 0 0 0 1 1 1 -1 
3 4 0 0 3.14159 2.35619 0 0.785398 1 1 0.000269797 8.28553e-06 0.000606766 3.25023e-06 2 2 1 -1 
3 4 0 0 3.14159 2.35619 0 0.785398 2 2 0 0 0 0 3 3 0 -1 
3 4 0 0 3.14159 3.14159 0 0.785398 1 1 -4.2513e-05 1.46274e-06 4.47172e-05 2.81009e-07 0 0 0 -1 
3 4 0 0 3.14159 3.14159 0 0.785398 2 2 0 0 0 0 1 1 1 -1 
3 4 0 0 3.14159 3.14159 0 0.785398 1 1 0.000335471 7.63307e-06 0.000567387 2.65845e-06 2 2 1 -1 
3 4 0 0 3.14159 3.14159 0 0.785398 2 2 0 0 0 0 3 3 0 -1 
3 4 0 0 2.35619 2.35619 0 0.785398 1 1 -4.17936e-05 1.95156e-06 9.90878e-05 7.20299e-07 0 0 0 -1 
3 4 0 0 2.35619 2.35619 0 0.785398 2 2 0 0 0 0 1 1 1 -1 
3 4 0 0 2.35619 2.35619 0 0.785398 1 1 0.000206593 8.81153e-06 0.000623242 3.70158e-06 2 2 1 -1 
3 4 0 0 2.35619 2.35619 0 0.785398 2 2 0 0 0 0 3 3 0 -1 
3 4 0 0 1.5708 1.5708 0 0.785398 1 1 -2.27057e-06 2.76395e-06 0.000158747 1.38207e-06 0 0 0 -1 
3 4 0 0 1.5708 1.5708 0 0.785398 2 2 0 0 0 0 1 1 1 -1 
3 4 0 0 1.5708 1.5708 0 0.785398 1 1 2.33229e-06 1.06103e-05 0.00067422 5.14929e-06 2 2 1 -1 
3 4 0 0 1.5708 1.5708 0 0.785398 2 2 0 0 0 0 3 3 0 -1 
3 4 0 0 0.785398 0.785398 0 0.785398 1 1 4.08523e-05 1.95415e-06 0.000100312 7.21337e-07 0 0 0 -1 
3 4 0 0 0.785398 0.785398 0 0.785398 2 2 0 0 0 0 1 1 1 -1 
3 4 0 0 0.785398 0.785398 0 0.785398 1 1 -0.000218998 8.82374e-06 0.000628773 3.70765e-06 2 2 1 -1 
3 4 0 0 0.785398 0.785398 0 0.785398 2 2 0 0 0 0 3 3 0 -1 
3 4 0 0 0 0 0 0.785398 1 1 -5.1924e-05 2.28021e-07 -2.73858e-05 7.78545e-08 0 0 0 -1 
3 4 0 0 0 0 0 0.785398 2 2 0 0 0 0 1 1 1 -1 
3 4 0 0 0.785398 0 0 0.785398 1 1 -4.48053e-05 6.82951e-07 -1.92796e-05 2.91599e-07 0 0 0 -1 
3 4 0 0 0.785398 0 0 0.785398 2 2 0 0 0 0 1 1 1 -1 
3 4 0 0 1.5708 0 0 0.785398 1 1 -2.61094e-05 1.60832e-06 -4.01339e-06 8.52532e-07 0 0 0 -1 
3 4 0 0 1.5708 0 0 0.785398 2 2 0 0 0 0 1 1 1 -1 
3 4 0 0 2.35619 0 0 0.785398 1 1 -4.94166e-06 2.62846e-06 1.11612e-06 1.43697e-06 0 0 0 -1 
3 4 0 0 2.35619 0 0 0.785398 2 2 0 0 0 0 1 1 1 -1 
3 4 0 0 3.14159 0 0 0.785398 1 1 3.97745e-06 3.11741e-06 -3.16729e-07 1.60349e-06 0 0 0 -1 
3 4 0 0 3.14159 0 0 0.785398 2 2 0 0 0 0 1 1 1 -1 
3 4 0 0 3.14159 0.785398 0 0.785398 1 1 3.31513e-06 2.62228e-06 2.75725e-06 1.43498e-06 0 0 0 -1 
3 4 0 0 3.14159 0.785398 0 0.785398 2 2 0 0 0 0 1 1 1 -1 
3 4 0 0 3.14159 1.5708 0 0.785398 1 1 3.02401e-05 1.60904e-06 -6.38107e-06 8.49914e-07 0 0 0 -1 
3 4 0 0 3.14159 1.5708 0 0.785398 2 2 0 0 0 0 1 1 1 -1 
3 4 0 0 3.14159 2.35619 0 0.785398 1 1 4.44846e-05 6.81215e-07 -2.00394e-05 2.91589e-07 0 0 0 -1 
3 4 0 0 3.14159 2.35619 0 0.785398 2 2 0 0 0 0 1 1 1 -1 
3 4 0 0 3.14159 3.14159 0 0.785398 1 1 5.20006e-05 2.28028e-07 -2.741e-05 7.78219e-08 0 0 0 -1 
3 4 0 0 3.14159 3.14159 0 0.785398 2 2 0 0 0 0 1 1 1 -1 
3 4 0 0 2.35619 2.35619 0 0.785398 1 1 3.80827e-05 8.98864e-07 -1.11507e-05 3.89112e-07 0 0 0 -1 
3 4 0 0 2.35619 2.35619 0 0.785398 2 2 0 0 0 0 1 1 1 -1 
3 4 0 0 1.5708 1.5708 0 0.785398 1 1 -2.51471e-06 1.65024e-06 8.82328e-06 9.51752e-07 0 0 0 -1 
3 4 0 0 1.5708 1.5708 0 0.785398 2 2 0 0 0 0 1 1 1 -1 
3 4 0 0 0.785398 0.785398 0 0.785398 1 1 -3.65197e-05 8.98712e-07 -1.13039e-05 3.89574e-07 0 0 0 -1 
3 4 0 0 0.785398 0.785398 0 0.785398 2 2 0 0 0 0 1 1 1 -1 
3 4 0 0 0 0 0 0.785398 1 1 -1.55967e-05 7.67696e-06 0 0 0 0 0 -1 
3 4 0 0 0 0 0 0.785398 2 2 0 0 0 0 1 1 1 -1 
3 4 0 0 0 0 0 0.785398 1 1 5.78149e-07 1.53776e-05 0 0 2 1 1 -1 
3 4 0 0 0 0 0 0.785398 2 2 0 0 0 0 3 0 0 -1 
3 4 0 0 0.785398 0 0 0.785398 1 1 1.11563e-05 7.68637e-06 0 0 0 0 0 -1 
3 4 0 0 0.785398 0 0 0.785398 2 2 0 0 0 0 1 1 1 -1 
3 4 0 0 0.785398 0 0 0.785398 1 1 -2.58946e-05 1.53634e-05 0 0 2 1 1 -1 
3 4 0 0 0.785398 0 0 0.785398 2 2 0 0 0 0 3 0 0 -1 
3 4 0 0 1.5708 0 0 0.785398 1 1 3.20399e-06 7.67169e-06 0 0 0 0 0 -1 
3 4 0 0 1.5708 0 0 0.785398 2 2 0 0 0 0 1 1 1 -1 
3 4 0 0 1.5708 0 0 0.785398 1 1 1.95491e-07 1.53515e-05 0 0 2 1 1 -1 
3 4 0 0 1.5708 0 0 0.785398 2 2 0 0 0 0 3 0 0 -1 
3 4 0 0 2.35619 0 0 0.785398 1 1 -6.13792e-06 7.67548e-06 0 0 0 0 0 -1 
3 4 0 0 2.35619 0 0 0.785398 2 2 0 0 0 0 1 1 1 -1 
3 4 0 0 2.35619 0 0 0.785398 1 1 9.74375e-06 1.53679e-05 0 0 2 1 1 -1 
3 4 0 0 2.35619 0 0 0.785398 2 2 0 0 0 0 3 0 0 -1 
3 4 0 0 3.14159 0 0 0.785398 1 1 -7.83899e-06 7.68329e-06 0 0 0 0 0 -1 
3 4 0 0 3.14159 0 0 0.785398 2 2 0 0 0 0 1 1 1 -1 
3 4 0 0 3.14159 0 0 0.785398 1 1 1.27646e-05 1.53468e-05 0 0 2 1 1 -1 
3 4 0 0 3.14159 0 0 0.785398 2 2 0 0 0 0 3 0 0 -1 
3 4 0 0 3.14159 0.785398 0 0.785398 1 1 -4.86832e-07 7.66905e-06 0 0 0 0 0 -1 
3 4 0 0 3.14159 0.785398 0 0.785398 2 2 0 0 0 0 1 1 1 -1 
3 4 0 0 3.14159 0.785398 0 0.785398 1 1 3.08354e-05 1.53667e-05 0 0 2 1 1 -1 
3 4 0 0 3.14159 0.785398 0 0.785398 2 2 0 0 0 0 3 0 0 -1 
3 4 0 0 3.14159 1.5708 0 0.785398 1 1 -1.31e-05 7.66544e-06 0 0 0 0 0 -1 
3 4 0 0 3.14159 1.5708 0 0.785398 2 2 0 0 0 0 1 1 1 -1 
3 4 0 0 3.14159 1.5708 0 0.785398 1 1 -2.34781e-05 1.5329e-05 0 0 2 1 1 -1 
3 4 0 0 3.14159 1.5708 0 0.785398 2 2 0 0 0 0 3 0 0 -1 
3 4 0 0 3.14159 2.35619 0 0.785398 1 1 -1.08192e-06 7.67551e-06 0 0 0 0 0 -1 
3 4 0 0 3.14159 2.35619 0 0.785398 2 2 0 0 0 0 1 1 1 -1 
3 4 0 0 3.14159 2.35619 0 0.785398 1 1 4.51351e-06 1.53273e-05 0 0 2 1 1 -1 
3 4 0 0 3.14159 2.35619 0 0.785398 2 2 0 0 0 0 3 0 0 -1 
3 4 0 0 3.14159 3.14159 0 0.785398 1 1 2.38454e-06 7.68543e-06 0 0 0 0 0 -1 
3 4 0 0 3.14159 3.14159 0 0.785398 2 2 0 0 0 0 1 1 1 -1 
3 4 0 0 3.14159 3.14159 0 0.785398 1 1 -5.34401e-06 1.53851e-05 0 0 2 1 1 -1 
3 4 0 0 3.14159 3.14159 0 0.785398 2 2 0 0 0 0 3 0 0 -1 
3 4 0 0 2.35619 2.35619 0 0.785398 1 1 -1.18921e-06 7.68297e-06 0 0 0 0 0 -1 
3 4 0 0 2.35619 2.35619 0 0.785398 2 2 0 0 0 0 1 1 1 -1 
3 4 0 0 2.35619 2.35619 0 0.785398 1 1 2.09093e-05 1.53521e-05 0 0 2 1 1 -1 
3 4 0 0 2.35619 2.35619 0 0.785398 2 2 0 0 0 0 3 0 0 -1 
3 4 0 0 1.5708 1.5708 0 0.785398 1 1 5.41234e-06 7.67718e-06 0 0 0 0 0 -1 
3 4 0 0 1.5708 1.5708 0 0.785398 2 2 0 0 0 0 1 1 1 -1 
3 4 0 0 1.5708 1.5708 0 0.785398 1 1 -2.33607e-05 1.53584e-05 0 0 2 1 1 -1 
3 4 0 0 1.5708 1.5708 0 0.785398 2 2 0 0 0 0 3 0 0 -1 
3 4 0 0 0.785398 0.785398 0 0.785398 1 1 -1.5473e-08 7.68508e-06 0 0 0 0 0 -1 
3 4 0 0 0.785398 0.785398 0 0.785398 2 2 0 0 0 0 1 1 1 -1 
3 4 0 0 0.785398 0.785398 0 0.785398 1 1 -1.01032e-05 1.53384e-05 0 0 2 1 1 -1 
3 4 0 0 0.785398 0.785398 0 0.785398 2 2 0 0 0 0 3 0 0 -1 
3 4 0 0 0 0 0 0.785398 1 1 2.77669e-05 8.31364e-07 0 0 0 0 0 -1 
3 4 0 0 0 0 0 0.785398 2 2 0 0 0 0 1 1 1 -1 
3 4 0 0 0.785398 0 0 0.785398 1 1 2.68814e-05 2.24881e-06 0 0 0 0 0 -1 
3 4 0 0 0.785398 0 0 0.785398 2 2 0 0 0 0 1 1 1 -1 
3 4 0 0 1.5708 0 0 0.785398 1 1 1.74731e-05 3.82929e-06 0 0 0 0 0 -1 
3 4 0 0 1.5708 0 0 0.785398 2 2 0 0 0 0 1 1 1 -1 
3 4 0 0 2.35619 0 0 0.785398 1 1 1.02325e-05 4.80987e-06 0 0 0 0 0 -1 
3 4 0 0 2.35619 0 0 0.785398 2 2 0 0 0 0 1 1 1 -1 
3 4 0 0 3.14159 0 0 0.785398 1 1 -2.16533e-06 5.13941e-06 0 0 0 0 0 -1 
3 4 0 0 3.14159 0 0 0.785398 2 2 0 0 0 0 1 1 1 -1 
3 4 0 0 3.14159 0.785398 0 0.785398 1 1 3.01558e-06 4.81161e-06 0 0 0 0 0 -1 
3 4 0 0 3.14159 0.785398 0 0.785398 2 2 0 0 0 0 1 1 1 -1 
3 4 0 0 3.14159 1.5708 0 0.785398 1 1 -1.85739e-05 3.84392e-06 0 0 0 0 0 -1 
3 4 0 0 3.14159 1.5708 0 0.785398 2 2 0 0 0 0 1 1 1 -1 
3 4 0 0 3.14159 2.35619 0 0.785398 1 1 -2.41833e-05 2.24876e-06 0 0 0 0 0 -1 
3 4 0 0 3.14159 2.35619 0 0.785398 2 2 0 0 0 0 1 1 1 -1 
3 4 0 0 3.14159 3.14159 0 0.785398 1 1 -2.62565e-05 8.31738e-07 0 0 0 0 0 -1 
3 4 0 0 3.14159 3.14159 0 0.785398 2 2 0 0 0 0 1 1 1 -1 
3 4 0 0 2.35619 2.35619 0 0.785398 1 1 -1.83218e-05 2.88189e-06 0 0 0 0 0 -1 
3 4 0 0 2.35619 2.35619 0 0.785398 2 2 0 0 0 0 1 1 1 -1 
3 4 0 0 1.5708 1.5708 0 0.785398 1 1 -7.68547e-06 3.98462e-06 0 0 0 0 0 -1 
3 4 0 0 1.5708 1.5708 0 0.785398 2 2 0 0 0 0 1 1 1 -1 
3 4 0 0 0.785398 0.785398 0 0.785398 1 1 1.90317e-05 2.89213e-06 0 0 0 0 0 -1 
3 4 0 0 0.785398 0.785398 0 0.785398 2 2 0 0 0 0 1 1 1 -1 
