#Ord Beta Mu H Kx Ky Rfq Imfq in out Re Re_err Imag Imag_err U1 U2 U3 U4 
1 4 0 0 0 0 0 0.785398 1 1 -0.0989493 3.308e-05 0 0 0 -1 -1 -1 
1 4 0 0 0 0 0 0.785398 2 2 0 0 0 0 1 -1 -1 -1 
1 4 0 0 0.785398 0 0 0.785398 1 1 -0.0844444 3.44114e-05 0 0 0 -1 -1 -1 
1 4 0 0 0.785398 0 0 0.785398 2 2 0 0 0 0 1 -1 -1 -1 
1 4 0 0 1.5708 0 0 0.785398 1 1 -0.0495041 3.61028e-05 0 0 0 -1 -1 -1 
1 4 0 0 1.5708 0 0 0.785398 2 2 0 0 0 0 1 -1 -1 -1 
1 4 0 0 2.35619 0 0 0.785398 1 1 -0.0145349 3.579e-05 0 0 0 -1 -1 -1 
1 4 0 0 2.35619 0 0 0.785398 2 2 0 0 0 0 1 -1 -1 -1 
1 4 0 0 3.14159 0 0 0.785398 1 1 -3.17784e-05 3.50681e-05 0 0 0 -1 -1 -1 
1 4 0 0 3.14159 0 0 0.785398 2 2 0 0 0 0 1 -1 -1 -1 
1 4 0 0 3.14159 0.785398 0 0.785398 1 1 0.0145072 3.57899e-05 0 0 0 -1 -1 -1 
1 4 0 0 3.14159 0.785398 0 0.785398 2 2 0 0 0 0 1 -1 -1 -1 
1 4 0 0 3.14159 1.5708 0 0.785398 1 1 0.0494898 3.61116e-05 0 0 0 -1 -1 -1 
1 4 0 0 3.14159 1.5708 0 0.785398 2 2 0 0 0 0 1 -1 -1 -1 
1 4 0 0 3.14159 2.35619 0 0.785398 1 1 0.0844172 3.44148e-05 0 0 0 -1 -1 -1 
1 4 0 0 3.14159 2.35619 0 0.785398 2 2 0 0 0 0 1 -1 -1 -1 
1 4 0 0 3.14159 3.14159 0 0.785398 1 1 0.0989244 3.30753e-05 0 0 0 -1 -1 -1 
1 4 0 0 3.14159 3.14159 0 0.785398 2 2 0 0 0 0 1 -1 -1 -1 
1 4 0 0 2.35619 2.35619 0 0.785398 1 1 0.0699506 3.56317e-05 0 0 0 -1 -1 -1 
1 4 0 0 2.35619 2.35619 0 0.785398 2 2 0 0 0 0 1 -1 -1 -1 
1 4 0 0 1.5708 1.5708 0 0.785398 1 1 -1.46056e-05 3.80117e-05 0 0 0 -1 -1 -1 
1 4 0 0 1.5708 1.5708 0 0.785398 2 2 0 0 0 0 1 -1 -1 -1 
1 4 0 0 0.785398 0.785398 0 0.785398 1 1 -0.0699864 3.56347e-05 0 0 0 -1 -1 -1 
1 4 0 0 0.785398 0.785398 0 0.785398 2 2 0 0 0 0 1 -1 -1 -1 
2 4 0 0 0 0 0 0.785398 1 1 -0.000911089 1.53822e-06 -0.000528955 2.25699e-07 0 0 -1 -1 
2 4 0 0 0 0 0 0.785398 2 2 0 0 0 0 1 1 -1 -1 
2 4 0 0 0 0 0 0.785398 1 1 0.0114065 2.28791e-05 -0.0181452 7.48984e-06 2 2 -1 -1 
2 4 0 0 0 0 0 0.785398 2 2 0 0 0 0 3 3 -1 -1 
2 4 0 0 0.785398 0 0 0.785398 1 1 -0.000952757 1.7289e-06 -0.000789159 3.89954e-07 0 0 -1 -1 
2 4 0 0 0.785398 0 0 0.785398 2 2 0 0 0 0 1 1 -1 -1 
2 4 0 0 0.785398 0 0 0.785398 1 1 0.00934898 2.33836e-05 -0.0189144 8.31586e-06 2 2 -1 -1 
2 4 0 0 0.785398 0 0 0.785398 2 2 0 0 0 0 3 3 -1 -1 
2 4 0 0 1.5708 0 0 0.785398 1 1 -0.00089215 2.16021e-06 -0.00149314 9.14313e-07 0 0 -1 -1 
2 4 0 0 1.5708 0 0 0.785398 2 2 0 0 0 0 1 1 -1 -1 
2 4 0 0 1.5708 0 0 0.785398 1 1 0.00467616 2.43456e-05 -0.0211708 1.05744e-05 2 2 -1 -1 
2 4 0 0 1.5708 0 0 0.785398 2 2 0 0 0 0 3 3 -1 -1 
2 4 0 0 2.35619 0 0 0.785398 1 1 -0.000417417 2.44554e-06 -0.0023383 1.56649e-06 0 0 -1 -1 
2 4 0 0 2.35619 0 0 0.785398 2 2 0 0 0 0 1 1 -1 -1 
2 4 0 0 2.35619 0 0 0.785398 1 1 0.000960405 2.48967e-05 -0.024373 1.35923e-05 2 2 -1 -1 
2 4 0 0 2.35619 0 0 0.785398 2 2 0 0 0 0 3 3 -1 -1 
2 4 0 0 3.14159 0 0 0.785398 1 1 -1.89689e-07 2.47134e-06 -0.00274028 1.877e-06 0 0 -1 -1 
2 4 0 0 3.14159 0 0 0.785398 2 2 0 0 0 0 1 1 -1 -1 
2 4 0 0 3.14159 0 0 0.785398 1 1 1.61928e-05 2.49265e-05 -0.0262038 1.54499e-05 2 2 -1 -1 
2 4 0 0 3.14159 0 0 0.785398 2 2 0 0 0 0 3 3 -1 -1 
2 4 0 0 3.14159 0.785398 0 0.785398 1 1 0.000421372 2.44543e-06 -0.00233754 1.56558e-06 0 0 -1 -1 
2 4 0 0 3.14159 0.785398 0 0.785398 2 2 0 0 0 0 1 1 -1 -1 
2 4 0 0 3.14159 0.785398 0 0.785398 1 1 -0.000991158 2.49013e-05 -0.0243665 1.35877e-05 2 2 -1 -1 
2 4 0 0 3.14159 0.785398 0 0.785398 2 2 0 0 0 0 3 3 -1 -1 
2 4 0 0 3.14159 1.5708 0 0.785398 1 1 0.00089057 2.15892e-06 -0.00149123 9.13434e-07 0 0 -1 -1 
2 4 0 0 3.14159 1.5708 0 0.785398 2 2 0 0 0 0 1 1 -1 -1 
2 4 0 0 3.14159 1.5708 0 0.785398 1 1 -0.0046632 2.43398e-05 -0.0211838 1.0591e-05 2 2 -1 -1 
2 4 0 0 3.14159 1.5708 0 0.785398 2 2 0 0 0 0 3 3 -1 -1 
2 4 0 0 3.14159 2.35619 0 0.785398 1 1 0.000952962 1.72824e-06 -0.000789052 3.89896e-07 0 0 -1 -1 
2 4 0 0 3.14159 2.35619 0 0.785398 2 2 0 0 0 0 1 1 -1 -1 
2 4 0 0 3.14159 2.35619 0 0.785398 1 1 -0.0093558 2.3395e-05 -0.0189363 8.32858e-06 2 2 -1 -1 
2 4 0 0 3.14159 2.35619 0 0.785398 2 2 0 0 0 0 3 3 -1 -1 
2 4 0 0 3.14159 3.14159 0 0.785398 1 1 0.000909654 1.53681e-06 -0.000528699 2.25584e-07 0 0 -1 -1 
2 4 0 0 3.14159 3.14159 0 0.785398 2 2 0 0 0 0 1 1 -1 -1 
2 4 0 0 3.14159 3.14159 0 0.785398 1 1 -0.0114628 2.28852e-05 -0.0181468 7.48873e-06 2 2 -1 -1 
2 4 0 0 3.14159 3.14159 0 0.785398 2 2 0 0 0 0 3 3 -1 -1 
2 4 0 0 2.35619 2.35619 0 0.785398 1 1 0.000920985 1.90867e-06 -0.00101226 6.11792e-07 0 0 -1 -1 
2 4 0 0 2.35619 2.35619 0 0.785398 2 2 0 0 0 0 1 1 -1 -1 
2 4 0 0 2.35619 2.35619 0 0.785398 1 1 -0.00739156 2.37441e-05 -0.019659 9.072e-06 2 2 -1 -1 
2 4 0 0 2.35619 2.35619 0 0.785398 2 2 0 0 0 0 3 3 -1 -1 
2 4 0 0 1.5708 1.5708 0 0.785398 1 1 4.1745e-06 2.34243e-06 -0.00172136 1.30711e-06 0 0 -1 -1 
2 4 0 0 1.5708 1.5708 0 0.785398 2 2 0 0 0 0 1 1 -1 -1 
2 4 0 0 1.5708 1.5708 0 0.785398 1 1 2.65098e-05 2.40844e-05 -0.0221777 1.19651e-05 2 2 -1 -1 
2 4 0 0 1.5708 1.5708 0 0.785398 2 2 0 0 0 0 3 3 -1 -1 
2 4 0 0 0.785398 0.785398 0 0.785398 1 1 -0.000923416 1.90712e-06 -0.00101071 6.11198e-07 0 0 -1 -1 
2 4 0 0 0.785398 0.785398 0 0.785398 2 2 0 0 0 0 1 1 -1 -1 
2 4 0 0 0.785398 0.785398 0 0.785398 1 1 0.00740021 2.37425e-05 -0.0196537 9.07537e-06 2 2 -1 -1 
2 4 0 0 0.785398 0.785398 0 0.785398 2 2 0 0 0 0 3 3 -1 -1 
2 4 0 0 0 0 0 0.785398 1 1 0.000754329 9.11818e-07 0.00021763 1.14683e-07 0 0 -1 -1 
2 4 0 0 0 0 0 0.785398 2 2 0 0 0 0 1 1 -1 -1 
2 4 0 0 0.785398 0 0 0.785398 1 1 0.000608045 1.08154e-06 0.000163517 2.70706e-07 0 0 -1 -1 
2 4 0 0 0.785398 0 0 0.785398 2 2 0 0 0 0 1 1 -1 -1 
2 4 0 0 1.5708 0 0 0.785398 1 1 0.000286652 1.48248e-06 5.52334e-05 7.66522e-07 0 0 -1 -1 
2 4 0 0 1.5708 0 0 0.785398 2 2 0 0 0 0 1 1 -1 -1 
2 4 0 0 2.35619 0 0 0.785398 1 1 5.8361e-05 1.80194e-06 -1.09908e-05 1.41427e-06 0 0 -1 -1 
2 4 0 0 2.35619 0 0 0.785398 2 2 0 0 0 0 1 1 -1 -1 
2 4 0 0 3.14159 0 0 0.785398 1 1 9.00181e-07 1.88232e-06 -1.77796e-05 1.74042e-06 0 0 -1 -1 
2 4 0 0 3.14159 0 0 0.785398 2 2 0 0 0 0 1 1 -1 -1 
2 4 0 0 3.14159 0.785398 0 0.785398 1 1 -5.3726e-05 1.80041e-06 -1.11761e-05 1.41316e-06 0 0 -1 -1 
2 4 0 0 3.14159 0.785398 0 0.785398 2 2 0 0 0 0 1 1 -1 -1 
2 4 0 0 3.14159 1.5708 0 0.785398 1 1 -0.000286937 1.48146e-06 5.25278e-05 7.65903e-07 0 0 -1 -1 
2 4 0 0 3.14159 1.5708 0 0.785398 2 2 0 0 0 0 1 1 -1 -1 
2 4 0 0 3.14159 2.35619 0 0.785398 1 1 -0.000605537 1.08123e-06 0.000163494 2.70775e-07 0 0 -1 -1 
2 4 0 0 3.14159 2.35619 0 0.785398 2 2 0 0 0 0 1 1 -1 -1 
2 4 0 0 3.14159 3.14159 0 0.785398 1 1 -0.000754467 9.11837e-07 0.00021779 1.14718e-07 0 0 -1 -1 
2 4 0 0 3.14159 3.14159 0 0.785398 2 2 0 0 0 0 1 1 -1 -1 
2 4 0 0 2.35619 2.35619 0 0.785398 1 1 -0.000468864 1.2202e-06 0.000106695 3.46296e-07 0 0 -1 -1 
2 4 0 0 2.35619 2.35619 0 0.785398 2 2 0 0 0 0 1 1 -1 -1 
2 4 0 0 1.5708 1.5708 0 0.785398 1 1 -1.63872e-07 1.5633e-06 -7.25107e-05 8.71596e-07 0 0 -1 -1 
2 4 0 0 1.5708 1.5708 0 0.785398 2 2 0 0 0 0 1 1 -1 -1 
2 4 0 0 0.785398 0.785398 0 0.785398 1 1 0.000469213 1.2204e-06 0.00010653 3.46495e-07 0 0 -1 -1 
2 4 0 0 0.785398 0.785398 0 0.785398 2 2 0 0 0 0 1 1 -1 -1 
2 4 0 0 0 0 0 0.785398 1 1 1.51405e-05 7.25133e-06 0 0 0 0 -1 -1 
2 4 0 0 0 0 0 0.785398 2 2 0 0 0 0 1 1 -1 -1 
2 4 0 0 0 0 0 0.785398 1 1 -1.3346e-05 2.17662e-05 0 0 2 1 -1 -1 
2 4 0 0 0 0 0 0.785398 2 2 0 0 0 0 3 0 -1 -1 
2 4 0 0 0.785398 0 0 0.785398 1 1 -4.89285e-06 7.25058e-06 0 0 0 0 -1 -1 
2 4 0 0 0.785398 0 0 0.785398 2 2 0 0 0 0 1 1 -1 -1 
2 4 0 0 0.785398 0 0 0.785398 1 1 -5.2231e-06 2.17606e-05 0 0 2 1 -1 -1 
2 4 0 0 0.785398 0 0 0.785398 2 2 0 0 0 0 3 0 -1 -1 
2 4 0 0 1.5708 0 0 0.785398 1 1 -5.62764e-06 7.25124e-06 0 0 0 0 -1 -1 
2 4 0 0 1.5708 0 0 0.785398 2 2 0 0 0 0 1 1 -1 -1 
2 4 0 0 1.5708 0 0 0.785398 1 1 2.13901e-05 2.17707e-05 0 0 2 1 -1 -1 
2 4 0 0 1.5708 0 0 0.785398 2 2 0 0 0 0 3 0 -1 -1 
2 4 0 0 2.35619 0 0 0.785398 1 1 6.25834e-06 7.25307e-06 0 0 0 0 -1 -1 
2 4 0 0 2.35619 0 0 0.785398 2 2 0 0 0 0 1 1 -1 -1 
2 4 0 0 2.35619 0 0 0.785398 1 1 1.65869e-05 2.17668e-05 0 0 2 1 -1 -1 
2 4 0 0 2.35619 0 0 0.785398 2 2 0 0 0 0 3 0 -1 -1 
2 4 0 0 3.14159 0 0 0.785398 1 1 7.32642e-07 7.24949e-06 0 0 0 0 -1 -1 
2 4 0 0 3.14159 0 0 0.785398 2 2 0 0 0 0 1 1 -1 -1 
2 4 0 0 3.14159 0 0 0.785398 1 1 3.49058e-06 2.17553e-05 0 0 2 1 -1 -1 
2 4 0 0 3.14159 0 0 0.785398 2 2 0 0 0 0 3 0 -1 -1 
2 4 0 0 3.14159 0.785398 0 0.785398 1 1 -5.14545e-07 7.24842e-06 0 0 0 0 -1 -1 
2 4 0 0 3.14159 0.785398 0 0.785398 2 2 0 0 0 0 1 1 -1 -1 
2 4 0 0 3.14159 0.785398 0 0.785398 1 1 -3.38678e-06 2.17464e-05 0 0 2 1 -1 -1 
2 4 0 0 3.14159 0.785398 0 0.785398 2 2 0 0 0 0 3 0 -1 -1 
2 4 0 0 3.14159 1.5708 0 0.785398 1 1 9.62125e-06 7.25778e-06 0 0 0 0 -1 -1 
2 4 0 0 3.14159 1.5708 0 0.785398 2 2 0 0 0 0 1 1 -1 -1 
2 4 0 0 3.14159 1.5708 0 0.785398 1 1 -9.22227e-06 2.17422e-05 0 0 2 1 -1 -1 
2 4 0 0 3.14159 1.5708 0 0.785398 2 2 0 0 0 0 3 0 -1 -1 
2 4 0 0 3.14159 2.35619 0 0.785398 1 1 7.69066e-07 7.25967e-06 0 0 0 0 -1 -1 
2 4 0 0 3.14159 2.35619 0 0.785398 2 2 0 0 0 0 1 1 -1 -1 
2 4 0 0 3.14159 2.35619 0 0.785398 1 1 2.94864e-06 2.17712e-05 0 0 2 1 -1 -1 
2 4 0 0 3.14159 2.35619 0 0.785398 2 2 0 0 0 0 3 0 -1 -1 
2 4 0 0 3.14159 3.14159 0 0.785398 1 1 3.0466e-06 7.254e-06 0 0 0 0 -1 -1 
2 4 0 0 3.14159 3.14159 0 0.785398 2 2 0 0 0 0 1 1 -1 -1 
2 4 0 0 3.14159 3.14159 0 0.785398 1 1 2.28163e-05 2.17607e-05 0 0 2 1 -1 -1 
2 4 0 0 3.14159 3.14159 0 0.785398 2 2 0 0 0 0 3 0 -1 -1 
2 4 0 0 2.35619 2.35619 0 0.785398 1 1 -7.49255e-06 7.25448e-06 0 0 0 0 -1 -1 
2 4 0 0 2.35619 2.35619 0 0.785398 2 2 0 0 0 0 1 1 -1 -1 
2 4 0 0 2.35619 2.35619 0 0.785398 1 1 -2.07111e-05 2.17526e-05 0 0 2 1 -1 -1 
2 4 0 0 2.35619 2.35619 0 0.785398 2 2 0 0 0 0 3 0 -1 -1 
2 4 0 0 1.5708 1.5708 0 0.785398 1 1 -2.11797e-06 7.25135e-06 0 0 0 0 -1 -1 
2 4 0 0 1.5708 1.5708 0 0.785398 2 2 0 0 0 0 1 1 -1 -1 
2 4 0 0 1.5708 1.5708 0 0.785398 1 1 1.11101e-05 2.17616e-05 0 0 2 1 -1 -1 
2 4 0 0 1.5708 1.5708 0 0.785398 2 2 0 0 0 0 3 0 -1 -1 
2 4 0 0 0.785398 0.785398 0 0.785398 1 1 1.6645e-06 7.25066e-06 0 0 0 0 -1 -1 
2 4 0 0 0.785398 0.785398 0 0.785398 2 2 0 0 0 0 1 1 -1 -1 
2 4 0 0 0.785398 0.785398 0 0.785398 1 1 2.14543e-05 2.1774e-05 0 0 2 1 -1 -1 
2 4 0 0 0.785398 0.785398 0 0.785398 2 2 0 0 0 0 3 0 -1 -1 
2 4 0 0 0 0 0 0.785398 1 1 -0.00010048 4.56242e-07 0 0 0 0 -1 -1 
2 4 0 0 0 0 0 0.785398 2 2 0 0 0 0 1 1 -1 -1 
2 4 0 0 0.785398 0 0 0.785398 1 1 -8.41214e-05 1.914e-06 0 0 0 0 -1 -1 
2 4 0 0 0.785398 0 0 0.785398 2 2 0 0 0 0 1 1 -1 -1 
2 4 0 0 1.5708 0 0 0.785398 1 1 -5.16e-05 3.62701e-06 0 0 0 0 -1 -1 
2 4 0 0 1.5708 0 0 0.785398 2 2 0 0 0 0 1 1 -1 -1 
2 4 0 0 2.35619 0 0 0.785398 1 1 -2.20592e-05 4.92842e-06 0 0 0 0 -1 -1 
2 4 0 0 2.35619 0 0 0.785398 2 2 0 0 0 0 1 1 -1 -1 
2 4 0 0 3.14159 0 0 0.785398 1 1 -2.7009e-06 5.4218e-06 0 0 0 0 -1 -1 
2 4 0 0 3.14159 0 0 0.785398 2 2 0 0 0 0 1 1 -1 -1 
2 4 0 0 3.14159 0.785398 0 0.785398 1 1 1.22766e-05 4.9242e-06 0 0 0 0 -1 -1 
2 4 0 0 3.14159 0.785398 0 0.785398 2 2 0 0 0 0 1 1 -1 -1 
2 4 0 0 3.14159 1.5708 0 0.785398 1 1 4.76759e-05 3.62633e-06 0 0 0 0 -1 -1 
2 4 0 0 3.14159 1.5708 0 0.785398 2 2 0 0 0 0 1 1 -1 -1 
2 4 0 0 3.14159 2.35619 0 0.785398 1 1 8.58911e-05 1.91416e-06 0 0 0 0 -1 -1 
2 4 0 0 3.14159 2.35619 0 0.785398 2 2 0 0 0 0 1 1 -1 -1 
2 4 0 0 3.14159 3.14159 0 0.785398 1 1 0.000100833 4.56197e-07 0 0 0 0 -1 -1 
2 4 0 0 3.14159 3.14159 0 0.785398 2 2 0 0 0 0 1 1 -1 -1 
2 4 0 0 2.35619 2.35619 0 0.785398 1 1 6.85446e-05 2.42162e-06 0 0 0 0 -1 -1 
2 4 0 0 2.35619 2.35619 0 0.785398 2 2 0 0 0 0 1 1 -1 -1 
2 4 0 0 1.5708 1.5708 0 0.785398 1 1 -1.74488e-06 3.39003e-06 0 0 0 0 -1 -1 
2 4 0 0 1.5708 1.5708 0 0.785398 2 2 0 0 0 0 1 1 -1 -1 
2 4 0 0 0.785398 0.785398 0 0.785398 1 1 -6.96414e-05 2.42272e-06 0 0 0 0 -1 -1 
2 4 0 0 0.785398 0.785398 0 0.785398 2 2 0 0 0 0 1 1 -1 -1 
3 4 0 0 0 0 0 0.785398 1 1 -0.000198152 1.24939e-07 -1.76553e-05 2.75435e-08 0 0 0 -1 
3 4 0 0 0 0 0 0.785398 1 1 -0.00153887 8.97495e-07 0.00013452 3.04924e-07 0 2 2 -1 
3 4 0 0 0 0 0 0.785398 2 2 0 0 0 0 1 1 1 -1 
3 4 0 0 0 0 0 0.785398 2 2 0 0 0 0 1 3 3 -1 
3 4 0 0 0 0 0 0.785398 1 1 -0.0015377 8.95946e-07 0.000134387 3.04754e-07 2 0 3 -1 
3 4 0 0 0 0 0 0.785398 1 1 -0.00153816 8.96778e-07 0.000134233 3.04439e-07 2 2 1 -1 
3 4 0 0 0 0 0 0.785398 2 2 0 0 0 0 3 1 2 -1 
3 4 0 0 0 0 0 0.785398 2 2 0 0 0 0 3 3 0 -1 
3 4 0 0 0.785398 0 0 0.785398 1 1 -0.000220983 1.48487e-07 -2.53961e-05 4.98406e-08 0 0 0 -1 
3 4 0 0 0.785398 0 0 0.785398 1 1 -0.00134182 1.07166e-06 0.00024707 6.45797e-07 0 2 2 -1 
3 4 0 0 0.785398 0 0 0.785398 2 2 0 0 0 0 1 1 1 -1 
3 4 0 0 0.785398 0 0 0.785398 2 2 0 0 0 0 1 3 3 -1 
3 4 0 0 0.785398 0 0 0.785398 1 1 -0.00133973 1.06893e-06 0.000245235 6.43119e-07 2 0 3 -1 
3 4 0 0 0.785398 0 0 0.785398 1 1 -0.00133979 1.06934e-06 0.00024497 6.43174e-07 2 2 1 -1 
3 4 0 0 0.785398 0 0 0.785398 2 2 0 0 0 0 3 1 2 -1 
3 4 0 0 0.785398 0 0 0.785398 2 2 0 0 0 0 3 3 0 -1 
3 4 0 0 1.5708 0 0 0.785398 1 1 -0.00022644 2.13029e-07 -6.24516e-05 1.57508e-07 0 0 0 -1 
3 4 0 0 1.5708 0 0 0.785398 1 1 -0.000822987 1.3587e-06 0.000521176 1.3921e-06 0 2 2 -1 
3 4 0 0 1.5708 0 0 0.785398 2 2 0 0 0 0 1 1 1 -1 
3 4 0 0 1.5708 0 0 0.785398 2 2 0 0 0 0 1 3 3 -1 
3 4 0 0 1.5708 0 0 0.785398 1 1 -0.000825304 1.35842e-06 0.000521279 1.39121e-06 2 0 3 -1 
3 4 0 0 1.5708 0 0 0.785398 1 1 -0.000824175 1.35623e-06 0.00052185 1.39326e-06 2 2 1 -1 
3 4 0 0 1.5708 0 0 0.785398 2 2 0 0 0 0 3 1 2 -1 
3 4 0 0 1.5708 0 0 0.785398 2 2 0 0 0 0 3 3 0 -1 
3 4 0 0 2.35619 0 0 0.785398 1 1 -0.000112093 2.37836e-07 -0.00013553 3.41047e-07 0 0 0 -1 
3 4 0 0 2.35619 0 0 0.785398 1 1 -0.000257171 1.41554e-06 0.000787636 2.24416e-06 0 2 2 -1 
3 4 0 0 2.35619 0 0 0.785398 2 2 0 0 0 0 1 1 1 -1 
3 4 0 0 2.35619 0 0 0.785398 2 2 0 0 0 0 1 3 3 -1 
3 4 0 0 2.35619 0 0 0.785398 1 1 -0.000256057 1.41844e-06 0.00079243 2.25096e-06 2 0 3 -1 
3 4 0 0 2.35619 0 0 0.785398 1 1 -0.000256913 1.4201e-06 0.000792431 2.2518e-06 2 2 1 -1 
3 4 0 0 2.35619 0 0 0.785398 2 2 0 0 0 0 3 1 2 -1 
3 4 0 0 2.35619 0 0 0.785398 2 2 0 0 0 0 3 3 0 -1 
3 4 0 0 3.14159 0 0 0.785398 1 1 -1.27908e-07 2.0014e-07 -0.000174817 4.29656e-07 0 0 0 -1 
3 4 0 0 3.14159 0 0 0.785398 1 1 3.51497e-08 1.32589e-06 0.000896638 2.64784e-06 0 2 2 -1 
3 4 0 0 3.14159 0 0 0.785398 2 2 0 0 0 0 1 1 1 -1 
3 4 0 0 3.14159 0 0 0.785398 2 2 0 0 0 0 1 3 3 -1 
3 4 0 0 3.14159 0 0 0.785398 1 1 -9.93365e-07 1.3276e-06 0.000903958 2.65875e-06 2 0 3 -1 
3 4 0 0 3.14159 0 0 0.785398 1 1 -6.56551e-07 1.32715e-06 0.000899615 2.64849e-06 2 2 1 -1 
3 4 0 0 3.14159 0 0 0.785398 2 2 0 0 0 0 3 1 2 -1 
3 4 0 0 3.14159 0 0 0.785398 2 2 0 0 0 0 3 3 0 -1 
3 4 0 0 3.14159 0.785398 0 0.785398 1 1 0.00011227 2.38103e-07 -0.000135836 3.4194e-07 0 0 0 -1 
3 4 0 0 3.14159 0.785398 0 0.785398 1 1 0.000254645 1.41578e-06 0.000785794 2.24419e-06 0 2 2 -1 
3 4 0 0 3.14159 0.785398 0 0.785398 2 2 0 0 0 0 1 1 1 -1 
3 4 0 0 3.14159 0.785398 0 0.785398 2 2 0 0 0 0 1 3 3 -1 
3 4 0 0 3.14159 0.785398 0 0.785398 1 1 0.00025533 1.41629e-06 0.000791445 2.24901e-06 2 0 3 -1 
3 4 0 0 3.14159 0.785398 0 0.785398 1 1 0.0002568 1.41812e-06 0.000791428 2.25326e-06 2 2 1 -1 
3 4 0 0 3.14159 0.785398 0 0.785398 2 2 0 0 0 0 3 1 2 -1 
3 4 0 0 3.14159 0.785398 0 0.785398 2 2 0 0 0 0 3 3 0 -1 
3 4 0 0 3.14159 1.5708 0 0.785398 1 1 0.000226531 2.1315e-07 -6.23272e-05 1.57486e-07 0 0 0 -1 
3 4 0 0 3.14159 1.5708 0 0.785398 1 1 0.000823165 1.35948e-06 0.000520979 1.39075e-06 0 2 2 -1 
3 4 0 0 3.14159 1.5708 0 0.785398 2 2 0 0 0 0 1 1 1 -1 
3 4 0 0 3.14159 1.5708 0 0.785398 2 2 0 0 0 0 1 3 3 -1 
3 4 0 0 3.14159 1.5708 0 0.785398 1 1 0.000822949 1.3567e-06 0.000518994 1.39039e-06 2 0 3 -1 
3 4 0 0 3.14159 1.5708 0 0.785398 1 1 0.000825177 1.35687e-06 0.000520249 1.38893e-06 2 2 1 -1 
3 4 0 0 3.14159 1.5708 0 0.785398 2 2 0 0 0 0 3 1 2 -1 
3 4 0 0 3.14159 1.5708 0 0.785398 2 2 0 0 0 0 3 3 0 -1 
3 4 0 0 3.14159 2.35619 0 0.785398 1 1 0.000220676 1.48093e-07 -2.53997e-05 4.9776e-08 0 0 0 -1 
3 4 0 0 3.14159 2.35619 0 0.785398 1 1 0.00134216 1.07175e-06 0.000245614 6.4345e-07 0 2 2 -1 
3 4 0 0 3.14159 2.35619 0 0.785398 2 2 0 0 0 0 1 1 1 -1 
3 4 0 0 3.14159 2.35619 0 0.785398 2 2 0 0 0 0 1 3 3 -1 
3 4 0 0 3.14159 2.35619 0 0.785398 1 1 0.00133946 1.06947e-06 0.000246079 6.44999e-07 2 0 3 -1 
3 4 0 0 3.14159 2.35619 0 0.785398 1 1 0.00133856 1.06765e-06 0.000244878 6.43276e-07 2 2 1 -1 
3 4 0 0 3.14159 2.35619 0 0.785398 2 2 0 0 0 0 3 1 2 -1 
3 4 0 0 3.14159 2.35619 0 0.785398 2 2 0 0 0 0 3 3 0 -1 
3 4 0 0 3.14159 3.14159 0 0.785398 1 1 0.000198211 1.24964e-07 -1.7719e-05 2.75429e-08 0 0 0 -1 
3 4 0 0 3.14159 3.14159 0 0.785398 1 1 0.00154026 8.9777e-07 0.000134696 3.04998e-07 0 2 2 -1 
3 4 0 0 3.14159 3.14159 0 0.785398 2 2 0 0 0 0 1 1 1 -1 
3 4 0 0 3.14159 3.14159 0 0.785398 2 2 0 0 0 0 1 3 3 -1 
3 4 0 0 3.14159 3.14159 0 0.785398 1 1 0.00153984 8.97836e-07 0.000134346 3.05045e-07 2 0 3 -1 
3 4 0 0 3.14159 3.14159 0 0.785398 1 1 0.0015387 8.97151e-07 0.000134195 3.04647e-07 2 2 1 -1 
3 4 0 0 3.14159 3.14159 0 0.785398 2 2 0 0 0 0 3 1 2 -1 
3 4 0 0 3.14159 3.14159 0 0.785398 2 2 0 0 0 0 3 3 0 -1 
3 4 0 0 2.35619 2.35619 0 0.785398 1 1 0.000219741 1.75196e-07 -3.74863e-05 9.48942e-08 0 0 0 -1 
3 4 0 0 2.35619 2.35619 0 0.785398 1 1 0.0011352 1.20283e-06 0.000330342 9.2378e-07 0 2 2 -1 
3 4 0 0 2.35619 2.35619 0 0.785398 2 2 0 0 0 0 1 1 1 -1 
3 4 0 0 2.35619 2.35619 0 0.785398 2 2 0 0 0 0 1 3 3 -1 
3 4 0 0 2.35619 2.35619 0 0.785398 1 1 0.00113449 1.20249e-06 0.000329755 9.26123e-07 2 0 3 -1 
3 4 0 0 2.35619 2.35619 0 0.785398 1 1 0.00113268 1.20133e-06 0.000330482 9.26892e-07 2 2 1 -1 
3 4 0 0 2.35619 2.35619 0 0.785398 2 2 0 0 0 0 3 1 2 -1 
3 4 0 0 2.35619 2.35619 0 0.785398 2 2 0 0 0 0 3 3 0 -1 
3 4 0 0 1.5708 1.5708 0 0.785398 1 1 5.84059e-09 2.4207e-07 -0.000108622 2.96041e-07 0 0 0 -1 
3 4 0 0 1.5708 1.5708 0 0.785398 1 1 9.69732e-08 1.43474e-06 0.000524326 1.77618e-06 0 2 2 -1 
3 4 0 0 1.5708 1.5708 0 0.785398 2 2 0 0 0 0 1 1 1 -1 
3 4 0 0 1.5708 1.5708 0 0.785398 2 2 0 0 0 0 1 3 3 -1 
3 4 0 0 1.5708 1.5708 0 0.785398 1 1 5.36515e-07 1.43681e-06 0.000524955 1.78067e-06 2 0 3 -1 
3 4 0 0 1.5708 1.5708 0 0.785398 1 1 -3.50288e-06 1.43789e-06 0.000525107 1.78097e-06 2 2 1 -1 
3 4 0 0 1.5708 1.5708 0 0.785398 2 2 0 0 0 0 3 1 2 -1 
3 4 0 0 1.5708 1.5708 0 0.785398 2 2 0 0 0 0 3 3 0 -1 
3 4 0 0 0.785398 0.785398 0 0.785398 1 1 -0.000219323 1.75011e-07 -3.77582e-05 9.46703e-08 0 0 0 -1 
3 4 0 0 0.785398 0.785398 0 0.785398 1 1 -0.00113541 1.20252e-06 0.000329821 9.25009e-07 0 2 2 -1 
3 4 0 0 0.785398 0.785398 0 0.785398 2 2 0 0 0 0 1 1 1 -1 
3 4 0 0 0.785398 0.785398 0 0.785398 2 2 0 0 0 0 1 3 3 -1 
3 4 0 0 0.785398 0.785398 0 0.785398 1 1 -0.00113602 1.20195e-06 0.000330716 9.26444e-07 2 0 3 -1 
3 4 0 0 0.785398 0.785398 0 0.785398 1 1 -0.00113507 1.20291e-06 0.000329814 9.24959e-07 2 2 1 -1 
3 4 0 0 0.785398 0.785398 0 0.785398 2 2 0 0 0 0 3 1 2 -1 
3 4 0 0 0.785398 0.785398 0 0.785398 2 2 0 0 0 0 3 3 0 -1 
3 4 0 0 0 0 0 0.785398 1 1 1.93987e-05 5.02476e-08 3.07648e-06 1.03994e-08 0 0 0 -1 
3 4 0 0 0 0 0 0.785398 2 2 0 0 0 0 1 1 1 -1 
3 4 0 0 0 0 0 0.785398 1 1 0.000449629 6.44699e-07 -4.78821e-06 4.0234e-07 2 0 3 -1 
3 4 0 0 0 0 0 0.785398 2 2 0 0 0 0 3 1 2 -1 
3 4 0 0 0.785398 0 0 0.785398 1 1 2.02564e-05 7.143e-08 2.81374e-06 2.76282e-08 0 0 0 -1 
3 4 0 0 0.785398 0 0 0.785398 2 2 0 0 0 0 1 1 1 -1 
3 4 0 0 0.785398 0 0 0.785398 1 1 0.000396001 8.26615e-07 6.7801e-06 6.44646e-07 2 0 3 -1 
3 4 0 0 0.785398 0 0 0.785398 2 2 0 0 0 0 3 1 2 -1 
3 4 0 0 1.5708 0 0 0.785398 1 1 1.74918e-05 1.28215e-07 2.47357e-06 1.11544e-07 0 0 0 -1 
3 4 0 0 1.5708 0 0 0.785398 2 2 0 0 0 0 1 1 1 -1 
3 4 0 0 1.5708 0 0 0.785398 1 1 0.000253422 1.16672e-06 2.9646e-05 1.25912e-06 2 0 3 -1 
3 4 0 0 1.5708 0 0 0.785398 2 2 0 0 0 0 3 1 2 -1 
3 4 0 0 2.35619 0 0 0.785398 1 1 6.81761e-06 1.63471e-07 2.58799e-06 2.61687e-07 0 0 0 -1 
3 4 0 0 2.35619 0 0 0.785398 2 2 0 0 0 0 1 1 1 -1 
3 4 0 0 2.35619 0 0 0.785398 1 1 8.236e-05 1.40745e-06 4.46484e-05 2.04114e-06 2 0 3 -1 
3 4 0 0 2.35619 0 0 0.785398 2 2 0 0 0 0 3 1 2 -1 
3 4 0 0 3.14159 0 0 0.785398 1 1 1.49312e-07 1.49645e-07 3.09428e-06 3.43024e-07 0 0 0 -1 
3 4 0 0 3.14159 0 0 0.785398 2 2 0 0 0 0 1 1 1 -1 
3 4 0 0 3.14159 0 0 0.785398 1 1 -2.17294e-06 1.46169e-06 6.64977e-05 2.46119e-06 2 0 3 -1 
3 4 0 0 3.14159 0 0 0.785398 2 2 0 0 0 0 3 1 2 -1 
3 4 0 0 3.14159 0.785398 0 0.785398 1 1 -7.06506e-06 1.63431e-07 2.38435e-06 2.61283e-07 0 0 0 -1 
3 4 0 0 3.14159 0.785398 0 0.785398 2 2 0 0 0 0 1 1 1 -1 
3 4 0 0 3.14159 0.785398 0 0.785398 1 1 -8.40908e-05 1.40713e-06 5.0491e-05 2.03827e-06 2 0 3 -1 
3 4 0 0 3.14159 0.785398 0 0.785398 2 2 0 0 0 0 3 1 2 -1 
3 4 0 0 3.14159 1.5708 0 0.785398 1 1 -1.72216e-05 1.28116e-07 2.53554e-06 1.1147e-07 0 0 0 -1 
3 4 0 0 3.14159 1.5708 0 0.785398 2 2 0 0 0 0 1 1 1 -1 
3 4 0 0 3.14159 1.5708 0 0.785398 1 1 -0.000253658 1.16682e-06 2.83281e-05 1.25887e-06 2 0 3 -1 
3 4 0 0 3.14159 1.5708 0 0.785398 2 2 0 0 0 0 3 1 2 -1 
3 4 0 0 3.14159 2.35619 0 0.785398 1 1 -2.03382e-05 7.14705e-08 2.92546e-06 2.76328e-08 0 0 0 -1 
3 4 0 0 3.14159 2.35619 0 0.785398 2 2 0 0 0 0 1 1 1 -1 
3 4 0 0 3.14159 2.35619 0 0.785398 1 1 -0.000396823 8.26976e-07 6.21186e-06 6.44691e-07 2 0 3 -1 
3 4 0 0 3.14159 2.35619 0 0.785398 2 2 0 0 0 0 3 1 2 -1 
3 4 0 0 3.14159 3.14159 0 0.785398 1 1 -1.93366e-05 5.02388e-08 3.09255e-06 1.04032e-08 0 0 0 -1 
3 4 0 0 3.14159 3.14159 0 0.785398 2 2 0 0 0 0 1 1 1 -1 
3 4 0 0 3.14159 3.14159 0 0.785398 1 1 -0.000451405 6.44498e-07 -5.01221e-06 4.02906e-07 2 0 3 -1 
3 4 0 0 3.14159 3.14159 0 0.785398 2 2 0 0 0 0 3 1 2 -1 
3 4 0 0 2.35619 2.35619 0 0.785398 1 1 -1.95313e-05 8.88314e-08 2.81336e-06 4.54952e-08 0 0 0 -1 
3 4 0 0 2.35619 2.35619 0 0.785398 2 2 0 0 0 0 1 1 1 -1 
3 4 0 0 2.35619 2.35619 0 0.785398 1 1 -0.000337641 9.3761e-07 1.65857e-05 8.07877e-07 2 0 3 -1 
3 4 0 0 2.35619 2.35619 0 0.785398 2 2 0 0 0 0 3 1 2 -1 
3 4 0 0 1.5708 1.5708 0 0.785398 1 1 1.50414e-07 1.34978e-07 2.7193e-06 1.66642e-07 0 0 0 -1 
3 4 0 0 1.5708 1.5708 0 0.785398 2 2 0 0 0 0 1 1 1 -1 
3 4 0 0 1.5708 1.5708 0 0.785398 1 1 -6.09889e-07 1.13379e-06 4.51609e-05 1.41062e-06 2 0 3 -1 
3 4 0 0 1.5708 1.5708 0 0.785398 2 2 0 0 0 0 3 1 2 -1 
3 4 0 0 0.785398 0.785398 0 0.785398 1 1 1.95273e-05 8.87254e-08 2.78985e-06 4.54445e-08 0 0 0 -1 
3 4 0 0 0.785398 0.785398 0 0.785398 2 2 0 0 0 0 1 1 1 -1 
3 4 0 0 0.785398 0.785398 0 0.785398 1 1 0.000337974 9.3889e-07 1.74921e-05 8.08955e-07 2 0 3 -1 
3 4 0 0 0.785398 0.785398 0 0.785398 2 2 0 0 0 0 3 1 2 -1 
3 4 0 0 0 0 0 0.785398 1 1 1.93657e-05 4.30113e-08 1.47972e-05 1.50342e-08 0 0 0 -1 
3 4 0 0 0 0 0 0.785398 2 2 0 0 0 0 1 1 1 -1 
3 4 0 0 0 0 0 0.785398 1 1 0.00073227 4.12443e-06 0.00503577 2.93418e-06 2 2 2 -1 
3 4 0 0 0 0 0 0.785398 2 2 0 0 0 0 3 3 3 -1 
3 4 0 0 0.785398 0 0 0.785398 1 1 2.38555e-05 5.75431e-08 2.8777e-05 3.64569e-08 0 0 0 -1 
3 4 0 0 0.785398 0 0 0.785398 2 2 0 0 0 0 1 1 1 -1 
3 4 0 0 0.785398 0 0 0.785398 1 1 0.00080654 4.26972e-06 0.00530746 3.22628e-06 2 2 2 -1 
3 4 0 0 0.785398 0 0 0.785398 2 2 0 0 0 0 3 3 3 -1 
3 4 0 0 1.5708 0 0 0.785398 1 1 3.06492e-05 9.64395e-08 7.28228e-05 1.0384e-07 0 0 0 -1 
3 4 0 0 1.5708 0 0 0.785398 2 2 0 0 0 0 1 1 1 -1 
3 4 0 0 1.5708 0 0 0.785398 1 1 0.000850726 4.64205e-06 0.00617084 4.16901e-06 2 2 2 -1 
3 4 0 0 1.5708 0 0 0.785398 2 2 0 0 0 0 3 3 3 -1 
3 4 0 0 2.35619 0 0 0.785398 1 1 1.8899e-05 1.36375e-07 0.000138504 2.05258e-07 0 0 0 -1 
3 4 0 0 2.35619 0 0 0.785398 2 2 0 0 0 0 1 1 1 -1 
3 4 0 0 2.35619 0 0 0.785398 1 1 0.000452379 4.92945e-06 0.00749577 5.73115e-06 2 2 2 -1 
3 4 0 0 2.35619 0 0 0.785398 2 2 0 0 0 0 3 3 3 -1 
3 4 0 0 3.14159 0 0 0.785398 1 1 -7.84184e-08 1.46581e-07 0.000173475 2.61732e-07 0 0 0 -1 
3 4 0 0 3.14159 0 0 0.785398 2 2 0 0 0 0 1 1 1 -1 
3 4 0 0 3.14159 0 0 0.785398 1 1 -1.29127e-07 4.83506e-06 0.00829213 6.82301e-06 2 2 2 -1 
3 4 0 0 3.14159 0 0 0.785398 2 2 0 0 0 0 3 3 3 -1 
3 4 0 0 3.14159 0.785398 0 0.785398 1 1 -1.91651e-05 1.36e-07 0.000138059 2.04655e-07 0 0 0 -1 
3 4 0 0 3.14159 0.785398 0 0.785398 2 2 0 0 0 0 1 1 1 -1 
3 4 0 0 3.14159 0.785398 0 0.785398 1 1 -0.000446826 4.93511e-06 0.00750398 5.74719e-06 2 2 2 -1 
3 4 0 0 3.14159 0.785398 0 0.785398 2 2 0 0 0 0 3 3 3 -1 
3 4 0 0 3.14159 1.5708 0 0.785398 1 1 -3.06291e-05 9.6694e-08 7.30755e-05 1.04352e-07 0 0 0 -1 
3 4 0 0 3.14159 1.5708 0 0.785398 2 2 0 0 0 0 1 1 1 -1 
3 4 0 0 3.14159 1.5708 0 0.785398 1 1 -0.000830582 4.64241e-06 0.0061733 4.17068e-06 2 2 2 -1 
3 4 0 0 3.14159 1.5708 0 0.785398 2 2 0 0 0 0 3 3 3 -1 
3 4 0 0 3.14159 2.35619 0 0.785398 1 1 -2.3869e-05 5.76971e-08 2.88128e-05 3.64822e-08 0 0 0 -1 
3 4 0 0 3.14159 2.35619 0 0.785398 2 2 0 0 0 0 1 1 1 -1 
3 4 0 0 3.14159 2.35619 0 0.785398 1 1 -0.000810528 4.27175e-06 0.00531442 3.2333e-06 2 2 2 -1 
3 4 0 0 3.14159 2.35619 0 0.785398 2 2 0 0 0 0 3 3 3 -1 
3 4 0 0 3.14159 3.14159 0 0.785398 1 1 -1.92786e-05 4.30223e-08 1.4819e-05 1.50308e-08 0 0 0 -1 
3 4 0 0 3.14159 3.14159 0 0.785398 2 2 0 0 0 0 1 1 1 -1 
3 4 0 0 3.14159 3.14159 0 0.785398 1 1 -0.000738959 4.12228e-06 0.0050368 2.93861e-06 2 2 2 -1 
3 4 0 0 3.14159 3.14159 0 0.785398 2 2 0 0 0 0 3 3 3 -1 
3 4 0 0 2.35619 2.35619 0 0.785398 1 1 -2.58002e-05 7.15666e-08 4.04283e-05 6.00837e-08 0 0 0 -1 
3 4 0 0 2.35619 2.35619 0 0.785398 2 2 0 0 0 0 1 1 1 -1 
3 4 0 0 2.35619 2.35619 0 0.785398 1 1 -0.000821214 4.39216e-06 0.00559754 3.53016e-06 2 2 2 -1 
3 4 0 0 2.35619 2.35619 0 0.785398 2 2 0 0 0 0 3 3 3 -1 
3 4 0 0 1.5708 1.5708 0 0.785398 1 1 2.97648e-08 1.02033e-07 8.30872e-05 1.45464e-07 0 0 0 -1 
3 4 0 0 1.5708 1.5708 0 0.785398 2 2 0 0 0 0 1 1 1 -1 
3 4 0 0 1.5708 1.5708 0 0.785398 1 1 1.65549e-05 4.58703e-06 0.00670107 5.01724e-06 2 2 2 -1 
3 4 0 0 1.5708 1.5708 0 0.785398 2 2 0 0 0 0 3 3 3 -1 
3 4 0 0 0.785398 0.785398 0 0.785398 1 1 2.56624e-05 7.1608e-08 4.03526e-05 6.00808e-08 0 0 0 -1 
3 4 0 0 0.785398 0.785398 0 0.785398 2 2 0 0 0 0 1 1 1 -1 
3 4 0 0 0.785398 0.785398 0 0.785398 1 1 0.000835102 4.38894e-06 0.00559392 3.53158e-06 2 2 2 -1 
3 4 0 0 0.785398 0.785398 0 0.785398 2 2 0 0 0 0 3 3 3 -1 
3 4 0 0 0 0 0 0.785398 1 1 2.36223e-06 9.39299e-08 -3.20763e-07 2.24165e-08 0 0 0 -1 
3 4 0 0 0 0 0 0.785398 2 2 0 0 0 0 1 1 1 -1 
3 4 0 0 0 0 0 0.785398 1 1 -6.30808e-05 1.23035e-06 -5.95234e-05 9.09469e-07 2 2 1 -1 
3 4 0 0 0 0 0 0.785398 2 2 0 0 0 0 3 3 0 -1 
3 4 0 0 0.785398 0 0 0.785398 1 1 2.21043e-06 1.10883e-07 -1.25186e-06 4.69847e-08 0 0 0 -1 
3 4 0 0 0.785398 0 0 0.785398 2 2 0 0 0 0 1 1 1 -1 
3 4 0 0 0.785398 0 0 0.785398 1 1 -5.13188e-05 1.27859e-06 -5.86637e-05 1.0428e-06 2 2 1 -1 
3 4 0 0 0.785398 0 0 0.785398 2 2 0 0 0 0 3 3 0 -1 
3 4 0 0 1.5708 0 0 0.785398 1 1 1.50053e-06 1.48015e-07 -3.5213e-06 1.29021e-07 0 0 0 -1 
3 4 0 0 1.5708 0 0 0.785398 2 2 0 0 0 0 1 1 1 -1 
3 4 0 0 1.5708 0 0 0.785398 1 1 -2.82102e-05 1.36786e-06 -6.22213e-05 1.41568e-06 2 2 1 -1 
3 4 0 0 1.5708 0 0 0.785398 2 2 0 0 0 0 3 3 0 -1 
3 4 0 0 2.35619 0 0 0.785398 1 1 7.52596e-07 1.58372e-07 -5.792e-06 2.40721e-07 0 0 0 -1 
3 4 0 0 2.35619 0 0 0.785398 2 2 0 0 0 0 1 1 1 -1 
3 4 0 0 2.35619 0 0 0.785398 1 1 -3.43211e-06 1.40287e-06 -5.95598e-05 1.89348e-06 2 2 1 -1 
3 4 0 0 2.35619 0 0 0.785398 2 2 0 0 0 0 3 3 0 -1 
3 4 0 0 3.14159 0 0 0.785398 1 1 -9.22717e-08 1.37286e-07 -6.2592e-06 2.95166e-07 0 0 0 -1 
3 4 0 0 3.14159 0 0 0.785398 2 2 0 0 0 0 1 1 1 -1 
3 4 0 0 3.14159 0 0 0.785398 1 1 -9.11428e-07 1.3798e-06 -5.1442e-05 2.1753e-06 2 2 1 -1 
3 4 0 0 3.14159 0 0 0.785398 2 2 0 0 0 0 3 3 0 -1 
3 4 0 0 3.14159 0.785398 0 0.785398 1 1 -7.80986e-07 1.58225e-07 -5.97693e-06 2.41009e-07 0 0 0 -1 
3 4 0 0 3.14159 0.785398 0 0.785398 2 2 0 0 0 0 1 1 1 -1 
3 4 0 0 3.14159 0.785398 0 0.785398 1 1 6.05135e-06 1.40078e-06 -6.35482e-05 1.8961e-06 2 2 1 -1 
3 4 0 0 3.14159 0.785398 0 0.785398 2 2 0 0 0 0 3 3 0 -1 
3 4 0 0 3.14159 1.5708 0 0.785398 1 1 -1.44742e-06 1.482e-07 -3.71225e-06 1.29052e-07 0 0 0 -1 
3 4 0 0 3.14159 1.5708 0 0.785398 2 2 0 0 0 0 1 1 1 -1 
3 4 0 0 3.14159 1.5708 0 0.785398 1 1 2.54357e-05 1.36844e-06 -6.70879e-05 1.4226e-06 2 2 1 -1 
3 4 0 0 3.14159 1.5708 0 0.785398 2 2 0 0 0 0 3 3 0 -1 
3 4 0 0 3.14159 2.35619 0 0.785398 1 1 -2.28742e-06 1.11099e-07 -1.33406e-06 4.71712e-08 0 0 0 -1 
3 4 0 0 3.14159 2.35619 0 0.785398 2 2 0 0 0 0 1 1 1 -1 
3 4 0 0 3.14159 2.35619 0 0.785398 1 1 5.29758e-05 1.27939e-06 -6.01328e-05 1.04446e-06 2 2 1 -1 
3 4 0 0 3.14159 2.35619 0 0.785398 2 2 0 0 0 0 3 3 0 -1 
3 4 0 0 3.14159 3.14159 0 0.785398 1 1 -2.54363e-06 9.38609e-08 -3.09396e-07 2.24115e-08 0 0 0 -1 
3 4 0 0 3.14159 3.14159 0 0.785398 2 2 0 0 0 0 1 1 1 -1 
3 4 0 0 3.14159 3.14159 0 0.785398 1 1 6.19921e-05 1.2289e-06 -6.05601e-05 9.10084e-07 2 2 1 -1 
3 4 0 0 3.14159 3.14159 0 0.785398 2 2 0 0 0 0 3 3 0 -1 
3 4 0 0 2.35619 2.35619 0 0.785398 1 1 -2.1477e-06 1.26453e-07 -2.18349e-06 8.14998e-08 0 0 0 -1 
3 4 0 0 2.35619 2.35619 0 0.785398 2 2 0 0 0 0 1 1 1 -1 
3 4 0 0 2.35619 2.35619 0 0.785398 1 1 4.27762e-05 1.31631e-06 -6.30432e-05 1.16998e-06 2 2 1 -1 
3 4 0 0 2.35619 2.35619 0 0.785398 2 2 0 0 0 0 3 3 0 -1 
3 4 0 0 1.5708 1.5708 0 0.785398 1 1 -2.92455e-07 1.60253e-07 -3.00621e-06 2.00685e-07 0 0 0 -1 
3 4 0 0 1.5708 1.5708 0 0.785398 2 2 0 0 0 0 1 1 1 -1 
3 4 0 0 1.5708 1.5708 0 0.785398 1 1 -6.3382e-07 1.36314e-06 -5.57864e-05 1.62362e-06 2 2 1 -1 
3 4 0 0 1.5708 1.5708 0 0.785398 2 2 0 0 0 0 3 3 0 -1 
3 4 0 0 0.785398 0.785398 0 0.785398 1 1 2.22949e-06 1.26349e-07 -1.99715e-06 8.06972e-08 0 0 0 -1 
3 4 0 0 0.785398 0.785398 0 0.785398 2 2 0 0 0 0 1 1 1 -1 
3 4 0 0 0.785398 0.785398 0 0.785398 1 1 -3.94586e-05 1.31692e-06 -6.1254e-05 1.17204e-06 2 2 1 -1 
3 4 0 0 0.785398 0.785398 0 0.785398 2 2 0 0 0 0 3 3 0 -1 
3 4 0 0 0 0 0 0.785398 1 1 6.87675e-06 3.65088e-08 3.34478e-06 9.73226e-09 0 0 0 -1 
3 4 0 0 0 0 0 0.785398 2 2 0 0 0 0 1 1 1 -1 
3 4 0 0 0.785398 0 0 0.785398 1 1 5.63309e-06 5.31594e-08 2.45314e-06 3.07744e-08 0 0 0 -1 
3 4 0 0 0.785398 0 0 0.785398 2 2 0 0 0 0 1 1 1 -1 
3 4 0 0 1.5708 0 0 0.785398 1 1 2.75618e-06 9.34082e-08 5.54421e-07 1.00694e-07 0 0 0 -1 
3 4 0 0 1.5708 0 0 0.785398 2 2 0 0 0 0 1 1 1 -1 
3 4 0 0 2.35619 0 0 0.785398 1 1 4.58735e-07 1.22884e-07 2.79643e-08 2.04184e-07 0 0 0 -1 
3 4 0 0 2.35619 0 0 0.785398 2 2 0 0 0 0 1 1 1 -1 
3 4 0 0 3.14159 0 0 0.785398 1 1 3.41923e-08 1.21774e-07 -2.56697e-07 2.60811e-07 0 0 0 -1 
3 4 0 0 3.14159 0 0 0.785398 2 2 0 0 0 0 1 1 1 -1 
3 4 0 0 3.14159 0.785398 0 0.785398 1 1 -8.53077e-07 1.23049e-07 1.98135e-08 2.04554e-07 0 0 0 -1 
3 4 0 0 3.14159 0.785398 0 0.785398 2 2 0 0 0 0 1 1 1 -1 
3 4 0 0 3.14159 1.5708 0 0.785398 1 1 -2.82483e-06 9.35426e-08 1.01688e-06 1.0055e-07 0 0 0 -1 
3 4 0 0 3.14159 1.5708 0 0.785398 2 2 0 0 0 0 1 1 1 -1 
3 4 0 0 3.14159 2.35619 0 0.785398 1 1 -5.56427e-06 5.31426e-08 2.49293e-06 3.07826e-08 0 0 0 -1 
3 4 0 0 3.14159 2.35619 0 0.785398 2 2 0 0 0 0 1 1 1 -1 
3 4 0 0 3.14159 3.14159 0 0.785398 1 1 -6.90929e-06 3.64775e-08 3.34135e-06 9.72629e-09 0 0 0 -1 
3 4 0 0 3.14159 3.14159 0 0.785398 2 2 0 0 0 0 1 1 1 -1 
3 4 0 0 2.35619 2.35619 0 0.785398 1 1 -4.30207e-06 6.43607e-08 1.58309e-06 4.02164e-08 0 0 0 -1 
3 4 0 0 2.35619 2.35619 0 0.785398 2 2 0 0 0 0 1 1 1 -1 
3 4 0 0 1.5708 1.5708 0 0.785398 1 1 -6.73125e-08 9.21225e-08 -3.06234e-07 1.18278e-07 0 0 0 -1 
3 4 0 0 1.5708 1.5708 0 0.785398 2 2 0 0 0 0 1 1 1 -1 
3 4 0 0 0.785398 0.785398 0 0.785398 1 1 4.48068e-06 6.43787e-08 1.57329e-06 4.0244e-08 0 0 0 -1 
3 4 0 0 0.785398 0.785398 0 0.785398 2 2 0 0 0 0 1 1 1 -1 
3 4 0 0 0 0 0 0.785398 1 1 6.85246e-06 3.64947e-08 3.34552e-06 9.72944e-09 0 0 0 -1 
3 4 0 0 0 0 0 0.785398 2 2 0 0 0 0 1 1 1 -1 
3 4 0 0 0.785398 0 0 0.785398 1 1 5.56879e-06 5.30881e-08 2.51731e-06 3.06965e-08 0 0 0 -1 
3 4 0 0 0.785398 0 0 0.785398 2 2 0 0 0 0 1 1 1 -1 
3 4 0 0 1.5708 0 0 0.785398 1 1 2.96488e-06 9.35847e-08 8.45088e-07 1.00708e-07 0 0 0 -1 
3 4 0 0 1.5708 0 0 0.785398 2 2 0 0 0 0 1 1 1 -1 
3 4 0 0 2.35619 0 0 0.785398 1 1 7.7225e-07 1.22919e-07 -8.47031e-08 2.04468e-07 0 0 0 -1 
3 4 0 0 2.35619 0 0 0.785398 2 2 0 0 0 0 1 1 1 -1 
3 4 0 0 3.14159 0 0 0.785398 1 1 -2.13965e-07 1.21471e-07 -1.32002e-07 2.60589e-07 0 0 0 -1 
3 4 0 0 3.14159 0 0 0.785398 2 2 0 0 0 0 1 1 1 -1 
3 4 0 0 3.14159 0.785398 0 0.785398 1 1 -8.20946e-07 1.23018e-07 1.89771e-07 2.04994e-07 0 0 0 -1 
3 4 0 0 3.14159 0.785398 0 0.785398 2 2 0 0 0 0 1 1 1 -1 
3 4 0 0 3.14159 1.5708 0 0.785398 1 1 -2.7643e-06 9.33153e-08 6.1914e-07 1.00761e-07 0 0 0 -1 
3 4 0 0 3.14159 1.5708 0 0.785398 2 2 0 0 0 0 1 1 1 -1 
3 4 0 0 3.14159 2.35619 0 0.785398 1 1 -5.51397e-06 5.31229e-08 2.49413e-06 3.06824e-08 0 0 0 -1 
3 4 0 0 3.14159 2.35619 0 0.785398 2 2 0 0 0 0 1 1 1 -1 
3 4 0 0 3.14159 3.14159 0 0.785398 1 1 -6.85186e-06 3.65157e-08 3.34169e-06 9.73986e-09 0 0 0 -1 
3 4 0 0 3.14159 3.14159 0 0.785398 2 2 0 0 0 0 1 1 1 -1 
3 4 0 0 2.35619 2.35619 0 0.785398 1 1 -4.37659e-06 6.43315e-08 1.68316e-06 4.01744e-08 0 0 0 -1 
3 4 0 0 2.35619 2.35619 0 0.785398 2 2 0 0 0 0 1 1 1 -1 
3 4 0 0 1.5708 1.5708 0 0.785398 1 1 1.37363e-08 9.23335e-08 -3.25189e-07 1.18501e-07 0 0 0 -1 
3 4 0 0 1.5708 1.5708 0 0.785398 2 2 0 0 0 0 1 1 1 -1 
3 4 0 0 0.785398 0.785398 0 0.785398 1 1 4.3479e-06 6.43534e-08 1.66083e-06 4.02906e-08 0 0 0 -1 
3 4 0 0 0.785398 0.785398 0 0.785398 2 2 0 0 0 0 1 1 1 -1 
3 4 0 0 0 0 0 0.785398 1 1 -1.45748e-05 3.47423e-08 -9.3856e-06 1.22875e-08 0 0 0 -1 
3 4 0 0 0 0 0 0.785398 2 2 0 0 0 0 1 1 1 -1 
3 4 0 0 0.785398 0 0 0.785398 1 1 -9.12752e-06 4.5806e-08 -6.17724e-06 3.15395e-08 0 0 0 -1 
3 4 0 0 0.785398 0 0 0.785398 2 2 0 0 0 0 1 1 1 -1 
3 4 0 0 1.5708 0 0 0.785398 1 1 1.17249e-06 8.02646e-08 -2.67418e-07 9.53877e-08 0 0 0 -1 
3 4 0 0 1.5708 0 0 0.785398 2 2 0 0 0 0 1 1 1 -1 
3 4 0 0 2.35619 0 0 0.785398 1 1 3.56258e-06 1.19513e-07 -4.52708e-07 1.93697e-07 0 0 0 -1 
3 4 0 0 2.35619 0 0 0.785398 2 2 0 0 0 0 1 1 1 -1 
3 4 0 0 3.14159 0 0 0.785398 1 1 9.72181e-08 1.3224e-07 -3.77402e-06 2.51887e-07 0 0 0 -1 
3 4 0 0 3.14159 0 0 0.785398 2 2 0 0 0 0 1 1 1 -1 
3 4 0 0 3.14159 0.785398 0 0.785398 1 1 -3.46151e-06 1.19569e-07 -4.63642e-07 1.93541e-07 0 0 0 -1 
3 4 0 0 3.14159 0.785398 0 0.785398 2 2 0 0 0 0 1 1 1 -1 
3 4 0 0 3.14159 1.5708 0 0.785398 1 1 -1.10437e-06 8.04642e-08 -3.72187e-07 9.59139e-08 0 0 0 -1 
3 4 0 0 3.14159 1.5708 0 0.785398 2 2 0 0 0 0 1 1 1 -1 
3 4 0 0 3.14159 2.35619 0 0.785398 1 1 9.3023e-06 4.58219e-08 -6.16096e-06 3.14945e-08 0 0 0 -1 
3 4 0 0 3.14159 2.35619 0 0.785398 2 2 0 0 0 0 1 1 1 -1 
3 4 0 0 3.14159 3.14159 0 0.785398 1 1 1.46363e-05 3.47471e-08 -9.38634e-06 1.22828e-08 0 0 0 -1 
3 4 0 0 3.14159 3.14159 0 0.785398 2 2 0 0 0 0 1 1 1 -1 
3 4 0 0 2.35619 2.35619 0 0.785398 1 1 3.80128e-06 5.60548e-08 -1.72176e-06 4.44392e-08 0 0 0 -1 
3 4 0 0 2.35619 2.35619 0 0.785398 2 2 0 0 0 0 1 1 1 -1 
3 4 0 0 1.5708 1.5708 0 0.785398 1 1 -1.72864e-07 8.0091e-08 1.85021e-05 1.15114e-07 0 0 0 -1 
3 4 0 0 1.5708 1.5708 0 0.785398 2 2 0 0 0 0 1 1 1 -1 
3 4 0 0 0.785398 0.785398 0 0.785398 1 1 -3.77551e-06 5.59926e-08 -1.74594e-06 4.44143e-08 0 0 0 -1 
3 4 0 0 0.785398 0.785398 0 0.785398 2 2 0 0 0 0 1 1 1 -1 
3 4 0 0 0 0 0 0.785398 1 1 1.93653e-05 5.02917e-08 3.10956e-06 1.04027e-08 0 0 0 -1 
3 4 0 0 0 0 0 0.785398 2 2 0 0 0 0 1 1 1 -1 
3 4 0 0 0 0 0 0.785398 1 1 0.000450731 6.44894e-07 -4.44434e-06 4.02131e-07 2 0 3 -1 
3 4 0 0 0 0 0 0.785398 2 2 0 0 0 0 3 1 2 -1 
3 4 0 0 0.785398 0 0 0.785398 1 1 2.02891e-05 7.14854e-08 2.86201e-06 2.76689e-08 0 0 0 -1 
3 4 0 0 0.785398 0 0 0.785398 2 2 0 0 0 0 1 1 1 -1 
3 4 0 0 0.785398 0 0 0.785398 1 1 0.000396175 8.26414e-07 6.94516e-06 6.4411e-07 2 0 3 -1 
3 4 0 0 0.785398 0 0 0.785398 2 2 0 0 0 0 3 1 2 -1 
3 4 0 0 1.5708 0 0 0.785398 1 1 1.71039e-05 1.27987e-07 2.38738e-06 1.1135e-07 0 0 0 -1 
3 4 0 0 1.5708 0 0 0.785398 2 2 0 0 0 0 1 1 1 -1 
3 4 0 0 1.5708 0 0 0.785398 1 1 0.000253501 1.16571e-06 2.81125e-05 1.25685e-06 2 0 3 -1 
3 4 0 0 1.5708 0 0 0.785398 2 2 0 0 0 0 3 1 2 -1 
3 4 0 0 2.35619 0 0 0.785398 1 1 6.4179e-06 1.63498e-07 2.25225e-06 2.61251e-07 0 0 0 -1 
3 4 0 0 2.35619 0 0 0.785398 2 2 0 0 0 0 1 1 1 -1 
3 4 0 0 2.35619 0 0 0.785398 1 1 8.14585e-05 1.404e-06 5.5225e-05 2.03846e-06 2 0 3 -1 
3 4 0 0 2.35619 0 0 0.785398 2 2 0 0 0 0 3 1 2 -1 
3 4 0 0 3.14159 0 0 0.785398 1 1 -1.69772e-07 1.49825e-07 2.60811e-06 3.43679e-07 0 0 0 -1 
3 4 0 0 3.14159 0 0 0.785398 2 2 0 0 0 0 1 1 1 -1 
3 4 0 0 3.14159 0 0 0.785398 1 1 5.47445e-07 1.46161e-06 6.11288e-05 2.46084e-06 2 0 3 -1 
3 4 0 0 3.14159 0 0 0.785398 2 2 0 0 0 0 3 1 2 -1 
3 4 0 0 3.14159 0.785398 0 0.785398 1 1 -6.73567e-06 1.63343e-07 2.12031e-06 2.61509e-07 0 0 0 -1 
3 4 0 0 3.14159 0.785398 0 0.785398 2 2 0 0 0 0 1 1 1 -1 
3 4 0 0 3.14159 0.785398 0 0.785398 1 1 -8.36596e-05 1.40508e-06 5.11812e-05 2.03195e-06 2 0 3 -1 
3 4 0 0 3.14159 0.785398 0 0.785398 2 2 0 0 0 0 3 1 2 -1 
3 4 0 0 3.14159 1.5708 0 0.785398 1 1 -1.75382e-05 1.28127e-07 2.43135e-06 1.11305e-07 0 0 0 -1 
3 4 0 0 3.14159 1.5708 0 0.785398 2 2 0 0 0 0 1 1 1 -1 
3 4 0 0 3.14159 1.5708 0 0.785398 1 1 -0.000253397 1.16726e-06 3.07374e-05 1.25936e-06 2 0 3 -1 
3 4 0 0 3.14159 1.5708 0 0.785398 2 2 0 0 0 0 3 1 2 -1 
3 4 0 0 3.14159 2.35619 0 0.785398 1 1 -2.03779e-05 7.14255e-08 2.92397e-06 2.76719e-08 0 0 0 -1 
3 4 0 0 3.14159 2.35619 0 0.785398 2 2 0 0 0 0 1 1 1 -1 
3 4 0 0 3.14159 2.35619 0 0.785398 1 1 -0.000397349 8.26008e-07 5.59533e-06 6.4329e-07 2 0 3 -1 
3 4 0 0 3.14159 2.35619 0 0.785398 2 2 0 0 0 0 3 1 2 -1 
3 4 0 0 3.14159 3.14159 0 0.785398 1 1 -1.93885e-05 5.02519e-08 3.08573e-06 1.04001e-08 0 0 0 -1 
3 4 0 0 3.14159 3.14159 0 0.785398 2 2 0 0 0 0 1 1 1 -1 
3 4 0 0 3.14159 3.14159 0 0.785398 1 1 -0.000450574 6.45394e-07 -5.1093e-06 4.02945e-07 2 0 3 -1 
3 4 0 0 3.14159 3.14159 0 0.785398 2 2 0 0 0 0 3 1 2 -1 
3 4 0 0 2.35619 2.35619 0 0.785398 1 1 -1.97005e-05 8.88203e-08 2.79712e-06 4.54517e-08 0 0 0 -1 
3 4 0 0 2.35619 2.35619 0 0.785398 2 2 0 0 0 0 1 1 1 -1 
3 4 0 0 2.35619 2.35619 0 0.785398 1 1 -0.000339804 9.37646e-07 1.55139e-05 8.08423e-07 2 0 3 -1 
3 4 0 0 2.35619 2.35619 0 0.785398 2 2 0 0 0 0 3 1 2 -1 
3 4 0 0 1.5708 1.5708 0 0.785398 1 1 2.58606e-08 1.34857e-07 2.4269e-06 1.67276e-07 0 0 0 -1 
3 4 0 0 1.5708 1.5708 0 0.785398 2 2 0 0 0 0 1 1 1 -1 
3 4 0 0 1.5708 1.5708 0 0.785398 1 1 4.30051e-07 1.13426e-06 4.54161e-05 1.40869e-06 2 0 3 -1 
3 4 0 0 1.5708 1.5708 0 0.785398 2 2 0 0 0 0 3 1 2 -1 
3 4 0 0 0.785398 0.785398 0 0.785398 1 1 1.95766e-05 8.88947e-08 2.8532e-06 4.54155e-08 0 0 0 -1 
3 4 0 0 0.785398 0.785398 0 0.785398 2 2 0 0 0 0 1 1 1 -1 
3 4 0 0 0.785398 0.785398 0 0.785398 1 1 0.000338894 9.3848e-07 1.63735e-05 8.09044e-07 2 0 3 -1 
3 4 0 0 0.785398 0.785398 0 0.785398 2 2 0 0 0 0 3 1 2 -1 
3 4 0 0 0 0 0 0.785398 1 1 -1.93276e-05 4.30398e-08 -1.48182e-05 1.50345e-08 0 0 0 -1 
3 4 0 0 0 0 0 0.785398 2 2 0 0 0 0 1 1 1 -1 
3 4 0 0 0 0 0 0.785398 1 1 -0.000735285 4.12124e-06 -0.00503073 2.93267e-06 2 2 2 -1 
3 4 0 0 0 0 0 0.785398 2 2 0 0 0 0 3 3 3 -1 
3 4 0 0 0.785398 0 0 0.785398 1 1 -2.38634e-05 5.76111e-08 -2.87937e-05 3.64647e-08 0 0 0 -1 
3 4 0 0 0.785398 0 0 0.785398 2 2 0 0 0 0 1 1 1 -1 
3 4 0 0 0.785398 0 0 0.785398 1 1 -0.000804218 4.2693e-06 -0.00531338 3.23603e-06 2 2 2 -1 
3 4 0 0 0.785398 0 0 0.785398 2 2 0 0 0 0 3 3 3 -1 
3 4 0 0 1.5708 0 0 0.785398 1 1 -3.07182e-05 9.65149e-08 -7.29779e-05 1.04201e-07 0 0 0 -1 
3 4 0 0 1.5708 0 0 0.785398 2 2 0 0 0 0 1 1 1 -1 
3 4 0 0 1.5708 0 0 0.785398 1 1 -0.000847762 4.64891e-06 -0.00617311 4.16825e-06 2 2 2 -1 
3 4 0 0 1.5708 0 0 0.785398 2 2 0 0 0 0 3 3 3 -1 
3 4 0 0 2.35619 0 0 0.785398 1 1 -1.89484e-05 1.35351e-07 -0.00013748 2.04165e-07 0 0 0 -1 
3 4 0 0 2.35619 0 0 0.785398 2 2 0 0 0 0 1 1 1 -1 
3 4 0 0 2.35619 0 0 0.785398 1 1 -0.000456602 4.92984e-06 -0.00750575 5.74798e-06 2 2 2 -1 
3 4 0 0 2.35619 0 0 0.785398 2 2 0 0 0 0 3 3 3 -1 
3 4 0 0 3.14159 0 0 0.785398 1 1 2.22775e-07 1.46409e-07 -0.000173368 2.61712e-07 0 0 0 -1 
3 4 0 0 3.14159 0 0 0.785398 2 2 0 0 0 0 1 1 1 -1 
3 4 0 0 3.14159 0 0 0.785398 1 1 3.39883e-06 4.84068e-06 -0.00828462 6.81026e-06 2 2 2 -1 
3 4 0 0 3.14159 0 0 0.785398 2 2 0 0 0 0 3 3 3 -1 
3 4 0 0 3.14159 0.785398 0 0.785398 1 1 1.89925e-05 1.35751e-07 -0.000137839 2.04537e-07 0 0 0 -1 
3 4 0 0 3.14159 0.785398 0 0.785398 2 2 0 0 0 0 1 1 1 -1 
3 4 0 0 3.14159 0.785398 0 0.785398 1 1 0.000444614 4.92644e-06 -0.00749678 5.7336e-06 2 2 2 -1 
3 4 0 0 3.14159 0.785398 0 0.785398 2 2 0 0 0 0 3 3 3 -1 
3 4 0 0 3.14159 1.5708 0 0.785398 1 1 3.06343e-05 9.64298e-08 -7.2839e-05 1.04167e-07 0 0 0 -1 
3 4 0 0 3.14159 1.5708 0 0.785398 2 2 0 0 0 0 1 1 1 -1 
3 4 0 0 3.14159 1.5708 0 0.785398 1 1 0.000838247 4.64935e-06 -0.00617575 4.18079e-06 2 2 2 -1 
3 4 0 0 3.14159 1.5708 0 0.785398 2 2 0 0 0 0 3 3 3 -1 
3 4 0 0 3.14159 2.35619 0 0.785398 1 1 2.3886e-05 5.76563e-08 -2.88393e-05 3.65307e-08 0 0 0 -1 
3 4 0 0 3.14159 2.35619 0 0.785398 2 2 0 0 0 0 1 1 1 -1 
3 4 0 0 3.14159 2.35619 0 0.785398 1 1 0.000806492 4.26563e-06 -0.0053027 3.22346e-06 2 2 2 -1 
3 4 0 0 3.14159 2.35619 0 0.785398 2 2 0 0 0 0 3 3 3 -1 
3 4 0 0 3.14159 3.14159 0 0.785398 1 1 1.93261e-05 4.3046e-08 -1.48246e-05 1.50403e-08 0 0 0 -1 
3 4 0 0 3.14159 3.14159 0 0.785398 2 2 0 0 0 0 1 1 1 -1 
3 4 0 0 3.14159 3.14159 0 0.785398 1 1 0.00073516 4.12411e-06 -0.00503145 2.93326e-06 2 2 2 -1 
3 4 0 0 3.14159 3.14159 0 0.785398 2 2 0 0 0 0 3 3 3 -1 
3 4 0 0 2.35619 2.35619 0 0.785398 1 1 2.56157e-05 7.15659e-08 -4.04605e-05 6.04208e-08 0 0 0 -1 
3 4 0 0 2.35619 2.35619 0 0.785398 2 2 0 0 0 0 1 1 1 -1 
3 4 0 0 2.35619 2.35619 0 0.785398 1 1 0.000835489 4.39017e-06 -0.00559931 3.53178e-06 2 2 2 -1 
3 4 0 0 2.35619 2.35619 0 0.785398 2 2 0 0 0 0 3 3 3 -1 
3 4 0 0 1.5708 1.5708 0 0.785398 1 1 -4.4775e-09 1.01925e-07 -8.28443e-05 1.44729e-07 0 0 0 -1 
3 4 0 0 1.5708 1.5708 0 0.785398 2 2 0 0 0 0 1 1 1 -1 
3 4 0 0 1.5708 1.5708 0 0.785398 1 1 1.74809e-06 4.58912e-06 -0.00670505 5.02886e-06 2 2 2 -1 
3 4 0 0 1.5708 1.5708 0 0.785398 2 2 0 0 0 0 3 3 3 -1 
3 4 0 0 0.785398 0.785398 0 0.785398 1 1 -2.57249e-05 7.15303e-08 -4.03113e-05 5.99992e-08 0 0 0 -1 
3 4 0 0 0.785398 0.785398 0 0.785398 2 2 0 0 0 0 1 1 1 -1 
3 4 0 0 0.785398 0.785398 0 0.785398 1 1 -0.000829018 4.39212e-06 -0.00560289 3.5364e-06 2 2 2 -1 
3 4 0 0 0.785398 0.785398 0 0.785398 2 2 0 0 0 0 3 3 3 -1 
3 4 0 0 0 0 0 0.785398 1 1 1.06536e-05 2.89217e-08 -3.92066e-07 6.05075e-09 0 0 0 -1 
3 4 0 0 0 0 0 0.785398 2 2 0 0 0 0 1 1 1 -1 
3 4 0 0 0.785398 0 0 0.785398 1 1 7.67128e-06 4.08982e-08 8.86187e-08 1.96962e-08 0 0 0 -1 
3 4 0 0 0.785398 0 0 0.785398 2 2 0 0 0 0 1 1 1 -1 
3 4 0 0 1.5708 0 0 0.785398 1 1 2.83263e-06 8.19026e-08 5.31392e-07 8.67601e-08 0 0 0 -1 
3 4 0 0 1.5708 0 0 0.785398 2 2 0 0 0 0 1 1 1 -1 
3 4 0 0 2.35619 0 0 0.785398 1 1 6.03209e-07 1.22007e-07 -2.69706e-07 2.09657e-07 0 0 0 -1 
3 4 0 0 2.35619 0 0 0.785398 2 2 0 0 0 0 1 1 1 -1 
3 4 0 0 3.14159 0 0 0.785398 1 1 -1.20718e-07 1.2581e-07 5.24736e-07 2.79869e-07 0 0 0 -1 
3 4 0 0 3.14159 0 0 0.785398 2 2 0 0 0 0 1 1 1 -1 
3 4 0 0 3.14159 0.785398 0 0.785398 1 1 -7.27467e-07 1.21743e-07 3.93961e-07 2.08874e-07 0 0 0 -1 
3 4 0 0 3.14159 0.785398 0 0.785398 2 2 0 0 0 0 1 1 1 -1 
3 4 0 0 3.14159 1.5708 0 0.785398 1 1 -2.96249e-06 8.18271e-08 5.53217e-07 8.66252e-08 0 0 0 -1 
3 4 0 0 3.14159 1.5708 0 0.785398 2 2 0 0 0 0 1 1 1 -1 
3 4 0 0 3.14159 2.35619 0 0.785398 1 1 -7.53037e-06 4.08832e-08 1.58353e-08 1.96804e-08 0 0 0 -1 
3 4 0 0 3.14159 2.35619 0 0.785398 2 2 0 0 0 0 1 1 1 -1 
3 4 0 0 3.14159 3.14159 0 0.785398 1 1 -1.06859e-05 2.89287e-08 -3.86162e-07 6.0529e-09 0 0 0 -1 
3 4 0 0 3.14159 3.14159 0 0.785398 2 2 0 0 0 0 1 1 1 -1 
3 4 0 0 2.35619 2.35619 0 0.785398 1 1 -4.87839e-06 5.2734e-08 4.44771e-07 2.7983e-08 0 0 0 -1 
3 4 0 0 2.35619 2.35619 0 0.785398 2 2 0 0 0 0 1 1 1 -1 
3 4 0 0 1.5708 1.5708 0 0.785398 1 1 2.07876e-08 8.53721e-08 1.24219e-07 1.08704e-07 0 0 0 -1 
3 4 0 0 1.5708 1.5708 0 0.785398 2 2 0 0 0 0 1 1 1 -1 
3 4 0 0 0.785398 0.785398 0 0.785398 1 1 4.90797e-06 5.27773e-08 4.17087e-07 2.80152e-08 0 0 0 -1 
3 4 0 0 0.785398 0.785398 0 0.785398 2 2 0 0 0 0 1 1 1 -1 
3 4 0 0 0 0 0 0.785398 1 1 7.05218e-07 4.62045e-07 0 0 0 0 0 -1 
3 4 0 0 0 0 0 0.785398 1 1 -5.59051e-06 4.68826e-06 0 0 0 2 2 -1 
3 4 0 0 0 0 0 0.785398 2 2 0 0 0 0 1 1 1 -1 
3 4 0 0 0 0 0 0.785398 2 2 0 0 0 0 1 3 3 -1 
3 4 0 0 0 0 0 0.785398 1 1 -1.83159e-06 1.38333e-06 0 0 2 1 1 -1 
3 4 0 0 0 0 0 0.785398 1 1 -2.67703e-06 1.40936e-05 0 0 2 3 3 -1 
3 4 0 0 0 0 0 0.785398 2 2 0 0 0 0 3 0 0 -1 
3 4 0 0 0 0 0 0.785398 2 2 0 0 0 0 3 2 2 -1 
3 4 0 0 0.785398 0 0 0.785398 1 1 -4.06841e-07 4.61285e-07 0 0 0 0 0 -1 
3 4 0 0 0.785398 0 0 0.785398 1 1 2.39341e-06 4.69659e-06 0 0 0 2 2 -1 
3 4 0 0 0.785398 0 0 0.785398 2 2 0 0 0 0 1 1 1 -1 
3 4 0 0 0.785398 0 0 0.785398 2 2 0 0 0 0 1 3 3 -1 
3 4 0 0 0.785398 0 0 0.785398 1 1 -9.33638e-07 1.38336e-06 0 0 2 1 1 -1 
3 4 0 0 0.785398 0 0 0.785398 1 1 -7.76299e-06 1.40784e-05 0 0 2 3 3 -1 
3 4 0 0 0.785398 0 0 0.785398 2 2 0 0 0 0 3 0 0 -1 
3 4 0 0 0.785398 0 0 0.785398 2 2 0 0 0 0 3 2 2 -1 
3 4 0 0 1.5708 0 0 0.785398 1 1 -7.45924e-07 4.61902e-07 0 0 0 0 0 -1 
3 4 0 0 1.5708 0 0 0.785398 1 1 -2.11079e-06 4.69853e-06 0 0 0 2 2 -1 
3 4 0 0 1.5708 0 0 0.785398 2 2 0 0 0 0 1 1 1 -1 
3 4 0 0 1.5708 0 0 0.785398 2 2 0 0 0 0 1 3 3 -1 
3 4 0 0 1.5708 0 0 0.785398 1 1 5.52694e-07 1.3835e-06 0 0 2 1 1 -1 
3 4 0 0 1.5708 0 0 0.785398 1 1 1.26768e-05 1.40679e-05 0 0 2 3 3 -1 
3 4 0 0 1.5708 0 0 0.785398 2 2 0 0 0 0 3 0 0 -1 
3 4 0 0 1.5708 0 0 0.785398 2 2 0 0 0 0 3 2 2 -1 
3 4 0 0 2.35619 0 0 0.785398 1 1 -8.70378e-07 4.61926e-07 0 0 0 0 0 -1 
3 4 0 0 2.35619 0 0 0.785398 1 1 1.0352e-07 4.69721e-06 0 0 0 2 2 -1 
3 4 0 0 2.35619 0 0 0.785398 2 2 0 0 0 0 1 1 1 -1 
3 4 0 0 2.35619 0 0 0.785398 2 2 0 0 0 0 1 3 3 -1 
3 4 0 0 2.35619 0 0 0.785398 1 1 -7.97045e-07 1.38649e-06 0 0 2 1 1 -1 
3 4 0 0 2.35619 0 0 0.785398 1 1 -1.45353e-05 1.40724e-05 0 0 2 3 3 -1 
3 4 0 0 2.35619 0 0 0.785398 2 2 0 0 0 0 3 0 0 -1 
3 4 0 0 2.35619 0 0 0.785398 2 2 0 0 0 0 3 2 2 -1 
3 4 0 0 3.14159 0 0 0.785398 1 1 -2.68252e-07 4.62049e-07 0 0 0 0 0 -1 
3 4 0 0 3.14159 0 0 0.785398 1 1 4.42691e-06 4.69537e-06 0 0 0 2 2 -1 
3 4 0 0 3.14159 0 0 0.785398 2 2 0 0 0 0 1 1 1 -1 
3 4 0 0 3.14159 0 0 0.785398 2 2 0 0 0 0 1 3 3 -1 
3 4 0 0 3.14159 0 0 0.785398 1 1 1.19842e-07 1.38467e-06 0 0 2 1 1 -1 
3 4 0 0 3.14159 0 0 0.785398 1 1 -6.79082e-06 1.40696e-05 0 0 2 3 3 -1 
3 4 0 0 3.14159 0 0 0.785398 2 2 0 0 0 0 3 0 0 -1 
3 4 0 0 3.14159 0 0 0.785398 2 2 0 0 0 0 3 2 2 -1 
3 4 0 0 3.14159 0.785398 0 0.785398 1 1 5.88349e-07 4.61502e-07 0 0 0 0 0 -1 
3 4 0 0 3.14159 0.785398 0 0.785398 1 1 -4.12903e-06 4.69825e-06 0 0 0 2 2 -1 
3 4 0 0 3.14159 0.785398 0 0.785398 2 2 0 0 0 0 1 1 1 -1 
3 4 0 0 3.14159 0.785398 0 0.785398 2 2 0 0 0 0 1 3 3 -1 
3 4 0 0 3.14159 0.785398 0 0.785398 1 1 -3.91147e-07 1.38483e-06 0 0 2 1 1 -1 
3 4 0 0 3.14159 0.785398 0 0.785398 1 1 5.7319e-06 1.40691e-05 0 0 2 3 3 -1 
3 4 0 0 3.14159 0.785398 0 0.785398 2 2 0 0 0 0 3 0 0 -1 
3 4 0 0 3.14159 0.785398 0 0.785398 2 2 0 0 0 0 3 2 2 -1 
3 4 0 0 3.14159 1.5708 0 0.785398 1 1 3.62796e-07 4.61621e-07 0 0 0 0 0 -1 
3 4 0 0 3.14159 1.5708 0 0.785398 1 1 -4.96798e-06 4.69225e-06 0 0 0 2 2 -1 
3 4 0 0 3.14159 1.5708 0 0.785398 2 2 0 0 0 0 1 1 1 -1 
3 4 0 0 3.14159 1.5708 0 0.785398 2 2 0 0 0 0 1 3 3 -1 
3 4 0 0 3.14159 1.5708 0 0.785398 1 1 -1.58309e-06 1.38434e-06 0 0 2 1 1 -1 
3 4 0 0 3.14159 1.5708 0 0.785398 1 1 1.15946e-05 1.4065e-05 0 0 2 3 3 -1 
3 4 0 0 3.14159 1.5708 0 0.785398 2 2 0 0 0 0 3 0 0 -1 
3 4 0 0 3.14159 1.5708 0 0.785398 2 2 0 0 0 0 3 2 2 -1 
3 4 0 0 3.14159 2.35619 0 0.785398 1 1 -1.92708e-07 4.61608e-07 0 0 0 0 0 -1 
3 4 0 0 3.14159 2.35619 0 0.785398 1 1 3.14269e-07 4.69255e-06 0 0 0 2 2 -1 
3 4 0 0 3.14159 2.35619 0 0.785398 2 2 0 0 0 0 1 1 1 -1 
3 4 0 0 3.14159 2.35619 0 0.785398 2 2 0 0 0 0 1 3 3 -1 
3 4 0 0 3.14159 2.35619 0 0.785398 1 1 6.38646e-08 1.38499e-06 0 0 2 1 1 -1 
3 4 0 0 3.14159 2.35619 0 0.785398 1 1 -1.62566e-05 1.40735e-05 0 0 2 3 3 -1 
3 4 0 0 3.14159 2.35619 0 0.785398 2 2 0 0 0 0 3 0 0 -1 
3 4 0 0 3.14159 2.35619 0 0.785398 2 2 0 0 0 0 3 2 2 -1 
3 4 0 0 3.14159 3.14159 0 0.785398 1 1 5.50233e-07 4.61827e-07 0 0 0 0 0 -1 
3 4 0 0 3.14159 3.14159 0 0.785398 1 1 -7.09977e-06 4.69373e-06 0 0 0 2 2 -1 
3 4 0 0 3.14159 3.14159 0 0.785398 2 2 0 0 0 0 1 1 1 -1 
3 4 0 0 3.14159 3.14159 0 0.785398 2 2 0 0 0 0 1 3 3 -1 
3 4 0 0 3.14159 3.14159 0 0.785398 1 1 5.57644e-07 1.38303e-06 0 0 2 1 1 -1 
3 4 0 0 3.14159 3.14159 0 0.785398 1 1 1.50748e-05 1.40813e-05 0 0 2 3 3 -1 
3 4 0 0 3.14159 3.14159 0 0.785398 2 2 0 0 0 0 3 0 0 -1 
3 4 0 0 3.14159 3.14159 0 0.785398 2 2 0 0 0 0 3 2 2 -1 
3 4 0 0 2.35619 2.35619 0 0.785398 1 1 8.38743e-08 4.61465e-07 0 0 0 0 0 -1 
3 4 0 0 2.35619 2.35619 0 0.785398 1 1 -4.57818e-06 4.69172e-06 0 0 0 2 2 -1 
3 4 0 0 2.35619 2.35619 0 0.785398 2 2 0 0 0 0 1 1 1 -1 
3 4 0 0 2.35619 2.35619 0 0.785398 2 2 0 0 0 0 1 3 3 -1 
3 4 0 0 2.35619 2.35619 0 0.785398 1 1 2.14915e-06 1.38246e-06 0 0 2 1 1 -1 
3 4 0 0 2.35619 2.35619 0 0.785398 1 1 -2.50067e-05 1.40898e-05 0 0 2 3 3 -1 
3 4 0 0 2.35619 2.35619 0 0.785398 2 2 0 0 0 0 3 0 0 -1 
3 4 0 0 2.35619 2.35619 0 0.785398 2 2 0 0 0 0 3 2 2 -1 
3 4 0 0 1.5708 1.5708 0 0.785398 1 1 7.07672e-08 4.60632e-07 0 0 0 0 0 -1 
3 4 0 0 1.5708 1.5708 0 0.785398 1 1 3.33245e-06 4.69543e-06 0 0 0 2 2 -1 
3 4 0 0 1.5708 1.5708 0 0.785398 2 2 0 0 0 0 1 1 1 -1 
3 4 0 0 1.5708 1.5708 0 0.785398 2 2 0 0 0 0 1 3 3 -1 
3 4 0 0 1.5708 1.5708 0 0.785398 1 1 -1.11069e-07 1.38538e-06 0 0 2 1 1 -1 
3 4 0 0 1.5708 1.5708 0 0.785398 1 1 -9.01175e-06 1.40756e-05 0 0 2 3 3 -1 
3 4 0 0 1.5708 1.5708 0 0.785398 2 2 0 0 0 0 3 0 0 -1 
3 4 0 0 1.5708 1.5708 0 0.785398 2 2 0 0 0 0 3 2 2 -1 
3 4 0 0 0.785398 0.785398 0 0.785398 1 1 8.20944e-08 4.6174e-07 0 0 0 0 0 -1 
3 4 0 0 0.785398 0.785398 0 0.785398 1 1 2.20328e-06 4.69154e-06 0 0 0 2 2 -1 
3 4 0 0 0.785398 0.785398 0 0.785398 2 2 0 0 0 0 1 1 1 -1 
3 4 0 0 0.785398 0.785398 0 0.785398 2 2 0 0 0 0 1 3 3 -1 
3 4 0 0 0.785398 0.785398 0 0.785398 1 1 -1.15553e-06 1.38524e-06 0 0 2 1 1 -1 
3 4 0 0 0.785398 0.785398 0 0.785398 1 1 1.78563e-06 1.40806e-05 0 0 2 3 3 -1 
3 4 0 0 0.785398 0.785398 0 0.785398 2 2 0 0 0 0 3 0 0 -1 
3 4 0 0 0.785398 0.785398 0 0.785398 2 2 0 0 0 0 3 2 2 -1 
3 4 0 0 0 0 0 0.785398 1 1 6.48877e-05 5.16949e-08 0 0 0 0 0 -1 
3 4 0 0 0 0 0 0.785398 2 2 0 0 0 0 1 1 1 -1 
3 4 0 0 0 0 0 0.785398 1 1 0.000813661 4.94753e-07 0 0 2 0 3 -1 
3 4 0 0 0 0 0 0.785398 2 2 0 0 0 0 3 1 2 -1 
3 4 0 0 0.785398 0 0 0.785398 1 1 5.54077e-05 1.26298e-07 0 0 0 0 0 -1 
3 4 0 0 0.785398 0 0 0.785398 2 2 0 0 0 0 1 1 1 -1 
3 4 0 0 0.785398 0 0 0.785398 1 1 0.000692692 1.27578e-06 0 0 2 0 3 -1 
3 4 0 0 0.785398 0 0 0.785398 2 2 0 0 0 0 3 1 2 -1 
3 4 0 0 1.5708 0 0 0.785398 1 1 3.28007e-05 2.3078e-07 0 0 0 0 0 -1 
3 4 0 0 1.5708 0 0 0.785398 2 2 0 0 0 0 1 1 1 -1 
3 4 0 0 1.5708 0 0 0.785398 1 1 0.00040414 2.34741e-06 0 0 2 0 3 -1 
3 4 0 0 1.5708 0 0 0.785398 2 2 0 0 0 0 3 1 2 -1 
3 4 0 0 2.35619 0 0 0.785398 1 1 9.5049e-06 3.12931e-07 0 0 0 0 0 -1 
3 4 0 0 2.35619 0 0 0.785398 2 2 0 0 0 0 1 1 1 -1 
3 4 0 0 2.35619 0 0 0.785398 1 1 0.000121784 3.17702e-06 0 0 2 0 3 -1 
3 4 0 0 2.35619 0 0 0.785398 2 2 0 0 0 0 3 1 2 -1 
3 4 0 0 3.14159 0 0 0.785398 1 1 1.48273e-08 3.45428e-07 0 0 0 0 0 -1 
3 4 0 0 3.14159 0 0 0.785398 2 2 0 0 0 0 1 1 1 -1 
3 4 0 0 3.14159 0 0 0.785398 1 1 7.64847e-07 3.4979e-06 0 0 2 0 3 -1 
3 4 0 0 3.14159 0 0 0.785398 2 2 0 0 0 0 3 1 2 -1 
3 4 0 0 3.14159 0.785398 0 0.785398 1 1 -9.36745e-06 3.12989e-07 0 0 0 0 0 -1 
3 4 0 0 3.14159 0.785398 0 0.785398 2 2 0 0 0 0 1 1 1 -1 
3 4 0 0 3.14159 0.785398 0 0.785398 1 1 -0.000116734 3.17838e-06 0 0 2 0 3 -1 
3 4 0 0 3.14159 0.785398 0 0.785398 2 2 0 0 0 0 3 1 2 -1 
3 4 0 0 3.14159 1.5708 0 0.785398 1 1 -3.24419e-05 2.3081e-07 0 0 0 0 0 -1 
3 4 0 0 3.14159 1.5708 0 0.785398 2 2 0 0 0 0 1 1 1 -1 
3 4 0 0 3.14159 1.5708 0 0.785398 1 1 -0.000407468 2.34502e-06 0 0 2 0 3 -1 
3 4 0 0 3.14159 1.5708 0 0.785398 2 2 0 0 0 0 3 1 2 -1 
3 4 0 0 3.14159 2.35619 0 0.785398 1 1 -5.52766e-05 1.26176e-07 0 0 0 0 0 -1 
3 4 0 0 3.14159 2.35619 0 0.785398 2 2 0 0 0 0 1 1 1 -1 
3 4 0 0 3.14159 2.35619 0 0.785398 1 1 -0.000694157 1.27497e-06 0 0 2 0 3 -1 
3 4 0 0 3.14159 2.35619 0 0.785398 2 2 0 0 0 0 3 1 2 -1 
3 4 0 0 3.14159 3.14159 0 0.785398 1 1 -6.48831e-05 5.29532e-08 0 0 0 0 0 -1 
3 4 0 0 3.14159 3.14159 0 0.785398 2 2 0 0 0 0 1 1 1 -1 
3 4 0 0 3.14159 3.14159 0 0.785398 1 1 -0.000812714 4.94133e-07 0 0 2 0 3 -1 
3 4 0 0 3.14159 3.14159 0 0.785398 2 2 0 0 0 0 3 1 2 -1 
3 4 0 0 2.35619 2.35619 0 0.785398 1 1 -4.6051e-05 1.555e-07 0 0 0 0 0 -1 
3 4 0 0 2.35619 2.35619 0 0.785398 2 2 0 0 0 0 1 1 1 -1 
3 4 0 0 2.35619 2.35619 0 0.785398 1 1 -0.000576897 1.58228e-06 0 0 2 0 3 -1 
3 4 0 0 2.35619 2.35619 0 0.785398 2 2 0 0 0 0 3 1 2 -1 
3 4 0 0 1.5708 1.5708 0 0.785398 1 1 -9.53567e-08 2.13365e-07 0 0 0 0 0 -1 
3 4 0 0 1.5708 1.5708 0 0.785398 2 2 0 0 0 0 1 1 1 -1 
3 4 0 0 1.5708 1.5708 0 0.785398 1 1 -2.46043e-06 2.17756e-06 0 0 2 0 3 -1 
3 4 0 0 1.5708 1.5708 0 0.785398 2 2 0 0 0 0 3 1 2 -1 
3 4 0 0 0.785398 0.785398 0 0.785398 1 1 4.57402e-05 1.68463e-07 0 0 0 0 0 -1 
3 4 0 0 0.785398 0.785398 0 0.785398 2 2 0 0 0 0 1 1 1 -1 
3 4 0 0 0.785398 0.785398 0 0.785398 1 1 0.000576777 1.58182e-06 0 0 2 0 3 -1 
3 4 0 0 0.785398 0.785398 0 0.785398 2 2 0 0 0 0 3 1 2 -1 
3 4 0 0 0 0 0 0.785398 1 1 2.04807e-07 3.36905e-07 0 0 0 0 0 -1 
3 4 0 0 0 0 0 0.785398 2 2 0 0 0 0 1 1 1 -1 
3 4 0 0 0 0 0 0.785398 1 1 -1.2556e-06 1.00999e-06 0 0 2 1 1 -1 
3 4 0 0 0 0 0 0.785398 2 2 0 0 0 0 3 0 0 -1 
3 4 0 0 0.785398 0 0 0.785398 1 1 1.33136e-07 3.36954e-07 0 0 0 0 0 -1 
3 4 0 0 0.785398 0 0 0.785398 2 2 0 0 0 0 1 1 1 -1 
3 4 0 0 0.785398 0 0 0.785398 1 1 5.65861e-07 1.0091e-06 0 0 2 1 1 -1 
3 4 0 0 0.785398 0 0 0.785398 2 2 0 0 0 0 3 0 0 -1 
3 4 0 0 1.5708 0 0 0.785398 1 1 -2.24672e-07 3.368e-07 0 0 0 0 0 -1 
3 4 0 0 1.5708 0 0 0.785398 2 2 0 0 0 0 1 1 1 -1 
3 4 0 0 1.5708 0 0 0.785398 1 1 1.8725e-06 1.01185e-06 0 0 2 1 1 -1 
3 4 0 0 1.5708 0 0 0.785398 2 2 0 0 0 0 3 0 0 -1 
3 4 0 0 2.35619 0 0 0.785398 1 1 2.89293e-07 3.36865e-07 0 0 0 0 0 -1 
3 4 0 0 2.35619 0 0 0.785398 2 2 0 0 0 0 1 1 1 -1 
3 4 0 0 2.35619 0 0 0.785398 1 1 -4.79893e-08 1.00999e-06 0 0 2 1 1 -1 
3 4 0 0 2.35619 0 0 0.785398 2 2 0 0 0 0 3 0 0 -1 
3 4 0 0 3.14159 0 0 0.785398 1 1 6.15976e-07 3.36663e-07 0 0 0 0 0 -1 
3 4 0 0 3.14159 0 0 0.785398 2 2 0 0 0 0 1 1 1 -1 
3 4 0 0 3.14159 0 0 0.785398 1 1 3.68758e-07 1.01103e-06 0 0 2 1 1 -1 
3 4 0 0 3.14159 0 0 0.785398 2 2 0 0 0 0 3 0 0 -1 
3 4 0 0 3.14159 0.785398 0 0.785398 1 1 -7.1683e-07 3.36876e-07 0 0 0 0 0 -1 
3 4 0 0 3.14159 0.785398 0 0.785398 2 2 0 0 0 0 1 1 1 -1 
3 4 0 0 3.14159 0.785398 0 0.785398 1 1 9.29372e-07 1.01044e-06 0 0 2 1 1 -1 
3 4 0 0 3.14159 0.785398 0 0.785398 2 2 0 0 0 0 3 0 0 -1 
3 4 0 0 3.14159 1.5708 0 0.785398 1 1 -7.33583e-07 3.36665e-07 0 0 0 0 0 -1 
3 4 0 0 3.14159 1.5708 0 0.785398 2 2 0 0 0 0 1 1 1 -1 
3 4 0 0 3.14159 1.5708 0 0.785398 1 1 6.84052e-07 1.0102e-06 0 0 2 1 1 -1 
3 4 0 0 3.14159 1.5708 0 0.785398 2 2 0 0 0 0 3 0 0 -1 
3 4 0 0 3.14159 2.35619 0 0.785398 1 1 -1.36338e-07 3.36813e-07 0 0 0 0 0 -1 
3 4 0 0 3.14159 2.35619 0 0.785398 2 2 0 0 0 0 1 1 1 -1 
3 4 0 0 3.14159 2.35619 0 0.785398 1 1 2.16967e-06 1.01007e-06 0 0 2 1 1 -1 
3 4 0 0 3.14159 2.35619 0 0.785398 2 2 0 0 0 0 3 0 0 -1 
3 4 0 0 3.14159 3.14159 0 0.785398 1 1 -1.56635e-07 3.36625e-07 0 0 0 0 0 -1 
3 4 0 0 3.14159 3.14159 0 0.785398 2 2 0 0 0 0 1 1 1 -1 
3 4 0 0 3.14159 3.14159 0 0.785398 1 1 -1.41501e-06 1.0094e-06 0 0 2 1 1 -1 
3 4 0 0 3.14159 3.14159 0 0.785398 2 2 0 0 0 0 3 0 0 -1 
3 4 0 0 2.35619 2.35619 0 0.785398 1 1 -5.44478e-07 3.36542e-07 0 0 0 0 0 -1 
3 4 0 0 2.35619 2.35619 0 0.785398 2 2 0 0 0 0 1 1 1 -1 
3 4 0 0 2.35619 2.35619 0 0.785398 1 1 -3.11309e-07 1.01092e-06 0 0 2 1 1 -1 
3 4 0 0 2.35619 2.35619 0 0.785398 2 2 0 0 0 0 3 0 0 -1 
3 4 0 0 1.5708 1.5708 0 0.785398 1 1 1.19556e-07 3.36668e-07 0 0 0 0 0 -1 
3 4 0 0 1.5708 1.5708 0 0.785398 2 2 0 0 0 0 1 1 1 -1 
3 4 0 0 1.5708 1.5708 0 0.785398 1 1 -7.40368e-07 1.01226e-06 0 0 2 1 1 -1 
3 4 0 0 1.5708 1.5708 0 0.785398 2 2 0 0 0 0 3 0 0 -1 
3 4 0 0 0.785398 0.785398 0 0.785398 1 1 -6.60054e-07 3.36519e-07 0 0 0 0 0 -1 
3 4 0 0 0.785398 0.785398 0 0.785398 2 2 0 0 0 0 1 1 1 -1 
3 4 0 0 0.785398 0.785398 0 0.785398 1 1 -6.34122e-07 1.01017e-06 0 0 2 1 1 -1 
3 4 0 0 0.785398 0.785398 0 0.785398 2 2 0 0 0 0 3 0 0 -1 
3 4 0 0 0 0 0 0.785398 1 1 -6.07258e-06 3.77824e-08 0 0 0 0 0 -1 
3 4 0 0 0 0 0 0.785398 2 2 0 0 0 0 1 1 1 -1 
3 4 0 0 0.785398 0 0 0.785398 1 1 -5.26277e-06 9.03146e-08 0 0 0 0 0 -1 
3 4 0 0 0.785398 0 0 0.785398 2 2 0 0 0 0 1 1 1 -1 
3 4 0 0 1.5708 0 0 0.785398 1 1 -2.86285e-06 1.68535e-07 0 0 0 0 0 -1 
3 4 0 0 1.5708 0 0 0.785398 2 2 0 0 0 0 1 1 1 -1 
3 4 0 0 2.35619 0 0 0.785398 1 1 -7.57781e-07 2.3301e-07 0 0 0 0 0 -1 
3 4 0 0 2.35619 0 0 0.785398 2 2 0 0 0 0 1 1 1 -1 
3 4 0 0 3.14159 0 0 0.785398 1 1 1.05084e-07 2.58199e-07 0 0 0 0 0 -1 
3 4 0 0 3.14159 0 0 0.785398 2 2 0 0 0 0 1 1 1 -1 
3 4 0 0 3.14159 0.785398 0 0.785398 1 1 8.89069e-07 2.32764e-07 0 0 0 0 0 -1 
3 4 0 0 3.14159 0.785398 0 0.785398 2 2 0 0 0 0 1 1 1 -1 
3 4 0 0 3.14159 1.5708 0 0.785398 1 1 3.0891e-06 1.68e-07 0 0 0 0 0 -1 
3 4 0 0 3.14159 1.5708 0 0.785398 2 2 0 0 0 0 1 1 1 -1 
3 4 0 0 3.14159 2.35619 0 0.785398 1 1 5.38092e-06 9.02039e-08 0 0 0 0 0 -1 
3 4 0 0 3.14159 2.35619 0 0.785398 2 2 0 0 0 0 1 1 1 -1 
3 4 0 0 3.14159 3.14159 0 0.785398 1 1 6.04019e-06 4.08671e-08 0 0 0 0 0 -1 
3 4 0 0 3.14159 3.14159 0 0.785398 2 2 0 0 0 0 1 1 1 -1 
3 4 0 0 2.35619 2.35619 0 0.785398 1 1 4.26609e-06 1.10215e-07 0 0 0 0 0 -1 
3 4 0 0 2.35619 2.35619 0 0.785398 2 2 0 0 0 0 1 1 1 -1 
3 4 0 0 1.5708 1.5708 0 0.785398 1 1 2.35116e-08 1.5011e-07 0 0 0 0 0 -1 
3 4 0 0 1.5708 1.5708 0 0.785398 2 2 0 0 0 0 1 1 1 -1 
3 4 0 0 0.785398 0.785398 0 0.785398 1 1 -4.34009e-06 1.09916e-07 0 0 0 0 0 -1 
3 4 0 0 0.785398 0.785398 0 0.785398 2 2 0 0 0 0 1 1 1 -1 
3 4 0 0 0 0 0 0.785398 1 1 1.05638e-07 1.44802e-06 0 0 0 0 0 -1 
3 4 0 0 0 0 0 0.785398 1 1 -6.8376e-06 4.34584e-06 0 0 0 2 1 -1 
3 4 0 0 0 0 0 0.785398 2 2 0 0 0 0 1 1 1 -1 
3 4 0 0 0 0 0 0.785398 2 2 0 0 0 0 1 3 0 -1 
3 4 0 0 0 0 0 0.785398 1 1 3.36667e-06 4.34618e-06 0 0 2 1 1 -1 
3 4 0 0 0 0 0 0.785398 1 1 -1.6074e-05 1.30439e-05 0 0 2 3 0 -1 
3 4 0 0 0 0 0 0.785398 2 2 0 0 0 0 3 0 0 -1 
3 4 0 0 0 0 0 0.785398 2 2 0 0 0 0 3 2 1 -1 
3 4 0 0 0.785398 0 0 0.785398 1 1 -1.75414e-06 1.44567e-06 0 0 0 0 0 -1 
3 4 0 0 0.785398 0 0 0.785398 1 1 -4.20441e-07 4.33994e-06 0 0 0 2 1 -1 
3 4 0 0 0.785398 0 0 0.785398 2 2 0 0 0 0 1 1 1 -1 
3 4 0 0 0.785398 0 0 0.785398 2 2 0 0 0 0 1 3 0 -1 
3 4 0 0 0.785398 0 0 0.785398 1 1 -3.87784e-06 4.3399e-06 0 0 2 1 1 -1 
3 4 0 0 0.785398 0 0 0.785398 1 1 -4.93082e-06 1.3018e-05 0 0 2 3 0 -1 
3 4 0 0 0.785398 0 0 0.785398 2 2 0 0 0 0 3 0 0 -1 
3 4 0 0 0.785398 0 0 0.785398 2 2 0 0 0 0 3 2 1 -1 
3 4 0 0 1.5708 0 0 0.785398 1 1 -6.84011e-07 1.44719e-06 0 0 0 0 0 -1 
3 4 0 0 1.5708 0 0 0.785398 1 1 -7.96906e-07 4.34854e-06 0 0 0 2 1 -1 
3 4 0 0 1.5708 0 0 0.785398 2 2 0 0 0 0 1 1 1 -1 
3 4 0 0 1.5708 0 0 0.785398 2 2 0 0 0 0 1 3 0 -1 
3 4 0 0 1.5708 0 0 0.785398 1 1 1.69807e-06 4.34521e-06 0 0 2 1 1 -1 
3 4 0 0 1.5708 0 0 0.785398 1 1 1.27603e-05 1.30482e-05 0 0 2 3 0 -1 
3 4 0 0 1.5708 0 0 0.785398 2 2 0 0 0 0 3 0 0 -1 
3 4 0 0 1.5708 0 0 0.785398 2 2 0 0 0 0 3 2 1 -1 
3 4 0 0 2.35619 0 0 0.785398 1 1 -6.65825e-07 1.44828e-06 0 0 0 0 0 -1 
3 4 0 0 2.35619 0 0 0.785398 1 1 -1.10432e-06 4.33479e-06 0 0 0 2 1 -1 
3 4 0 0 2.35619 0 0 0.785398 2 2 0 0 0 0 1 1 1 -1 
3 4 0 0 2.35619 0 0 0.785398 2 2 0 0 0 0 1 3 0 -1 
3 4 0 0 2.35619 0 0 0.785398 1 1 -1.165e-06 4.34682e-06 0 0 2 1 1 -1 
3 4 0 0 2.35619 0 0 0.785398 1 1 -6.01323e-06 1.3024e-05 0 0 2 3 0 -1 
3 4 0 0 2.35619 0 0 0.785398 2 2 0 0 0 0 3 0 0 -1 
3 4 0 0 2.35619 0 0 0.785398 2 2 0 0 0 0 3 2 1 -1 
3 4 0 0 3.14159 0 0 0.785398 1 1 1.14204e-06 1.44739e-06 0 0 0 0 0 -1 
3 4 0 0 3.14159 0 0 0.785398 1 1 -3.92707e-06 4.34935e-06 0 0 0 2 1 -1 
3 4 0 0 3.14159 0 0 0.785398 2 2 0 0 0 0 1 1 1 -1 
3 4 0 0 3.14159 0 0 0.785398 2 2 0 0 0 0 1 3 0 -1 
3 4 0 0 3.14159 0 0 0.785398 1 1 1.56178e-06 4.34554e-06 0 0 2 1 1 -1 
3 4 0 0 3.14159 0 0 0.785398 1 1 -1.82596e-05 1.30199e-05 0 0 2 3 0 -1 
3 4 0 0 3.14159 0 0 0.785398 2 2 0 0 0 0 3 0 0 -1 
3 4 0 0 3.14159 0 0 0.785398 2 2 0 0 0 0 3 2 1 -1 
3 4 0 0 3.14159 0.785398 0 0.785398 1 1 1.0535e-06 1.44631e-06 0 0 0 0 0 -1 
3 4 0 0 3.14159 0.785398 0 0.785398 1 1 6.85082e-06 4.34316e-06 0 0 0 2 1 -1 
3 4 0 0 3.14159 0.785398 0 0.785398 2 2 0 0 0 0 1 1 1 -1 
3 4 0 0 3.14159 0.785398 0 0.785398 2 2 0 0 0 0 1 3 0 -1 
3 4 0 0 3.14159 0.785398 0 0.785398 1 1 6.32541e-07 4.3452e-06 0 0 2 1 1 -1 
3 4 0 0 3.14159 0.785398 0 0.785398 1 1 1.56407e-05 1.30206e-05 0 0 2 3 0 -1 
3 4 0 0 3.14159 0.785398 0 0.785398 2 2 0 0 0 0 3 0 0 -1 
3 4 0 0 3.14159 0.785398 0 0.785398 2 2 0 0 0 0 3 2 1 -1 
3 4 0 0 3.14159 1.5708 0 0.785398 1 1 -1.46889e-06 1.44694e-06 0 0 0 0 0 -1 
3 4 0 0 3.14159 1.5708 0 0.785398 1 1 9.16317e-07 4.34438e-06 0 0 0 2 1 -1 
3 4 0 0 3.14159 1.5708 0 0.785398 2 2 0 0 0 0 1 1 1 -1 
3 4 0 0 3.14159 1.5708 0 0.785398 2 2 0 0 0 0 1 3 0 -1 
3 4 0 0 3.14159 1.5708 0 0.785398 1 1 -4.58626e-06 4.34088e-06 0 0 2 1 1 -1 
3 4 0 0 3.14159 1.5708 0 0.785398 1 1 -2.27752e-06 1.3018e-05 0 0 2 3 0 -1 
3 4 0 0 3.14159 1.5708 0 0.785398 2 2 0 0 0 0 3 0 0 -1 
3 4 0 0 3.14159 1.5708 0 0.785398 2 2 0 0 0 0 3 2 1 -1 
3 4 0 0 3.14159 2.35619 0 0.785398 1 1 2.25468e-07 1.447e-06 0 0 0 0 0 -1 
3 4 0 0 3.14159 2.35619 0 0.785398 1 1 -3.51982e-06 4.34471e-06 0 0 0 2 1 -1 
3 4 0 0 3.14159 2.35619 0 0.785398 2 2 0 0 0 0 1 1 1 -1 
3 4 0 0 3.14159 2.35619 0 0.785398 2 2 0 0 0 0 1 3 0 -1 
3 4 0 0 3.14159 2.35619 0 0.785398 1 1 3.04264e-06 4.33388e-06 0 0 2 1 1 -1 
3 4 0 0 3.14159 2.35619 0 0.785398 1 1 1.19809e-05 1.30235e-05 0 0 2 3 0 -1 
3 4 0 0 3.14159 2.35619 0 0.785398 2 2 0 0 0 0 3 0 0 -1 
3 4 0 0 3.14159 2.35619 0 0.785398 2 2 0 0 0 0 3 2 1 -1 
3 4 0 0 3.14159 3.14159 0 0.785398 1 1 1.53244e-06 1.4463e-06 0 0 0 0 0 -1 
3 4 0 0 3.14159 3.14159 0 0.785398 1 1 -4.46262e-07 4.34486e-06 0 0 0 2 1 -1 
3 4 0 0 3.14159 3.14159 0 0.785398 2 2 0 0 0 0 1 1 1 -1 
3 4 0 0 3.14159 3.14159 0 0.785398 2 2 0 0 0 0 1 3 0 -1 
3 4 0 0 3.14159 3.14159 0 0.785398 1 1 2.40144e-07 4.34288e-06 0 0 2 1 1 -1 
3 4 0 0 3.14159 3.14159 0 0.785398 1 1 1.07551e-05 1.30428e-05 0 0 2 3 0 -1 
3 4 0 0 3.14159 3.14159 0 0.785398 2 2 0 0 0 0 3 0 0 -1 
3 4 0 0 3.14159 3.14159 0 0.785398 2 2 0 0 0 0 3 2 1 -1 
3 4 0 0 2.35619 2.35619 0 0.785398 1 1 -5.68236e-07 1.44717e-06 0 0 0 0 0 -1 
3 4 0 0 2.35619 2.35619 0 0.785398 1 1 -5.30958e-07 4.34645e-06 0 0 0 2 1 -1 
3 4 0 0 2.35619 2.35619 0 0.785398 2 2 0 0 0 0 1 1 1 -1 
3 4 0 0 2.35619 2.35619 0 0.785398 2 2 0 0 0 0 1 3 0 -1 
3 4 0 0 2.35619 2.35619 0 0.785398 1 1 5.98634e-06 4.34545e-06 0 0 2 1 1 -1 
3 4 0 0 2.35619 2.35619 0 0.785398 1 1 -1.9235e-06 1.30137e-05 0 0 2 3 0 -1 
3 4 0 0 2.35619 2.35619 0 0.785398 2 2 0 0 0 0 3 0 0 -1 
3 4 0 0 2.35619 2.35619 0 0.785398 2 2 0 0 0 0 3 2 1 -1 
3 4 0 0 1.5708 1.5708 0 0.785398 1 1 -1.79695e-07 1.45097e-06 0 0 0 0 0 -1 
3 4 0 0 1.5708 1.5708 0 0.785398 1 1 7.78513e-07 4.34067e-06 0 0 0 2 1 -1 
3 4 0 0 1.5708 1.5708 0 0.785398 2 2 0 0 0 0 1 1 1 -1 
3 4 0 0 1.5708 1.5708 0 0.785398 2 2 0 0 0 0 1 3 0 -1 
3 4 0 0 1.5708 1.5708 0 0.785398 1 1 1.27748e-06 4.34412e-06 0 0 2 1 1 -1 
3 4 0 0 1.5708 1.5708 0 0.785398 1 1 1.13531e-05 1.3034e-05 0 0 2 3 0 -1 
3 4 0 0 1.5708 1.5708 0 0.785398 2 2 0 0 0 0 3 0 0 -1 
3 4 0 0 1.5708 1.5708 0 0.785398 2 2 0 0 0 0 3 2 1 -1 
3 4 0 0 0.785398 0.785398 0 0.785398 1 1 -8.47974e-08 1.44528e-06 0 0 0 0 0 -1 
3 4 0 0 0.785398 0.785398 0 0.785398 1 1 -3.27355e-06 4.33638e-06 0 0 0 2 1 -1 
3 4 0 0 0.785398 0.785398 0 0.785398 2 2 0 0 0 0 1 1 1 -1 
3 4 0 0 0.785398 0.785398 0 0.785398 2 2 0 0 0 0 1 3 0 -1 
3 4 0 0 0.785398 0.785398 0 0.785398 1 1 3.34365e-06 4.34162e-06 0 0 2 1 1 -1 
3 4 0 0 0.785398 0.785398 0 0.785398 1 1 2.80558e-05 1.30235e-05 0 0 2 3 0 -1 
3 4 0 0 0.785398 0.785398 0 0.785398 2 2 0 0 0 0 3 0 0 -1 
3 4 0 0 0.785398 0.785398 0 0.785398 2 2 0 0 0 0 3 2 1 -1 
3 4 0 0 0 0 0 0.785398 1 1 1.39538e-07 9.01814e-08 0 0 0 0 0 -1 
3 4 0 0 0 0 0 0.785398 2 2 0 0 0 0 1 1 1 -1 
3 4 0 0 0 0 0 0.785398 1 1 1.46383e-07 2.70341e-07 0 0 2 0 1 -1 
3 4 0 0 0 0 0 0.785398 2 2 0 0 0 0 3 1 0 -1 
3 4 0 0 0.785398 0 0 0.785398 1 1 -5.15732e-07 3.75268e-07 0 0 0 0 0 -1 
3 4 0 0 0.785398 0 0 0.785398 2 2 0 0 0 0 1 1 1 -1 
3 4 0 0 0.785398 0 0 0.785398 1 1 2.77898e-06 1.13008e-06 0 0 2 0 1 -1 
3 4 0 0 0.785398 0 0 0.785398 2 2 0 0 0 0 3 1 0 -1 
3 4 0 0 1.5708 0 0 0.785398 1 1 -1.00421e-06 7.24616e-07 0 0 0 0 0 -1 
3 4 0 0 1.5708 0 0 0.785398 2 2 0 0 0 0 1 1 1 -1 
3 4 0 0 1.5708 0 0 0.785398 1 1 -1.7236e-06 2.16866e-06 0 0 2 0 1 -1 
3 4 0 0 1.5708 0 0 0.785398 2 2 0 0 0 0 3 1 0 -1 
3 4 0 0 2.35619 0 0 0.785398 1 1 -3.9238e-07 9.91912e-07 0 0 0 0 0 -1 
3 4 0 0 2.35619 0 0 0.785398 2 2 0 0 0 0 1 1 1 -1 
3 4 0 0 2.35619 0 0 0.785398 1 1 5.29501e-07 2.98569e-06 0 0 2 0 1 -1 
3 4 0 0 2.35619 0 0 0.785398 2 2 0 0 0 0 3 1 0 -1 
3 4 0 0 3.14159 0 0 0.785398 1 1 1.80165e-07 1.09689e-06 0 0 0 0 0 -1 
3 4 0 0 3.14159 0 0 0.785398 2 2 0 0 0 0 1 1 1 -1 
3 4 0 0 3.14159 0 0 0.785398 1 1 1.40246e-06 3.29011e-06 0 0 2 0 1 -1 
3 4 0 0 3.14159 0 0 0.785398 2 2 0 0 0 0 3 1 0 -1 
3 4 0 0 3.14159 0.785398 0 0.785398 1 1 2.48357e-07 9.95021e-07 0 0 0 0 0 -1 
3 4 0 0 3.14159 0.785398 0 0.785398 2 2 0 0 0 0 1 1 1 -1 
3 4 0 0 3.14159 0.785398 0 0.785398 1 1 -7.45951e-08 2.98727e-06 0 0 2 0 1 -1 
3 4 0 0 3.14159 0.785398 0 0.785398 2 2 0 0 0 0 3 1 0 -1 
3 4 0 0 3.14159 1.5708 0 0.785398 1 1 2.4292e-07 7.24059e-07 0 0 0 0 0 -1 
3 4 0 0 3.14159 1.5708 0 0.785398 2 2 0 0 0 0 1 1 1 -1 
3 4 0 0 3.14159 1.5708 0 0.785398 1 1 1.40195e-06 2.16962e-06 0 0 2 0 1 -1 
3 4 0 0 3.14159 1.5708 0 0.785398 2 2 0 0 0 0 3 1 0 -1 
3 4 0 0 3.14159 2.35619 0 0.785398 1 1 -4.63853e-07 3.75824e-07 0 0 0 0 0 -1 
3 4 0 0 3.14159 2.35619 0 0.785398 2 2 0 0 0 0 1 1 1 -1 
3 4 0 0 3.14159 2.35619 0 0.785398 1 1 4.00193e-07 1.12852e-06 0 0 2 0 1 -1 
3 4 0 0 3.14159 2.35619 0 0.785398 2 2 0 0 0 0 3 1 0 -1 
3 4 0 0 3.14159 3.14159 0 0.785398 1 1 4.3663e-08 9.03062e-08 0 0 0 0 0 -1 
3 4 0 0 3.14159 3.14159 0 0.785398 2 2 0 0 0 0 1 1 1 -1 
3 4 0 0 3.14159 3.14159 0 0.785398 1 1 -2.98416e-07 2.70915e-07 0 0 2 0 1 -1 
3 4 0 0 3.14159 3.14159 0 0.785398 2 2 0 0 0 0 3 1 0 -1 
3 4 0 0 2.35619 2.35619 0 0.785398 1 1 2.9399e-08 4.73553e-07 0 0 0 0 0 -1 
3 4 0 0 2.35619 2.35619 0 0.785398 2 2 0 0 0 0 1 1 1 -1 
3 4 0 0 2.35619 2.35619 0 0.785398 1 1 -1.45481e-06 1.41658e-06 0 0 2 0 1 -1 
3 4 0 0 2.35619 2.35619 0 0.785398 2 2 0 0 0 0 3 1 0 -1 
3 4 0 0 1.5708 1.5708 0 0.785398 1 1 5.65954e-07 6.63502e-07 0 0 0 0 0 -1 
3 4 0 0 1.5708 1.5708 0 0.785398 2 2 0 0 0 0 1 1 1 -1 
3 4 0 0 1.5708 1.5708 0 0.785398 1 1 4.43372e-07 1.98909e-06 0 0 2 0 1 -1 
3 4 0 0 1.5708 1.5708 0 0.785398 2 2 0 0 0 0 3 1 0 -1 
3 4 0 0 0.785398 0.785398 0 0.785398 1 1 2.96331e-07 4.73052e-07 0 0 0 0 0 -1 
3 4 0 0 0.785398 0.785398 0 0.785398 2 2 0 0 0 0 1 1 1 -1 
3 4 0 0 0.785398 0.785398 0 0.785398 1 1 -3.3721e-06 1.42099e-06 0 0 2 0 1 -1 
3 4 0 0 0.785398 0.785398 0 0.785398 2 2 0 0 0 0 3 1 0 -1 
3 4 0 0 0 0 0 0.785398 1 1 7.81149e-07 9.30993e-07 0 0 0 0 0 -1 
3 4 0 0 0 0 0 0.785398 2 2 0 0 0 0 1 1 1 -1 
3 4 0 0 0 0 0 0.785398 1 1 7.70005e-07 2.79092e-06 0 0 2 1 1 -1 
3 4 0 0 0 0 0 0.785398 2 2 0 0 0 0 3 0 0 -1 
3 4 0 0 0.785398 0 0 0.785398 1 1 -1.47835e-06 9.29933e-07 0 0 0 0 0 -1 
3 4 0 0 0.785398 0 0 0.785398 2 2 0 0 0 0 1 1 1 -1 
3 4 0 0 0.785398 0 0 0.785398 1 1 1.51477e-06 2.79796e-06 0 0 2 1 1 -1 
3 4 0 0 0.785398 0 0 0.785398 2 2 0 0 0 0 3 0 0 -1 
3 4 0 0 1.5708 0 0 0.785398 1 1 -4.85865e-07 9.30597e-07 0 0 0 0 0 -1 
3 4 0 0 1.5708 0 0 0.785398 2 2 0 0 0 0 1 1 1 -1 
3 4 0 0 1.5708 0 0 0.785398 1 1 8.93291e-07 2.794e-06 0 0 2 1 1 -1 
3 4 0 0 1.5708 0 0 0.785398 2 2 0 0 0 0 3 0 0 -1 
3 4 0 0 2.35619 0 0 0.785398 1 1 7.29511e-07 9.30734e-07 0 0 0 0 0 -1 
3 4 0 0 2.35619 0 0 0.785398 2 2 0 0 0 0 1 1 1 -1 
3 4 0 0 2.35619 0 0 0.785398 1 1 -3.76955e-06 2.78646e-06 0 0 2 1 1 -1 
3 4 0 0 2.35619 0 0 0.785398 2 2 0 0 0 0 3 0 0 -1 
3 4 0 0 3.14159 0 0 0.785398 1 1 8.538e-07 9.31817e-07 0 0 0 0 0 -1 
3 4 0 0 3.14159 0 0 0.785398 2 2 0 0 0 0 1 1 1 -1 
3 4 0 0 3.14159 0 0 0.785398 1 1 5.3085e-06 2.79587e-06 0 0 2 1 1 -1 
3 4 0 0 3.14159 0 0 0.785398 2 2 0 0 0 0 3 0 0 -1 
3 4 0 0 3.14159 0.785398 0 0.785398 1 1 4.34729e-07 9.30618e-07 0 0 0 0 0 -1 
3 4 0 0 3.14159 0.785398 0 0.785398 2 2 0 0 0 0 1 1 1 -1 
3 4 0 0 3.14159 0.785398 0 0.785398 1 1 -6.22733e-07 2.79997e-06 0 0 2 1 1 -1 
3 4 0 0 3.14159 0.785398 0 0.785398 2 2 0 0 0 0 3 0 0 -1 
3 4 0 0 3.14159 1.5708 0 0.785398 1 1 -1.87555e-06 9.30538e-07 0 0 0 0 0 -1 
3 4 0 0 3.14159 1.5708 0 0.785398 2 2 0 0 0 0 1 1 1 -1 
3 4 0 0 3.14159 1.5708 0 0.785398 1 1 -5.15606e-07 2.80024e-06 0 0 2 1 1 -1 
3 4 0 0 3.14159 1.5708 0 0.785398 2 2 0 0 0 0 3 0 0 -1 
3 4 0 0 3.14159 2.35619 0 0.785398 1 1 3.37798e-07 9.29171e-07 0 0 0 0 0 -1 
3 4 0 0 3.14159 2.35619 0 0.785398 2 2 0 0 0 0 1 1 1 -1 
3 4 0 0 3.14159 2.35619 0 0.785398 1 1 -9.10545e-07 2.79605e-06 0 0 2 1 1 -1 
3 4 0 0 3.14159 2.35619 0 0.785398 2 2 0 0 0 0 3 0 0 -1 
3 4 0 0 3.14159 3.14159 0 0.785398 1 1 1.19606e-06 9.32382e-07 0 0 0 0 0 -1 
3 4 0 0 3.14159 3.14159 0 0.785398 2 2 0 0 0 0 1 1 1 -1 
3 4 0 0 3.14159 3.14159 0 0.785398 1 1 -6.04019e-08 2.79167e-06 0 0 2 1 1 -1 
3 4 0 0 3.14159 3.14159 0 0.785398 2 2 0 0 0 0 3 0 0 -1 
3 4 0 0 2.35619 2.35619 0 0.785398 1 1 4.46859e-07 9.29648e-07 0 0 0 0 0 -1 
3 4 0 0 2.35619 2.35619 0 0.785398 2 2 0 0 0 0 1 1 1 -1 
3 4 0 0 2.35619 2.35619 0 0.785398 1 1 -5.64453e-07 2.79738e-06 0 0 2 1 1 -1 
3 4 0 0 2.35619 2.35619 0 0.785398 2 2 0 0 0 0 3 0 0 -1 
3 4 0 0 1.5708 1.5708 0 0.785398 1 1 -7.83228e-07 9.31958e-07 0 0 0 0 0 -1 
3 4 0 0 1.5708 1.5708 0 0.785398 2 2 0 0 0 0 1 1 1 -1 
3 4 0 0 1.5708 1.5708 0 0.785398 1 1 5.81812e-08 2.79452e-06 0 0 2 1 1 -1 
3 4 0 0 1.5708 1.5708 0 0.785398 2 2 0 0 0 0 3 0 0 -1 
3 4 0 0 0.785398 0.785398 0 0.785398 1 1 -3.4945e-07 9.33084e-07 0 0 0 0 0 -1 
3 4 0 0 0.785398 0.785398 0 0.785398 2 2 0 0 0 0 1 1 1 -1 
3 4 0 0 0.785398 0.785398 0 0.785398 1 1 4.08389e-07 2.78984e-06 0 0 2 1 1 -1 
3 4 0 0 0.785398 0.785398 0 0.785398 2 2 0 0 0 0 3 0 0 -1 
3 4 0 0 0 0 0 0.785398 1 1 -1.32295e-07 5.4619e-08 0 0 0 0 0 -1 
3 4 0 0 0 0 0 0.785398 2 2 0 0 0 0 1 1 1 -1 
3 4 0 0 0.785398 0 0 0.785398 1 1 -1.02671e-07 2.2348e-07 0 0 0 0 0 -1 
3 4 0 0 0.785398 0 0 0.785398 2 2 0 0 0 0 1 1 1 -1 
3 4 0 0 1.5708 0 0 0.785398 1 1 2.53572e-07 4.6652e-07 0 0 0 0 0 -1 
3 4 0 0 1.5708 0 0 0.785398 2 2 0 0 0 0 1 1 1 -1 
3 4 0 0 2.35619 0 0 0.785398 1 1 -3.3454e-07 6.76e-07 0 0 0 0 0 -1 
3 4 0 0 2.35619 0 0 0.785398 2 2 0 0 0 0 1 1 1 -1 
3 4 0 0 3.14159 0 0 0.785398 1 1 -4.32354e-07 7.59544e-07 0 0 0 0 0 -1 
3 4 0 0 3.14159 0 0 0.785398 2 2 0 0 0 0 1 1 1 -1 
3 4 0 0 3.14159 0.785398 0 0.785398 1 1 -2.00295e-07 6.75835e-07 0 0 0 0 0 -1 
3 4 0 0 3.14159 0.785398 0 0.785398 2 2 0 0 0 0 1 1 1 -1 
3 4 0 0 3.14159 1.5708 0 0.785398 1 1 -1.2141e-07 4.65537e-07 0 0 0 0 0 -1 
3 4 0 0 3.14159 1.5708 0 0.785398 2 2 0 0 0 0 1 1 1 -1 
3 4 0 0 3.14159 2.35619 0 0.785398 1 1 2.22778e-07 2.25137e-07 0 0 0 0 0 -1 
3 4 0 0 3.14159 2.35619 0 0.785398 2 2 0 0 0 0 1 1 1 -1 
3 4 0 0 3.14159 3.14159 0 0.785398 1 1 7.67688e-08 5.48223e-08 0 0 0 0 0 -1 
3 4 0 0 3.14159 3.14159 0 0.785398 2 2 0 0 0 0 1 1 1 -1 
3 4 0 0 2.35619 2.35619 0 0.785398 1 1 3.65016e-08 2.70588e-07 0 0 0 0 0 -1 
3 4 0 0 2.35619 2.35619 0 0.785398 2 2 0 0 0 0 1 1 1 -1 
3 4 0 0 1.5708 1.5708 0 0.785398 1 1 -1.18054e-07 3.78106e-07 0 0 0 0 0 -1 
3 4 0 0 1.5708 1.5708 0 0.785398 2 2 0 0 0 0 1 1 1 -1 
3 4 0 0 0.785398 0.785398 0 0.785398 1 1 3.01302e-07 2.72311e-07 0 0 0 0 0 -1 
3 4 0 0 0.785398 0.785398 0 0.785398 2 2 0 0 0 0 1 1 1 -1 
3 4 0 0 0 0 0 0.785398 1 1 9.10234e-06 5.09937e-08 1.59422e-05 2.24275e-08 0 0 0 -1 
3 4 0 0 0 0 0 0.785398 2 2 0 0 0 0 1 1 1 -1 
3 4 0 0 0 0 0 0.785398 1 1 -0.000129551 2.70195e-06 0.000284729 1.19361e-06 2 0 3 -1 
3 4 0 0 0 0 0 0.785398 2 2 0 0 0 0 3 1 2 -1 
3 4 0 0 0.785398 0 0 0.785398 1 1 8.22122e-06 9.01285e-08 1.8508e-05 5.60638e-08 0 0 0 -1 
3 4 0 0 0.785398 0 0 0.785398 2 2 0 0 0 0 1 1 1 -1 
3 4 0 0 0.785398 0 0 0.785398 1 1 -0.000121516 2.85912e-06 0.000288002 1.31227e-06 2 0 3 -1 
3 4 0 0 0.785398 0 0 0.785398 2 2 0 0 0 0 3 1 2 -1 
3 4 0 0 1.5708 0 0 0.785398 1 1 4.03821e-06 2.40826e-07 2.34141e-05 1.39877e-07 0 0 0 -1 
3 4 0 0 1.5708 0 0 0.785398 2 2 0 0 0 0 1 1 1 -1 
3 4 0 0 1.5708 0 0 0.785398 1 1 -7.00174e-05 3.23968e-06 0.000307363 1.62379e-06 2 0 3 -1 
3 4 0 0 1.5708 0 0 0.785398 2 2 0 0 0 0 3 1 2 -1 
3 4 0 0 2.35619 0 0 0.785398 1 1 4.50092e-08 4.29925e-07 2.34908e-05 2.14252e-07 0 0 0 -1 
3 4 0 0 2.35619 0 0 0.785398 2 2 0 0 0 0 1 1 1 -1 
3 4 0 0 2.35619 0 0 0.785398 1 1 -2.47078e-05 3.57795e-06 0.000324516 1.94074e-06 2 0 3 -1 
3 4 0 0 2.35619 0 0 0.785398 2 2 0 0 0 0 3 1 2 -1 
3 4 0 0 3.14159 0 0 0.785398 1 1 7.78234e-08 5.24561e-07 2.09236e-05 2.16312e-07 0 0 0 -1 
3 4 0 0 3.14159 0 0 0.785398 2 2 0 0 0 0 1 1 1 -1 
3 4 0 0 3.14159 0 0 0.785398 1 1 -1.07239e-07 3.66445e-06 0.00032376 1.98565e-06 2 0 3 -1 
3 4 0 0 3.14159 0 0 0.785398 2 2 0 0 0 0 3 1 2 -1 
3 4 0 0 3.14159 0.785398 0 0.785398 1 1 -5.99797e-07 4.29194e-07 2.35329e-05 2.1452e-07 0 0 0 -1 
3 4 0 0 3.14159 0.785398 0 0.785398 2 2 0 0 0 0 1 1 1 -1 
3 4 0 0 3.14159 0.785398 0 0.785398 1 1 2.5379e-05 3.57093e-06 0.000321385 1.94514e-06 2 0 3 -1 
3 4 0 0 3.14159 0.785398 0 0.785398 2 2 0 0 0 0 3 1 2 -1 
3 4 0 0 3.14159 1.5708 0 0.785398 1 1 -4.46368e-06 2.4069e-07 2.33532e-05 1.39774e-07 0 0 0 -1 
3 4 0 0 3.14159 1.5708 0 0.785398 2 2 0 0 0 0 1 1 1 -1 
3 4 0 0 3.14159 1.5708 0 0.785398 1 1 6.73041e-05 3.23671e-06 0.00030778 1.6241e-06 2 0 3 -1 
3 4 0 0 3.14159 1.5708 0 0.785398 2 2 0 0 0 0 3 1 2 -1 
3 4 0 0 3.14159 2.35619 0 0.785398 1 1 -8.08867e-06 9.01512e-08 1.84497e-05 5.60842e-08 0 0 0 -1 
3 4 0 0 3.14159 2.35619 0 0.785398 2 2 0 0 0 0 1 1 1 -1 
3 4 0 0 3.14159 2.35619 0 0.785398 1 1 0.000112335 2.85681e-06 0.000288188 1.31477e-06 2 0 3 -1 
3 4 0 0 3.14159 2.35619 0 0.785398 2 2 0 0 0 0 3 1 2 -1 
3 4 0 0 3.14159 3.14159 0 0.785398 1 1 -9.15016e-06 5.09987e-08 1.59542e-05 2.2428e-08 0 0 0 -1 
3 4 0 0 3.14159 3.14159 0 0.785398 2 2 0 0 0 0 1 1 1 -1 
3 4 0 0 3.14159 3.14159 0 0.785398 1 1 0.000137481 2.70538e-06 0.000282913 1.19145e-06 2 0 3 -1 
3 4 0 0 3.14159 3.14159 0 0.785398 2 2 0 0 0 0 3 1 2 -1 
3 4 0 0 2.35619 2.35619 0 0.785398 1 1 -6.91214e-06 1.56636e-07 2.09714e-05 9.30643e-08 0 0 0 -1 
3 4 0 0 2.35619 2.35619 0 0.785398 2 2 0 0 0 0 1 1 1 -1 
3 4 0 0 2.35619 2.35619 0 0.785398 1 1 9.58841e-05 2.96209e-06 0.000294427 1.42936e-06 2 0 3 -1 
3 4 0 0 2.35619 2.35619 0 0.785398 2 2 0 0 0 0 3 1 2 -1 
3 4 0 0 1.5708 1.5708 0 0.785398 1 1 -8.49404e-08 3.1532e-07 2.64177e-05 1.94444e-07 0 0 0 -1 
3 4 0 0 1.5708 1.5708 0 0.785398 2 2 0 0 0 0 1 1 1 -1 
3 4 0 0 1.5708 1.5708 0 0.785398 1 1 -4.21505e-06 3.16007e-06 0.00031041 1.7447e-06 2 0 3 -1 
3 4 0 0 1.5708 1.5708 0 0.785398 2 2 0 0 0 0 3 1 2 -1 
3 4 0 0 0.785398 0.785398 0 0.785398 1 1 7.14587e-06 1.56377e-07 2.08303e-05 9.26061e-08 0 0 0 -1 
3 4 0 0 0.785398 0.785398 0 0.785398 2 2 0 0 0 0 1 1 1 -1 
3 4 0 0 0.785398 0.785398 0 0.785398 1 1 -0.000100149 2.96108e-06 0.000293344 1.4263e-06 2 0 3 -1 
3 4 0 0 0.785398 0.785398 0 0.785398 2 2 0 0 0 0 3 1 2 -1 
3 4 0 0 0 0 0 0.785398 1 1 -6.51348e-06 2.8272e-08 -3.44783e-06 9.6405e-09 0 0 0 -1 
3 4 0 0 0 0 0 0.785398 2 2 0 0 0 0 1 1 1 -1 
3 4 0 0 0.785398 0 0 0.785398 1 1 -5.60862e-06 8.47401e-08 -2.5044e-06 3.62555e-08 0 0 0 -1 
3 4 0 0 0.785398 0 0 0.785398 2 2 0 0 0 0 1 1 1 -1 
3 4 0 0 1.5708 0 0 0.785398 1 1 -3.51472e-06 1.99377e-07 -5.74417e-07 1.05486e-07 0 0 0 -1 
3 4 0 0 1.5708 0 0 0.785398 2 2 0 0 0 0 1 1 1 -1 
3 4 0 0 2.35619 0 0 0.785398 1 1 -9.83779e-07 3.25401e-07 5.29724e-07 1.7836e-07 0 0 0 -1 
3 4 0 0 2.35619 0 0 0.785398 2 2 0 0 0 0 1 1 1 -1 
3 4 0 0 3.14159 0 0 0.785398 1 1 -7.53717e-08 3.85654e-07 4.17891e-07 1.98452e-07 0 0 0 -1 
3 4 0 0 3.14159 0 0 0.785398 2 2 0 0 0 0 1 1 1 -1 
3 4 0 0 3.14159 0.785398 0 0.785398 1 1 8.50456e-07 3.25233e-07 2.65917e-07 1.77841e-07 0 0 0 -1 
3 4 0 0 3.14159 0.785398 0 0.785398 2 2 0 0 0 0 1 1 1 -1 
3 4 0 0 3.14159 1.5708 0 0.785398 1 1 3.42006e-06 1.99239e-07 -4.80317e-07 1.05694e-07 0 0 0 -1 
3 4 0 0 3.14159 1.5708 0 0.785398 2 2 0 0 0 0 1 1 1 -1 
3 4 0 0 3.14159 2.35619 0 0.785398 1 1 5.62291e-06 8.46488e-08 -2.42203e-06 3.62369e-08 0 0 0 -1 
3 4 0 0 3.14159 2.35619 0 0.785398 2 2 0 0 0 0 1 1 1 -1 
3 4 0 0 3.14159 3.14159 0 0.785398 1 1 6.50756e-06 2.82348e-08 -3.42747e-06 9.63575e-09 0 0 0 -1 
3 4 0 0 3.14159 3.14159 0 0.785398 2 2 0 0 0 0 1 1 1 -1 
3 4 0 0 2.35619 2.35619 0 0.785398 1 1 4.7823e-06 1.1157e-07 -1.44864e-06 4.83099e-08 0 0 0 -1 
3 4 0 0 2.35619 2.35619 0 0.785398 2 2 0 0 0 0 1 1 1 -1 
3 4 0 0 1.5708 1.5708 0 0.785398 1 1 -2.59447e-07 2.04986e-07 8.50178e-07 1.1818e-07 0 0 0 -1 
3 4 0 0 1.5708 1.5708 0 0.785398 2 2 0 0 0 0 1 1 1 -1 
3 4 0 0 0.785398 0.785398 0 0.785398 1 1 -4.74506e-06 1.1126e-07 -1.43906e-06 4.81315e-08 0 0 0 -1 
3 4 0 0 0.785398 0.785398 0 0.785398 2 2 0 0 0 0 1 1 1 -1 
3 4 0 0 0 0 0 0.785398 1 1 -4.36907e-06 8.57799e-08 -2.20316e-06 1.52891e-08 0 0 0 -1 
3 4 0 0 0 0 0 0.785398 2 2 0 0 0 0 1 1 1 -1 
3 4 0 0 0.785398 0 0 0.785398 1 1 -3.08058e-06 1.20739e-07 -1.63895e-06 3.66265e-08 0 0 0 -1 
3 4 0 0 0.785398 0 0 0.785398 2 2 0 0 0 0 1 1 1 -1 
3 4 0 0 1.5708 0 0 0.785398 1 1 -7.20346e-07 2.10754e-07 -3.09573e-07 1.00423e-07 0 0 0 -1 
3 4 0 0 1.5708 0 0 0.785398 2 2 0 0 0 0 1 1 1 -1 
3 4 0 0 2.35619 0 0 0.785398 1 1 4.50477e-07 3.08755e-07 8.46286e-08 1.76507e-07 0 0 0 -1 
3 4 0 0 2.35619 0 0 0.785398 2 2 0 0 0 0 1 1 1 -1 
3 4 0 0 3.14159 0 0 0.785398 1 1 3.1549e-07 3.55696e-07 3.9284e-07 2.09691e-07 0 0 0 -1 
3 4 0 0 3.14159 0 0 0.785398 2 2 0 0 0 0 1 1 1 -1 
3 4 0 0 3.14159 0.785398 0 0.785398 1 1 -3.18146e-07 3.0864e-07 3.80689e-08 1.76563e-07 0 0 0 -1 
3 4 0 0 3.14159 0.785398 0 0.785398 2 2 0 0 0 0 1 1 1 -1 
3 4 0 0 3.14159 1.5708 0 0.785398 1 1 3.17332e-07 2.10862e-07 -5.29157e-07 1.00493e-07 0 0 0 -1 
3 4 0 0 3.14159 1.5708 0 0.785398 2 2 0 0 0 0 1 1 1 -1 
3 4 0 0 3.14159 2.35619 0 0.785398 1 1 2.90706e-06 1.20988e-07 -1.59519e-06 3.6547e-08 0 0 0 -1 
3 4 0 0 3.14159 2.35619 0 0.785398 2 2 0 0 0 0 1 1 1 -1 
3 4 0 0 3.14159 3.14159 0 0.785398 1 1 4.33893e-06 8.57619e-08 -2.17238e-06 1.52811e-08 0 0 0 -1 
3 4 0 0 3.14159 3.14159 0 0.785398 2 2 0 0 0 0 1 1 1 -1 
3 4 0 0 2.35619 2.35619 0 0.785398 1 1 1.94469e-06 1.42738e-07 -1.09462e-06 4.83735e-08 0 0 0 -1 
3 4 0 0 2.35619 2.35619 0 0.785398 2 2 0 0 0 0 1 1 1 -1 
3 4 0 0 1.5708 1.5708 0 0.785398 1 1 -1.67964e-07 2.21737e-07 -4.71538e-07 1.08856e-07 0 0 0 -1 
3 4 0 0 1.5708 1.5708 0 0.785398 2 2 0 0 0 0 1 1 1 -1 
3 4 0 0 0.785398 0.785398 0 0.785398 1 1 -2.02019e-06 1.42681e-07 -1.10374e-06 4.82292e-08 0 0 0 -1 
3 4 0 0 0.785398 0.785398 0 0.785398 2 2 0 0 0 0 1 1 1 -1 
3 4 0 0 0 0 0 0.785398 1 1 4.84437e-06 1.80892e-07 5.5994e-06 3.47526e-08 0 0 0 -1 
3 4 0 0 0 0 0 0.785398 2 2 0 0 0 0 1 1 1 -1 
3 4 0 0 0 0 0 0.785398 1 1 -5.93472e-05 2.97358e-06 0.000272818 1.20177e-06 2 2 1 -1 
3 4 0 0 0 0 0 0.785398 2 2 0 0 0 0 3 3 0 -1 
3 4 0 0 0.785398 0 0 0.785398 1 1 5.41183e-06 2.10508e-07 9.42577e-06 5.92438e-08 0 0 0 -1 
3 4 0 0 0.785398 0 0 0.785398 2 2 0 0 0 0 1 1 1 -1 
3 4 0 0 0.785398 0 0 0.785398 1 1 -4.44777e-05 3.09679e-06 0.00028075 1.31232e-06 2 2 1 -1 
3 4 0 0 0.785398 0 0 0.785398 2 2 0 0 0 0 3 3 0 -1 
3 4 0 0 1.5708 0 0 0.785398 1 1 5.15171e-06 2.89063e-07 1.93175e-05 1.31482e-07 0 0 0 -1 
3 4 0 0 1.5708 0 0 0.785398 2 2 0 0 0 0 1 1 1 -1 
3 4 0 0 1.5708 0 0 0.785398 1 1 -2.71286e-05 3.40326e-06 0.000301392 1.60203e-06 2 2 1 -1 
3 4 0 0 1.5708 0 0 0.785398 2 2 0 0 0 0 3 3 0 -1 
3 4 0 0 2.35619 0 0 0.785398 1 1 1.32264e-06 3.72318e-07 2.92478e-05 2.14088e-07 0 0 0 -1 
3 4 0 0 2.35619 0 0 0.785398 2 2 0 0 0 0 1 1 1 -1 
3 4 0 0 2.35619 0 0 0.785398 1 1 -7.04843e-06 3.78297e-06 0.000316572 1.97764e-06 2 2 1 -1 
3 4 0 0 2.35619 0 0 0.785398 2 2 0 0 0 0 3 3 0 -1 
3 4 0 0 3.14159 0 0 0.785398 1 1 3.9304e-07 4.07273e-07 3.31076e-05 2.46511e-07 0 0 0 -1 
3 4 0 0 3.14159 0 0 0.785398 2 2 0 0 0 0 1 1 1 -1 
3 4 0 0 3.14159 0 0 0.785398 1 1 -1.06627e-06 4.0281e-06 0.000314914 2.14545e-06 2 2 1 -1 
3 4 0 0 3.14159 0 0 0.785398 2 2 0 0 0 0 3 3 0 -1 
3 4 0 0 3.14159 0.785398 0 0.785398 1 1 -2.24737e-06 3.71695e-07 2.90324e-05 2.1426e-07 0 0 0 -1 
3 4 0 0 3.14159 0.785398 0 0.785398 2 2 0 0 0 0 1 1 1 -1 
3 4 0 0 3.14159 0.785398 0 0.785398 1 1 3.93786e-06 3.78281e-06 0.00031744 1.9787e-06 2 2 1 -1 
3 4 0 0 3.14159 0.785398 0 0.785398 2 2 0 0 0 0 3 3 0 -1 
3 4 0 0 3.14159 1.5708 0 0.785398 1 1 -5.16659e-06 2.89773e-07 1.91427e-05 1.3191e-07 0 0 0 -1 
3 4 0 0 3.14159 1.5708 0 0.785398 2 2 0 0 0 0 1 1 1 -1 
3 4 0 0 3.14159 1.5708 0 0.785398 1 1 2.39607e-05 3.40363e-06 0.000295819 1.60095e-06 2 2 1 -1 
3 4 0 0 3.14159 1.5708 0 0.785398 2 2 0 0 0 0 3 3 0 -1 
3 4 0 0 3.14159 2.35619 0 0.785398 1 1 -5.30324e-06 2.10499e-07 9.43387e-06 5.91562e-08 0 0 0 -1 
3 4 0 0 3.14159 2.35619 0 0.785398 2 2 0 0 0 0 1 1 1 -1 
3 4 0 0 3.14159 2.35619 0 0.785398 1 1 4.76967e-05 3.09675e-06 0.000280456 1.31152e-06 2 2 1 -1 
3 4 0 0 3.14159 2.35619 0 0.785398 2 2 0 0 0 0 3 3 0 -1 
3 4 0 0 3.14159 3.14159 0 0.785398 1 1 -4.90418e-06 1.81009e-07 5.57595e-06 3.47881e-08 0 0 0 -1 
3 4 0 0 3.14159 3.14159 0 0.785398 2 2 0 0 0 0 1 1 1 -1 
3 4 0 0 3.14159 3.14159 0 0.785398 1 1 6.23724e-05 2.97477e-06 0.0002734 1.20004e-06 2 2 1 -1 
3 4 0 0 3.14159 3.14159 0 0.785398 2 2 0 0 0 0 3 3 0 -1 
3 4 0 0 2.35619 2.35619 0 0.785398 1 1 -5.49354e-06 2.41656e-07 1.25094e-05 8.94275e-08 0 0 0 -1 
3 4 0 0 2.35619 2.35619 0 0.785398 2 2 0 0 0 0 1 1 1 -1 
3 4 0 0 2.35619 2.35619 0 0.785398 1 1 4.30404e-05 3.20893e-06 0.000287487 1.41149e-06 2 2 1 -1 
3 4 0 0 2.35619 2.35619 0 0.785398 2 2 0 0 0 0 3 3 0 -1 
3 4 0 0 1.5708 1.5708 0 0.785398 1 1 1.65438e-07 3.42001e-07 1.98341e-05 1.70941e-07 0 0 0 -1 
3 4 0 0 1.5708 1.5708 0 0.785398 2 2 0 0 0 0 1 1 1 -1 
3 4 0 0 1.5708 1.5708 0 0.785398 1 1 9.55195e-07 3.60318e-06 0.000293082 1.73683e-06 2 2 1 -1 
3 4 0 0 1.5708 1.5708 0 0.785398 2 2 0 0 0 0 3 3 0 -1 
3 4 0 0 0.785398 0.785398 0 0.785398 1 1 5.02673e-06 2.41553e-07 1.25817e-05 8.92067e-08 0 0 0 -1 
3 4 0 0 0.785398 0.785398 0 0.785398 2 2 0 0 0 0 1 1 1 -1 
3 4 0 0 0.785398 0.785398 0 0.785398 1 1 -3.40723e-05 3.20634e-06 0.000286049 1.40871e-06 2 2 1 -1 
3 4 0 0 0.785398 0.785398 0 0.785398 2 2 0 0 0 0 3 3 0 -1 
3 4 0 0 0 0 0 0.785398 1 1 5.17221e-06 1.81006e-07 5.51716e-06 3.47834e-08 0 0 0 -1 
3 4 0 0 0 0 0 0.785398 2 2 0 0 0 0 1 1 1 -1 
3 4 0 0 0 0 0 0.785398 1 1 -6.0589e-05 2.97412e-06 0.000274596 1.20131e-06 2 2 1 -1 
3 4 0 0 0 0 0 0.785398 2 2 0 0 0 0 3 3 0 -1 
3 4 0 0 0.785398 0 0 0.785398 1 1 5.43076e-06 2.10167e-07 9.46694e-06 5.91889e-08 0 0 0 -1 
3 4 0 0 0.785398 0 0 0.785398 2 2 0 0 0 0 1 1 1 -1 
3 4 0 0 0.785398 0 0 0.785398 1 1 -4.6714e-05 3.09604e-06 0.000279648 1.31104e-06 2 2 1 -1 
3 4 0 0 0.785398 0 0 0.785398 2 2 0 0 0 0 3 3 0 -1 
3 4 0 0 1.5708 0 0 0.785398 1 1 5.51975e-06 2.89367e-07 1.93296e-05 1.31724e-07 0 0 0 -1 
3 4 0 0 1.5708 0 0 0.785398 2 2 0 0 0 0 1 1 1 -1 
3 4 0 0 1.5708 0 0 0.785398 1 1 -2.55234e-05 3.40795e-06 0.000302575 1.60098e-06 2 2 1 -1 
3 4 0 0 1.5708 0 0 0.785398 2 2 0 0 0 0 3 3 0 -1 
3 4 0 0 2.35619 0 0 0.785398 1 1 2.10616e-06 3.71618e-07 2.92065e-05 2.13572e-07 0 0 0 -1 
3 4 0 0 2.35619 0 0 0.785398 2 2 0 0 0 0 1 1 1 -1 
3 4 0 0 2.35619 0 0 0.785398 1 1 -1.39782e-05 3.78307e-06 0.000317285 1.97617e-06 2 2 1 -1 
3 4 0 0 2.35619 0 0 0.785398 2 2 0 0 0 0 3 3 0 -1 
3 4 0 0 3.14159 0 0 0.785398 1 1 -1.01113e-06 4.07531e-07 3.29308e-05 2.4633e-07 0 0 0 -1 
3 4 0 0 3.14159 0 0 0.785398 2 2 0 0 0 0 1 1 1 -1 
3 4 0 0 3.14159 0 0 0.785398 1 1 -6.49251e-06 4.01508e-06 0.000315273 2.13575e-06 2 2 1 -1 
3 4 0 0 3.14159 0 0 0.785398 2 2 0 0 0 0 3 3 0 -1 
3 4 0 0 3.14159 0.785398 0 0.785398 1 1 -1.68987e-06 3.7239e-07 2.89311e-05 2.14448e-07 0 0 0 -1 
3 4 0 0 3.14159 0.785398 0 0.785398 2 2 0 0 0 0 1 1 1 -1 
3 4 0 0 3.14159 0.785398 0 0.785398 1 1 -9.79096e-07 3.7865e-06 0.000318798 1.985e-06 2 2 1 -1 
3 4 0 0 3.14159 0.785398 0 0.785398 2 2 0 0 0 0 3 3 0 -1 
3 4 0 0 3.14159 1.5708 0 0.785398 1 1 -5.44781e-06 2.89038e-07 1.94413e-05 1.31601e-07 0 0 0 -1 
3 4 0 0 3.14159 1.5708 0 0.785398 2 2 0 0 0 0 1 1 1 -1 
3 4 0 0 3.14159 1.5708 0 0.785398 1 1 2.41721e-05 3.40961e-06 0.00030148 1.60448e-06 2 2 1 -1 
3 4 0 0 3.14159 1.5708 0 0.785398 2 2 0 0 0 0 3 3 0 -1 
3 4 0 0 3.14159 2.35619 0 0.785398 1 1 -5.5576e-06 2.10206e-07 9.43062e-06 5.91708e-08 0 0 0 -1 
3 4 0 0 3.14159 2.35619 0 0.785398 2 2 0 0 0 0 1 1 1 -1 
3 4 0 0 3.14159 2.35619 0 0.785398 1 1 4.18353e-05 3.09562e-06 0.00027851 1.30903e-06 2 2 1 -1 
3 4 0 0 3.14159 2.35619 0 0.785398 2 2 0 0 0 0 3 3 0 -1 
3 4 0 0 3.14159 3.14159 0 0.785398 1 1 -5.02387e-06 1.80796e-07 5.51469e-06 3.47472e-08 0 0 0 -1 
3 4 0 0 3.14159 3.14159 0 0.785398 2 2 0 0 0 0 1 1 1 -1 
3 4 0 0 3.14159 3.14159 0 0.785398 1 1 5.32125e-05 2.97089e-06 0.000272339 1.20095e-06 2 2 1 -1 
3 4 0 0 3.14159 3.14159 0 0.785398 2 2 0 0 0 0 3 3 0 -1 
3 4 0 0 2.35619 2.35619 0 0.785398 1 1 -5.28973e-06 2.41521e-07 1.25572e-05 8.91465e-08 0 0 0 -1 
3 4 0 0 2.35619 2.35619 0 0.785398 2 2 0 0 0 0 1 1 1 -1 
3 4 0 0 2.35619 2.35619 0 0.785398 1 1 2.86463e-05 3.20041e-06 0.000285419 1.40517e-06 2 2 1 -1 
3 4 0 0 2.35619 2.35619 0 0.785398 2 2 0 0 0 0 3 3 0 -1 
3 4 0 0 1.5708 1.5708 0 0.785398 1 1 4.17789e-07 3.41747e-07 1.98539e-05 1.71046e-07 0 0 0 -1 
3 4 0 0 1.5708 1.5708 0 0.785398 2 2 0 0 0 0 1 1 1 -1 
3 4 0 0 1.5708 1.5708 0 0.785398 1 1 -5.91068e-06 3.60274e-06 0.000296036 1.73461e-06 2 2 1 -1 
3 4 0 0 1.5708 1.5708 0 0.785398 2 2 0 0 0 0 3 3 0 -1 
3 4 0 0 0.785398 0.785398 0 0.785398 1 1 5.12284e-06 2.41715e-07 1.2695e-05 8.93247e-08 0 0 0 -1 
3 4 0 0 0.785398 0.785398 0 0.785398 2 2 0 0 0 0 1 1 1 -1 
3 4 0 0 0.785398 0.785398 0 0.785398 1 1 -3.73331e-05 3.20254e-06 0.00028635 1.40722e-06 2 2 1 -1 
3 4 0 0 0.785398 0.785398 0 0.785398 2 2 0 0 0 0 3 3 0 -1 
3 4 0 0 0 0 0 0.785398 1 1 -6.51365e-06 2.82498e-08 -3.41464e-06 9.64353e-09 0 0 0 -1 
3 4 0 0 0 0 0 0.785398 2 2 0 0 0 0 1 1 1 -1 
3 4 0 0 0.785398 0 0 0.785398 1 1 -5.58222e-06 8.46986e-08 -2.5181e-06 3.62253e-08 0 0 0 -1 
3 4 0 0 0.785398 0 0 0.785398 2 2 0 0 0 0 1 1 1 -1 
3 4 0 0 1.5708 0 0 0.785398 1 1 -3.47761e-06 1.99028e-07 -4.39562e-07 1.05555e-07 0 0 0 -1 
3 4 0 0 1.5708 0 0 0.785398 2 2 0 0 0 0 1 1 1 -1 
3 4 0 0 2.35619 0 0 0.785398 1 1 -1.93383e-06 3.25073e-07 7.94873e-08 1.78168e-07 0 0 0 -1 
3 4 0 0 2.35619 0 0 0.785398 2 2 0 0 0 0 1 1 1 -1 
3 4 0 0 3.14159 0 0 0.785398 1 1 -6.71988e-07 3.86585e-07 3.04365e-07 1.98895e-07 0 0 0 -1 
3 4 0 0 3.14159 0 0 0.785398 2 2 0 0 0 0 1 1 1 -1 
3 4 0 0 3.14159 0.785398 0 0.785398 1 1 1.07258e-06 3.25444e-07 2.33392e-07 1.7824e-07 0 0 0 -1 
3 4 0 0 3.14159 0.785398 0 0.785398 2 2 0 0 0 0 1 1 1 -1 
3 4 0 0 3.14159 1.5708 0 0.785398 1 1 3.24909e-06 1.98802e-07 -3.83923e-07 1.05313e-07 0 0 0 -1 
3 4 0 0 3.14159 1.5708 0 0.785398 2 2 0 0 0 0 1 1 1 -1 
3 4 0 0 3.14159 2.35619 0 0.785398 1 1 5.60995e-06 8.46344e-08 -2.4505e-06 3.61258e-08 0 0 0 -1 
3 4 0 0 3.14159 2.35619 0 0.785398 2 2 0 0 0 0 1 1 1 -1 
3 4 0 0 3.14159 3.14159 0 0.785398 1 1 6.47584e-06 2.82662e-08 -3.43263e-06 9.645e-09 0 0 0 -1 
3 4 0 0 3.14159 3.14159 0 0.785398 2 2 0 0 0 0 1 1 1 -1 
3 4 0 0 2.35619 2.35619 0 0.785398 1 1 4.70446e-06 1.11594e-07 -1.43459e-06 4.8226e-08 0 0 0 -1 
3 4 0 0 2.35619 2.35619 0 0.785398 2 2 0 0 0 0 1 1 1 -1 
3 4 0 0 1.5708 1.5708 0 0.785398 1 1 1.27107e-07 2.05304e-07 1.18616e-06 1.17865e-07 0 0 0 -1 
3 4 0 0 1.5708 1.5708 0 0.785398 2 2 0 0 0 0 1 1 1 -1 
3 4 0 0 0.785398 0.785398 0 0.785398 1 1 -4.63874e-06 1.112e-07 -1.44791e-06 4.82304e-08 0 0 0 -1 
3 4 0 0 0.785398 0.785398 0 0.785398 2 2 0 0 0 0 1 1 1 -1 
3 4 0 0 0 0 0 0.785398 1 1 4.72707e-07 9.5143e-07 0 0 0 0 0 -1 
3 4 0 0 0 0 0 0.785398 2 2 0 0 0 0 1 1 1 -1 
3 4 0 0 0 0 0 0.785398 1 1 -3.72874e-06 2.85759e-06 0 0 2 1 1 -1 
3 4 0 0 0 0 0 0.785398 2 2 0 0 0 0 3 0 0 -1 
3 4 0 0 0.785398 0 0 0.785398 1 1 8.48857e-07 9.50601e-07 0 0 0 0 0 -1 
3 4 0 0 0.785398 0 0 0.785398 2 2 0 0 0 0 1 1 1 -1 
3 4 0 0 0.785398 0 0 0.785398 1 1 1.80999e-06 2.8514e-06 0 0 2 1 1 -1 
3 4 0 0 0.785398 0 0 0.785398 2 2 0 0 0 0 3 0 0 -1 
3 4 0 0 1.5708 0 0 0.785398 1 1 -7.58892e-07 9.51559e-07 0 0 0 0 0 -1 
3 4 0 0 1.5708 0 0 0.785398 2 2 0 0 0 0 1 1 1 -1 
3 4 0 0 1.5708 0 0 0.785398 1 1 -4.33241e-06 2.85344e-06 0 0 2 1 1 -1 
3 4 0 0 1.5708 0 0 0.785398 2 2 0 0 0 0 3 0 0 -1 
3 4 0 0 2.35619 0 0 0.785398 1 1 -9.78911e-07 9.51672e-07 0 0 0 0 0 -1 
3 4 0 0 2.35619 0 0 0.785398 2 2 0 0 0 0 1 1 1 -1 
3 4 0 0 2.35619 0 0 0.785398 1 1 -2.29499e-07 2.85498e-06 0 0 2 1 1 -1 
3 4 0 0 2.35619 0 0 0.785398 2 2 0 0 0 0 3 0 0 -1 
3 4 0 0 3.14159 0 0 0.785398 1 1 -5.77774e-07 9.52293e-07 0 0 0 0 0 -1 
3 4 0 0 3.14159 0 0 0.785398 2 2 0 0 0 0 1 1 1 -1 
3 4 0 0 3.14159 0 0 0.785398 1 1 -2.63665e-06 2.84912e-06 0 0 2 1 1 -1 
3 4 0 0 3.14159 0 0 0.785398 2 2 0 0 0 0 3 0 0 -1 
3 4 0 0 3.14159 0.785398 0 0.785398 1 1 -1.17418e-06 9.49506e-07 0 0 0 0 0 -1 
3 4 0 0 3.14159 0.785398 0 0.785398 2 2 0 0 0 0 1 1 1 -1 
3 4 0 0 3.14159 0.785398 0 0.785398 1 1 2.06759e-06 2.85543e-06 0 0 2 1 1 -1 
3 4 0 0 3.14159 0.785398 0 0.785398 2 2 0 0 0 0 3 0 0 -1 
3 4 0 0 3.14159 1.5708 0 0.785398 1 1 -9.07079e-07 9.51586e-07 0 0 0 0 0 -1 
3 4 0 0 3.14159 1.5708 0 0.785398 2 2 0 0 0 0 1 1 1 -1 
3 4 0 0 3.14159 1.5708 0 0.785398 1 1 -2.77375e-06 2.85737e-06 0 0 2 1 1 -1 
3 4 0 0 3.14159 1.5708 0 0.785398 2 2 0 0 0 0 3 0 0 -1 
3 4 0 0 3.14159 2.35619 0 0.785398 1 1 1.59315e-06 9.52302e-07 0 0 0 0 0 -1 
3 4 0 0 3.14159 2.35619 0 0.785398 2 2 0 0 0 0 1 1 1 -1 
3 4 0 0 3.14159 2.35619 0 0.785398 1 1 2.27442e-06 2.85647e-06 0 0 2 1 1 -1 
3 4 0 0 3.14159 2.35619 0 0.785398 2 2 0 0 0 0 3 0 0 -1 
3 4 0 0 3.14159 3.14159 0 0.785398 1 1 7.98685e-07 9.52528e-07 0 0 0 0 0 -1 
3 4 0 0 3.14159 3.14159 0 0.785398 2 2 0 0 0 0 1 1 1 -1 
3 4 0 0 3.14159 3.14159 0 0.785398 1 1 -1.21215e-06 2.85505e-06 0 0 2 1 1 -1 
3 4 0 0 3.14159 3.14159 0 0.785398 2 2 0 0 0 0 3 0 0 -1 
3 4 0 0 2.35619 2.35619 0 0.785398 1 1 -5.95434e-07 9.53219e-07 0 0 0 0 0 -1 
3 4 0 0 2.35619 2.35619 0 0.785398 2 2 0 0 0 0 1 1 1 -1 
3 4 0 0 2.35619 2.35619 0 0.785398 1 1 2.90535e-07 2.85525e-06 0 0 2 1 1 -1 
3 4 0 0 2.35619 2.35619 0 0.785398 2 2 0 0 0 0 3 0 0 -1 
3 4 0 0 1.5708 1.5708 0 0.785398 1 1 -2.11785e-07 9.523e-07 0 0 0 0 0 -1 
3 4 0 0 1.5708 1.5708 0 0.785398 2 2 0 0 0 0 1 1 1 -1 
3 4 0 0 1.5708 1.5708 0 0.785398 1 1 -3.22179e-07 2.85979e-06 0 0 2 1 1 -1 
3 4 0 0 1.5708 1.5708 0 0.785398 2 2 0 0 0 0 3 0 0 -1 
3 4 0 0 0.785398 0.785398 0 0.785398 1 1 -1.81817e-07 9.50628e-07 0 0 0 0 0 -1 
3 4 0 0 0.785398 0.785398 0 0.785398 2 2 0 0 0 0 1 1 1 -1 
3 4 0 0 0.785398 0.785398 0 0.785398 1 1 4.00237e-06 2.85534e-06 0 0 2 1 1 -1 
3 4 0 0 0.785398 0.785398 0 0.785398 2 2 0 0 0 0 3 0 0 -1 
3 4 0 0 0 0 0 0.785398 1 1 3.21721e-06 1.02801e-07 0 0 0 0 0 -1 
3 4 0 0 0 0 0 0.785398 2 2 0 0 0 0 1 1 1 -1 
3 4 0 0 0.785398 0 0 0.785398 1 1 1.91701e-06 2.78875e-07 0 0 0 0 0 -1 
3 4 0 0 0.785398 0 0 0.785398 2 2 0 0 0 0 1 1 1 -1 
3 4 0 0 1.5708 0 0 0.785398 1 1 1.29575e-06 4.7631e-07 0 0 0 0 0 -1 
3 4 0 0 1.5708 0 0 0.785398 2 2 0 0 0 0 1 1 1 -1 
3 4 0 0 2.35619 0 0 0.785398 1 1 7.67019e-07 5.96982e-07 0 0 0 0 0 -1 
3 4 0 0 2.35619 0 0 0.785398 2 2 0 0 0 0 1 1 1 -1 
3 4 0 0 3.14159 0 0 0.785398 1 1 -1.72529e-07 6.35876e-07 0 0 0 0 0 -1 
3 4 0 0 3.14159 0 0 0.785398 2 2 0 0 0 0 1 1 1 -1 
3 4 0 0 3.14159 0.785398 0 0.785398 1 1 -5.80299e-07 5.97354e-07 0 0 0 0 0 -1 
3 4 0 0 3.14159 0.785398 0 0.785398 2 2 0 0 0 0 1 1 1 -1 
3 4 0 0 3.14159 1.5708 0 0.785398 1 1 -9.32319e-07 4.75427e-07 0 0 0 0 0 -1 
3 4 0 0 3.14159 1.5708 0 0.785398 2 2 0 0 0 0 1 1 1 -1 
3 4 0 0 3.14159 2.35619 0 0.785398 1 1 -2.25383e-06 2.78309e-07 0 0 0 0 0 -1 
3 4 0 0 3.14159 2.35619 0 0.785398 2 2 0 0 0 0 1 1 1 -1 
3 4 0 0 3.14159 3.14159 0 0.785398 1 1 -3.51815e-06 1.03026e-07 0 0 0 0 0 -1 
3 4 0 0 3.14159 3.14159 0 0.785398 2 2 0 0 0 0 1 1 1 -1 
3 4 0 0 2.35619 2.35619 0 0.785398 1 1 -2.36376e-06 3.58543e-07 0 0 0 0 0 -1 
3 4 0 0 2.35619 2.35619 0 0.785398 2 2 0 0 0 0 1 1 1 -1 
3 4 0 0 1.5708 1.5708 0 0.785398 1 1 -3.91461e-07 4.95387e-07 0 0 0 0 0 -1 
3 4 0 0 1.5708 1.5708 0 0.785398 2 2 0 0 0 0 1 1 1 -1 
3 4 0 0 0.785398 0.785398 0 0.785398 1 1 2.25465e-06 3.57052e-07 0 0 0 0 0 -1 
3 4 0 0 0.785398 0.785398 0 0.785398 2 2 0 0 0 0 1 1 1 -1 
