4 4 0 0 0 0 0 0.7853980 2 2 0.0000000 0.0000000 0 0 3 2 2 1 5 55
4 4 0 0 0 0 0 0.7853980 2 2 0.0000000 0.0000000 0 0 1 1 3 0 2 29
4 4 0 0 0 0 0 0.7853980 2 2 0.0000000 0.0000000 0 0 1 3 0 0 2 30
4 4 0 0 0 0 0 0.7853980 2 2 0.0000000 0.0000000 0 0 1 3 2 1 2 31
4 4 0 0 0 0 0 0.7853980 2 2 0.0000000 0.0000000 0 0 3 2 3 3 1 23
4 4 0 0 0 0 0 0.7853980 2 2 0.0000000 0.0000000 0 0 3 2 1 1 1 22
4 4 0 0 0 0 0 0.7853980 2 2 0.0000000 0.0000000 0 0 3 0 2 2 1 21
4 4 0 0 0 0 0 0.7853980 2 2 0.0000000 0.0000000 0 0 3 0 0 0 1 20
4 4 0 0 0 0 0 0.7853980 2 2 0.0000000 0.0000000 0 0 3 0 0 0 2 36
4 4 0 0 0 0 0 0.7853980 2 2 0.0000000 0.0000000 0 0 3 0 2 1 2 37
4 4 0 0 0 0 0 0.7853980 2 2 0.0000000 0.0000000 0 0 3 2 1 1 2 38
4 4 0 0 0 0 0 0.7853980 2 2 0.0000000 0.0000000 0 0 3 2 3 0 2 39
4 4 0 0 0 0 0 0.7853980 2 2 0.0000000 0.0000000 0 0 1 3 2 2 1 15
4 4 0 0 0 0 0 0.7853980 2 2 0.0000000 0.0000000 0 0 3 0 0 0 5 54
4 4 0 0 0 0 0 0.7853980 2 2 0.0000000 0.0000000 0 0 1 3 0 0 1 14
4 4 0 0 0 0 0 0.7853980 2 2 0.0000000 0.0000000 0 0 1 1 1 1 1 12
4 4 0 0 0 0 0 0.7853980 2 2 0.0000000 0.0000000 0 0 1 1 1 1 3 41
4 4 0 0 0 0 0 0.7853980 2 2 0.0000000 0.0000000 0 0 3 1 0 3 3 43
4 4 0 0 0 0 0 0.7853980 2 2 0.0000000 0.0000000 0 0 1 1 1 1 4 45
4 4 0 0 0 0 0 0.7853980 2 2 0.0000000 0.0000000 0 0 3 2 2 2 0 7
4 4 0 0 0 0 0 0.7853980 2 2 0.0000000 0.0000000 0 0 3 0 0 0 0 6
4 4 0 0 0 0 0 0.7853980 2 2 0.0000000 0.0000000 0 0 3 0 0 0 4 47
4 4 0 0 0 0 0 0.7853980 2 2 0.0000000 0.0000000 0 0 1 1 1 1 5 50
4 4 0 0 0 0 0 0.7853980 2 2 0.0000000 0.0000000 0 0 1 3 3 3 0 3
4 4 0 0 0 0 0 0.7853980 2 2 0.0000000 0.0000000 0 0 1 1 1 1 0 2
4 4 0 0 0 0 0 0.7853980 2 2 0.0000000 0.0000000 0 0 1 3 3 0 5 51
4 4 0 0 0 0 0 0.7853980 2 2 0.0000000 0.0000000 0 0 1 1 3 3 1 13
4 4 0 0 0 0 0 0.7853980 2 2 0.0000000 0.0000000 0 0 1 1 1 1 2 28
4 4 0 0 0 0 0 0.7853980 1 1 -0.0000392 0.0000013 0 0 2 0 1 2 3 42
4 4 0 0 0 0 0 0.7853980 1 1 -0.0000018 0.0000017 0 0 0 0 0 0 0 0
4 4 0 0 0 0 0 0.7853980 1 1 -0.0000013 0.0000029 0 0 0 0 0 0 4 44
4 4 0 0 0 0 0 0.7853980 1 1 0.0000055 0.0000034 0 0 2 1 1 1 0 4
4 4 0 0 0 0 0 0.7853980 1 1 0.0000048 0.0000035 0 0 0 0 0 0 5 48
4 4 0 0 0 0 0 0.7853980 1 1 -0.0000060 0.0000048 0 0 0 0 0 0 1 8
4 4 0 0 0 0 0 0.7853980 1 1 -0.0000053 0.0000054 0 0 0 0 0 0 3 40
4 4 0 0 0 0 0 0.7853980 1 1 0.0000060 0.0000059 0 0 2 1 1 1 4 46
4 4 0 0 0 0 0 0.7853980 1 1 0.0000057 0.0000071 0 0 2 1 1 1 5 52
4 4 0 0 0 0 0 0.7853980 1 1 -0.0000046 0.0000096 0 0 2 1 1 1 1 16
4 4 0 0 0 0 0 0.7853980 1 1 -0.0000120 0.0000097 0 0 0 2 1 1 1 10
4 4 0 0 0 0 0 0.7853980 1 1 -0.0000004 0.0000115 0 0 0 2 2 2 0 1
4 4 0 0 0 0 0 0.7853980 1 1 -0.0000041 0.0000151 0 0 0 0 0 0 2 24
4 4 0 0 0 0 0 0.7853980 1 1 -0.0000055 0.0000171 0 0 0 0 2 2 1 9
4 4 0 0 0 0 0 0.7853980 1 1 0.0000065 0.0000193 0 0 2 3 0 0 1 18
4 4 0 0 0 0 0 0.7853980 1 1 0.0000251 0.0000232 0 0 2 3 3 3 0 5
4 4 0 0 0 0 0 0.7853980 1 1 0.0000097 0.0000256 0 0 0 2 2 1 5 49
4 4 0 0 0 0 0 0.7853980 1 1 0.0000158 0.0000270 0 0 2 3 3 0 5 53
4 4 0 0 0 0 0 0.7853980 1 1 -0.0000105 0.0000303 0 0 0 0 2 1 2 25
4 4 0 0 0 0 0 0.7853980 1 1 0.0000227 0.0000304 0 0 2 1 1 1 2 32
4 4 0 0 0 0 0 0.7853980 1 1 0.0000049 0.0000306 0 0 0 2 1 1 2 26
4 4 0 0 0 0 0 0.7853980 1 1 -0.0000206 0.0000338 0 0 0 2 3 3 1 11
4 4 0 0 0 0 0 0.7853980 1 1 0.0000088 0.0000340 0 0 2 1 3 3 1 17
4 4 0 0 0 0 0 0.7853980 1 1 0.0001119 0.0000602 0 0 2 1 3 0 2 33
4 4 0 0 0 0 0 0.7853980 1 1 0.0001251 0.0000606 0 0 2 3 0 0 2 34
4 4 0 0 0 0 0 0.7853980 1 1 0.0000961 0.0000612 0 0 0 2 3 0 2 27
4 4 0 0 0 0 0 0.7853980 1 1 -0.0000555 0.0000687 0 0 2 3 2 2 1 19
4 4 0 0 0 0 0 0.7853980 1 1 0.0000047 0.0001216 0 0 2 3 2 1 2 35
