7.090704880000000543e-01 3.980204000000000207e-03 -8.206305599999999534e-02 2.414857599999999951e-04
7.154312951999999282e-01 4.015850000000000496e-03 -8.333398000000000194e-02 2.504934799999999949e-04
7.307403523200000084e-01 4.116586400000000340e-03 -8.702426399999999007e-02 2.805456399999999820e-04
7.516798947999999703e-01 4.233373999999999818e-03 -9.265662000000000897e-02 3.266712800000000231e-04
7.747774384000000181e-01 4.363111200000000314e-03 -1.013150200000000056e-01 3.921600000000000129e-04
8.056658079999999833e-01 4.494263600000000282e-03 -1.106439679999999953e-01 4.708331999999999969e-04
8.402801039999999722e-01 4.617784399999999914e-03 -1.227205720000000000e-01 5.635892000000000419e-04
8.772983908000000497e-01 4.708830399999999923e-03 -1.348905123999999955e-01 6.550612000000000362e-04
9.137446122800000348e-01 4.778900799999999394e-03 -1.469358788000000027e-01 7.503979999999999938e-04
9.453824628000000452e-01 4.840330400000000463e-03 -1.580867980000000006e-01 8.426599999999999585e-04
9.745612684000000137e-01 4.872791999999999922e-03 -1.682706440000000248e-01 9.227547999999999697e-04
9.915737519999999749e-01 4.882774399999999584e-03 -1.746352879999999996e-01 9.733139999999999717e-04
1.004410835240000077e+00 4.888445200000000011e-03 -1.762413576000000093e-01 9.876984000000000978e-04
1.006003122399999894e+00 4.878619600000000042e-03 -1.738477760000000094e-01 9.684800000000000787e-04
1.024106356599999934e+00 4.864424799999999410e-03 -1.676788127999999933e-01 9.167216000000001034e-04
1.049207127999999933e+00 4.839935200000000139e-03 -1.582897875999999815e-01 8.442723999999999975e-04
1.083524236399999952e+00 4.781505600000000335e-03 -1.456764204000000062e-01 7.482104000000000489e-04
1.122746892000000107e+00 4.708598799999999876e-03 -1.345317551999999917e-01 6.565543999999999764e-04
1.154838983999999957e+00 4.610805600000000143e-03 -1.226244360000000033e-01 5.614851999999999821e-04
1.191184290000000034e+00 4.497768800000000351e-03 -1.111461320000000086e-01 4.717387999999999768e-04
1.223574539199999922e+00 4.364561999999999782e-03 -1.007756800000000064e-01 3.911723999999999887e-04
1.249846409199999897e+00 4.245072800000000181e-03 -9.295460800000000801e-02 3.278021999999999902e-04
1.270623124000000104e+00 4.120887600000000366e-03 -8.679995999999999545e-02 2.792344000000000315e-04
1.281003174799999922e+00 4.028147600000000356e-03 -8.305797599999999170e-02 2.499529200000000185e-04
1.287030935999999848e+00 3.981927199999999757e-03 -8.194479999999998432e-02 2.404391200000000148e-04
1.279505945599999972e+00 4.054028000000000319e-03 -8.404298000000000324e-02 2.596723199999999851e-04
1.253721724000000037e+00 4.200048799999999902e-03 -9.141624399999999373e-02 3.168697600000000038e-04
1.212440980000000001e+00 4.381205200000000063e-03 -1.026230319999999890e-01 4.007567199999999925e-04
1.160311360000000125e+00 4.525847200000000445e-03 -1.158304200000000034e-01 5.041219999999999686e-04
1.082808588400000049e+00 4.646958799999999917e-03 -1.283133520000000194e-01 6.151763999999999670e-04
9.987780990200000319e-01 4.661523199999999950e-03 -1.345678600000000114e-01 6.759455999999999408e-04
9.201886559999999937e-01 4.617640799999999518e-03 -1.280563680000000037e-01 6.135948000000000227e-04
8.452005604000000227e-01 4.541764000000000218e-03 -1.163045840000000025e-01 5.072907999999999237e-04
7.873223759999999904e-01 4.376880799999999933e-03 -1.027547840000000018e-01 4.009365999999999993e-04
7.414713600000000238e-01 4.216660399999999816e-03 -9.163140399999999963e-02 3.179430800000000073e-04
7.225399636000000569e-01 4.070440800000000095e-03 -8.409194799999999970e-02 2.585765199999999812e-04
7.090704880000000543e-01 3.980204000000000207e-03 -8.206305599999999534e-02 2.414857599999999951e-04
