1.628081952000000054e+00 1.426761199999999896e-02 -3.282522239999999814e-01 9.659430399999999802e-04
1.639301180799999980e+00 1.440394000000000049e-02 -3.333359200000000078e-01 1.001973919999999980e-03
1.660293409279999910e+00 1.478051760000000103e-02 -3.480970559999999603e-01 1.122182559999999928e-03
1.678427579200000075e+00 1.522073200000000071e-02 -3.706264800000000359e-01 1.306685120000000092e-03
1.692249753600000073e+00 1.569776880000000110e-02 -4.052600800000000225e-01 1.568640000000000052e-03
1.720543232000000033e+00 1.619295440000000086e-02 -4.425758719999999813e-01 1.883332799999999987e-03
1.761053216000000088e+00 1.666341760000000088e-02 -4.908822880000000000e-01 2.254356800000000167e-03
1.804133163199999945e+00 1.702528960000000008e-02 -5.395620495999999822e-01 2.620244800000000145e-03
1.851916449119999974e+00 1.731449520000000186e-02 -5.877435152000000107e-01 3.001591999999999975e-03
1.899822251200000034e+00 1.757400960000000262e-02 -6.323471920000000024e-01 3.370639999999999834e-03
1.951729473599999931e+00 1.771317199999999925e-02 -6.730825760000000990e-01 3.691019199999999879e-03
1.981377168000000077e+00 1.777502959999999882e-02 -6.985411519999999985e-01 3.893255999999999887e-03
2.015088488960000035e+00 1.780171280000000106e-02 -7.049654304000000371e-01 3.950793600000000391e-03
2.012032849600000173e+00 1.775619839999999922e-02 -6.953911040000000376e-01 3.873920000000000315e-03
2.042279426399999931e+00 1.768359119999999771e-02 -6.707152511999999733e-01 3.666886400000000414e-03
2.080042912000000133e+00 1.757427279999999870e-02 -6.331591503999999260e-01 3.377089599999999990e-03
2.137893745600000006e+00 1.732680640000000202e-02 -5.827056816000000250e-01 2.992841600000000195e-03
2.197478767999999860e+00 1.702677920000000150e-02 -5.381270207999999666e-01 2.626217599999999906e-03
2.224585935999999986e+00 1.664044639999999811e-02 -4.904977440000000133e-01 2.245940799999999928e-03
2.266053160000000233e+00 1.620433920000000083e-02 -4.445845280000000344e-01 1.886955199999999907e-03
2.300838156799999812e+00 1.570295999999999845e-02 -4.031027200000000255e-01 1.564689599999999955e-03
2.322881636800000038e+00 1.525888320000000006e-02 -3.718184320000000320e-01 1.311208799999999961e-03
2.341044495999999864e+00 1.479571839999999951e-02 -3.471998399999999818e-01 1.116937600000000126e-03
2.347436699200000199e+00 1.445426240000000084e-02 -3.322319039999999668e-01 9.998116800000000741e-04
2.356631743999999973e+00 1.427484079999999898e-02 -3.277791999999999373e-01 9.617564800000000594e-04
2.355379782400000011e+00 1.454747999999999979e-02 -3.361719200000000130e-01 1.038689279999999941e-03
2.330322895999999755e+00 1.508193519999999864e-02 -3.656649759999999749e-01 1.267479040000000015e-03
2.291271919999999795e+00 1.574822879999999981e-02 -4.104921279999999562e-01 1.603026879999999970e-03
2.243658640000000037e+00 1.626449280000000219e-02 -4.633216800000000135e-01 2.016487999999999874e-03
2.128386353599999836e+00 1.670523919999999940e-02 -5.132534080000000776e-01 2.460705599999999868e-03
1.995098210839999942e+00 1.674540479999999873e-02 -5.382714400000000454e-01 2.703782399999999763e-03
1.885561424000000041e+00 1.658789919999999890e-02 -5.122254720000000150e-01 2.454379200000000091e-03
1.774005841599999966e+00 1.632547599999999849e-02 -4.652183360000000101e-01 2.029163199999999695e-03
1.706701503999999980e+00 1.573006320000000166e-02 -4.110191360000000071e-01 1.603746399999999997e-03
1.656085440000000020e+00 1.514577760000000023e-02 -3.665256159999999985e-01 1.271772320000000029e-03
1.659447854400000200e+00 1.460740320000000064e-02 -3.363677919999999988e-01 1.034306079999999925e-03
1.628081952000000054e+00 1.426761199999999896e-02 -3.282522239999999814e-01 9.659430399999999802e-04
