1.580133940607999943e+00 3.157511897600000228e-02 -2.185297628160000616e-01 4.871602687999999903e-03
1.578153239551999931e+00 3.178795856000000281e-02 -2.207343197440000404e-01 4.997329756800000279e-03
1.583247994336000053e+00 3.250875920000000086e-02 -2.169364658560000159e-01 5.391361798399999655e-03
1.624790904985599971e+00 3.325932566400000012e-02 -2.111805828095999482e-01 5.959682112000000420e-03
1.644726874495999969e+00 3.422391180800000293e-02 -2.093611792000000249e-01 6.764481695999999961e-03
1.683427045376000075e+00 3.525396284800000335e-02 -2.023269351680000439e-01 7.736986751999999981e-03
1.757767895648000067e+00 3.611991843199999913e-02 -2.002101491520000276e-01 8.899024639999999348e-03
1.791516079193600008e+00 3.705881920000000246e-02 -2.062232896640000257e-01 1.020884329599999925e-02
1.856298020224000034e+00 3.770189631999999735e-02 -2.073168886400000577e-01 1.153187795200000081e-02
1.899693383552000014e+00 3.834441212800000082e-02 -2.161617803519999270e-01 1.282153840000000052e-02
1.946105710207999939e+00 3.869044694399999956e-02 -2.219692670848000537e-01 1.397669968000000117e-02
1.985953023183999910e+00 3.872138601599999647e-02 -2.310812461823999742e-01 1.463689823999999966e-02
2.006140663296000159e+00 3.877971804799999755e-02 -2.253493771840001381e-01 1.498782415999999965e-02
2.011972766163200088e+00 3.880698051200000276e-02 -2.307976890560000105e-01 1.472175407999999977e-02
2.043701113132800007e+00 3.858035356799999899e-02 -2.269602099200000445e-01 1.392663792000000018e-02
2.086611166656000105e+00 3.837021443199999798e-02 -2.179994632320000347e-01 1.281977567999999928e-02
2.120358898880000176e+00 3.780731075200000069e-02 -2.127277961280000240e-01 1.154308617600000031e-02
2.192936436607999973e+00 3.706090412799999817e-02 -2.039763637759999804e-01 1.014692742400000007e-02
2.254190447558400034e+00 3.616146956800000284e-02 -2.029621025280000102e-01 8.859603199999999817e-03
2.299984802687999874e+00 3.515876335999999769e-02 -2.080200419200001483e-01 7.725074240000000085e-03
2.346675325471999862e+00 3.423047779200000251e-02 -2.061056582912000890e-01 6.762842047999999620e-03
2.387564270399999966e+00 3.322320601599999812e-02 -2.115728099904000126e-01 5.943107999999999898e-03
2.414090885568000111e+00 3.243881734399999689e-02 -2.163475948799999937e-01 5.369845318399999769e-03
2.437004637599999857e+00 3.178090300800000267e-02 -2.180305934079999897e-01 4.989244275200000259e-03
2.426994197567999834e+00 3.154273446400000097e-02 -2.191781282560000266e-01 4.859769481600000225e-03
2.412133779232000119e+00 3.208478905599999875e-02 -2.200328333440000617e-01 5.116956579200000223e-03
2.391345564479999908e+00 3.298742969599999936e-02 -2.161866739391999637e-01 5.837652767999999999e-03
2.334502333600000146e+00 3.424956179199999812e-02 -2.116939146880000289e-01 6.911435936000000224e-03
2.248302044736000038e+00 3.530359468799999789e-02 -2.107348149120000513e-01 8.293170271999999663e-03
2.146728474400640074e+00 3.597496969599999622e-02 -2.163412104959999971e-01 9.732600703999999894e-03
1.994542253128960052e+00 3.624647247999999988e-02 -2.226866501120000896e-01 1.055221622400000052e-02
1.869071450175999960e+00 3.604414217600000053e-02 -2.158400889600000094e-01 9.773372223999999761e-03
1.755351685039999943e+00 3.523274531199999809e-02 -2.114531417030399429e-01 8.291963168000000481e-03
1.677218049696000080e+00 3.422104006400000092e-02 -2.085862070400000268e-01 6.897169376000000102e-03
1.616683249279999846e+00 3.307064361599999780e-02 -2.122605885696000616e-01 5.835075027200000396e-03
1.581136931135999957e+00 3.206687564800000251e-02 -2.199490479999999526e-01 5.134283507199999784e-03
1.580133940607999943e+00 3.157511897600000228e-02 -2.185297628160000616e-01 4.871602687999999903e-03
