4 4 0 0 0 0 0 0.785398 1 1 -0.000216723 7.5654e-07 -7.56686e-05 1.57304e-07 0 0 0 0 
4 4 0 0 0 0 0 0.785398 1 1 0.000302338 1.63595e-06 -0.000117701 3.93233e-07 0 0 2 2 
4 4 0 0 0 0 0 0.785398 1 1 0.000305006 1.65765e-06 -0.000118176 3.96737e-07 0 2 0 3 
4 4 0 0 0 0 0 0.785398 1 1 0.000298362 1.6177e-06 -0.000116623 3.88579e-07 0 2 2 1 
4 4 0 0 0 0 0 0.785398 2 2 0 0 0 0 1 1 1 1 
4 4 0 0 0 0 0 0.785398 2 2 0 0 0 0 1 1 3 3 
4 4 0 0 0 0 0 0.785398 2 2 0 0 0 0 1 3 1 2 
4 4 0 0 0 0 0 0.785398 2 2 0 0 0 0 1 3 3 0 
4 4 0 0 0 0 0 0.785398 1 1 0.000301074 1.6325e-06 -0.000117418 3.91553e-07 2 0 1 2 
4 4 0 0 0 0 0 0.785398 1 1 0.000307425 1.6722e-06 -0.000119015 4.0022e-07 2 0 3 0 
4 4 0 0 0 0 0 0.785398 1 1 0.000301319 1.62284e-06 -0.000117342 3.8981e-07 2 2 1 1 
4 4 0 0 0 0 0 0.785398 1 1 0.0024457 8.62791e-06 -0.00161587 3.24815e-06 2 2 3 3 
4 4 0 0 0 0 0 0.785398 2 2 0 0 0 0 3 1 0 3 
4 4 0 0 0 0 0 0.785398 2 2 0 0 0 0 3 1 2 1 
4 4 0 0 0 0 0 0.785398 2 2 0 0 0 0 3 3 0 0 
4 4 0 0 0 0 0 0.785398 2 2 0 0 0 0 3 3 2 2 
4 4 0 0 0 0 0 0.785398 1 1 5.55971e-06 5.09341e-07 1.41992e-08 1.13243e-07 0 0 0 0 
4 4 0 0 0 0 0 0.785398 1 1 1.26703e-05 1.36321e-06 -5.50612e-07 3.94296e-07 0 2 0 3 
4 4 0 0 0 0 0 0.785398 2 2 0 0 0 0 1 1 1 1 
4 4 0 0 0 0 0 0.785398 2 2 0 0 0 0 1 3 1 2 
4 4 0 0 0 0 0 0.785398 1 1 1.1599e-05 1.35361e-06 -7.53757e-07 3.94226e-07 2 0 1 2 
4 4 0 0 0 0 0 0.785398 1 1 1.19665e-05 1.35479e-06 -5.43995e-07 3.93897e-07 2 2 1 1 
4 4 0 0 0 0 0 0.785398 2 2 0 0 0 0 3 1 0 3 
4 4 0 0 0 0 0 0.785398 2 2 0 0 0 0 3 3 0 0 
4 4 0 0 0 0 0 0.785398 1 1 4.34506e-06 7.88746e-08 1.56969e-07 1.73072e-08 0 0 0 0 
4 4 0 0 0 0 0 0.785398 2 2 0 0 0 0 1 1 1 1 
4 4 0 0 0 0 0 0.785398 1 1 -2.56185e-06 2.25244e-07 -4.81104e-06 1.69879e-07 2 0 0 3 
4 4 0 0 0 0 0 0.785398 2 2 0 0 0 0 3 1 1 2 
4 4 0 0 0 0 0 0.785398 1 1 -3.27019e-06 1.44382e-07 -2.96724e-07 3.51426e-08 0 0 0 0 
4 4 0 0 0 0 0 0.785398 2 2 0 0 0 0 1 1 1 1 
4 4 0 0 0 0 0 0.785398 1 1 -1.66638e-05 4.6258e-07 1.25428e-06 3.74841e-07 2 0 1 2 
4 4 0 0 0 0 0 0.785398 2 2 0 0 0 0 3 1 0 3 
4 4 0 0 0 0 0 0.785398 1 1 4.47378e-06 1.20226e-07 9.23023e-07 2.85992e-08 0 0 0 0 
4 4 0 0 0 0 0 0.785398 2 2 0 0 0 0 1 1 1 1 
4 4 0 0 0 0 0 0.785398 1 1 2.63013e-05 4.08633e-07 -1.68248e-06 3.09901e-07 2 0 3 0 
4 4 0 0 0 0 0 0.785398 2 2 0 0 0 0 3 1 2 1 
4 4 0 0 0 0 0 0.785398 1 1 -6.44737e-06 6.912e-08 -6.38974e-06 4.46228e-08 0 0 0 0 
4 4 0 0 0 0 0 0.785398 2 2 0 0 0 0 1 1 1 1 
4 4 0 0 0 0 0 0.785398 1 1 -0.000326045 3.32762e-06 -0.00125251 3.12353e-06 2 2 2 2 
4 4 0 0 0 0 0 0.785398 2 2 0 0 0 0 3 3 3 3 
4 4 0 0 0 0 0 0.785398 1 1 9.31163e-07 3.7119e-07 -7.76443e-09 9.16926e-08 0 0 0 0 
4 4 0 0 0 0 0 0.785398 2 2 0 0 0 0 1 1 1 1 
4 4 0 0 0 0 0 0.785398 1 1 -5.63713e-06 1.36188e-06 -2.63743e-06 9.01831e-07 2 2 1 1 
4 4 0 0 0 0 0 0.785398 2 2 0 0 0 0 3 3 0 0 
4 4 0 0 0 0 0 0.785398 1 1 2.45455e-06 5.39377e-08 -2.55778e-08 1.57644e-08 0 0 0 0 
4 4 0 0 0 0 0 0.785398 2 2 0 0 0 0 1 1 1 1 
4 4 0 0 0 0 0 0.785398 1 1 1.51298e-06 9.54995e-08 9.50421e-07 3.26967e-08 0 0 0 0 
4 4 0 0 0 0 0 0.785398 2 2 0 0 0 0 1 1 1 1 
4 4 0 0 0 0 0 0.785398 1 1 7.94485e-06 2.09016e-07 2.96854e-06 4.46559e-08 0 0 0 0 
4 4 0 0 0 0 0 0.785398 1 1 -3.79335e-06 3.43141e-07 5.39731e-06 1.22835e-07 0 2 0 2 
4 4 0 0 0 0 0 0.785398 2 2 0 0 0 0 1 1 1 1 
4 4 0 0 0 0 0 0.785398 2 2 0 0 0 0 1 3 1 3 
4 4 0 0 0 0 0 0.785398 1 1 -3.67169e-06 3.4356e-07 5.27272e-06 1.23009e-07 2 0 0 3 
4 4 0 0 0 0 0 0.785398 1 1 -3.89653e-06 3.44342e-07 5.58233e-06 1.22928e-07 2 2 0 1 
4 4 0 0 0 0 0 0.785398 2 2 0 0 0 0 3 1 1 2 
4 4 0 0 0 0 0 0.785398 2 2 0 0 0 0 3 3 1 0 
4 4 0 0 0 0 0 0.785398 1 1 4.45191e-06 1.20552e-07 9.63006e-07 2.87038e-08 0 0 0 0 
4 4 0 0 0 0 0 0.785398 2 2 0 0 0 0 1 1 1 1 
4 4 0 0 0 0 0 0.785398 1 1 2.71466e-05 4.11692e-07 -2.32846e-06 3.12067e-07 2 0 3 0 
4 4 0 0 0 0 0 0.785398 2 2 0 0 0 0 3 1 2 1 
4 4 0 0 0 0 0 0.785398 1 1 1.45687e-06 9.55928e-08 9.107e-07 3.26654e-08 0 0 0 0 
4 4 0 0 0 0 0 0.785398 2 2 0 0 0 0 1 1 1 1 
4 4 0 0 0 0 0 0.785398 1 1 5.18532e-06 6.37652e-08 4.45651e-06 4.20073e-08 0 0 0 0 
4 4 0 0 0 0 0 0.785398 2 2 0 0 0 0 1 1 1 1 
4 4 0 0 0 0 0 0.785398 1 1 -3.25981e-06 1.44367e-07 -2.45181e-07 3.5105e-08 0 0 0 0 
4 4 0 0 0 0 0 0.785398 2 2 0 0 0 0 1 1 1 1 
4 4 0 0 0 0 0 0.785398 1 1 -1.62875e-05 4.6153e-07 1.75923e-06 3.73793e-07 2 0 1 2 
4 4 0 0 0 0 0 0.785398 2 2 0 0 0 0 3 1 0 3 
4 4 0 0 0 0 0 0.785398 1 1 7.90042e-06 2.10172e-07 2.96651e-06 4.48899e-08 0 0 0 0 
4 4 0 0 0 0 0 0.785398 1 1 -4.12389e-06 3.41681e-07 5.40968e-06 1.22593e-07 0 2 2 0 
4 4 0 0 0 0 0 0.785398 2 2 0 0 0 0 1 1 1 1 
4 4 0 0 0 0 0 0.785398 2 2 0 0 0 0 1 3 3 1 
4 4 0 0 0 0 0 0.785398 1 1 -3.74231e-06 3.42519e-07 5.55273e-06 1.23038e-07 2 0 3 0 
4 4 0 0 0 0 0 0.785398 1 1 -4.28008e-06 3.42255e-07 5.49894e-06 1.2304e-07 2 2 1 0 
4 4 0 0 0 0 0 0.785398 2 2 0 0 0 0 3 1 2 1 
4 4 0 0 0 0 0 0.785398 2 2 0 0 0 0 3 3 0 1 
4 4 0 0 0 0 0 0.785398 1 1 5.01115e-06 5.11582e-07 1.65963e-07 1.1358e-07 0 0 0 0 
4 4 0 0 0 0 0 0.785398 1 1 1.16065e-05 1.34902e-06 -2.86531e-07 3.92227e-07 0 2 2 1 
4 4 0 0 0 0 0 0.785398 2 2 0 0 0 0 1 1 1 1 
4 4 0 0 0 0 0 0.785398 2 2 0 0 0 0 1 3 3 0 
4 4 0 0 0 0 0 0.785398 1 1 1.30331e-05 1.33808e-06 -9.82731e-07 3.91351e-07 2 0 3 0 
4 4 0 0 0 0 0 0.785398 1 1 1.04789e-05 1.35241e-06 -3.28939e-07 3.92667e-07 2 2 1 1 
4 4 0 0 0 0 0 0.785398 2 2 0 0 0 0 3 1 2 1 
4 4 0 0 0 0 0 0.785398 2 2 0 0 0 0 3 3 0 0 
4 4 0 0 0 0 0 0.785398 1 1 -6.44478e-06 6.92943e-08 -6.4342e-06 4.43949e-08 0 0 0 0 
4 4 0 0 0 0 0 0.785398 2 2 0 0 0 0 1 1 1 1 
4 4 0 0 0 0 0 0.785398 1 1 -0.00032747 3.34393e-06 -0.00125303 3.0993e-06 2 2 2 2 
4 4 0 0 0 0 0 0.785398 2 2 0 0 0 0 3 3 3 3 
4 4 0 0 0 0 0 0.785398 1 1 2.53345e-06 5.39956e-08 1.22383e-08 1.57875e-08 0 0 0 0 
4 4 0 0 0 0 0 0.785398 2 2 0 0 0 0 1 1 1 1 
4 4 0 0 0 0 0 0.785398 1 1 3.24719e-05 7.56542e-08 7.80217e-06 2.56265e-08 0 0 0 0 
4 4 0 0 0 0 0 0.785398 1 1 5.9924e-05 4.93711e-07 6.71445e-05 2.45081e-07 0 2 0 3 
4 4 0 0 0 0 0 0.785398 2 2 0 0 0 0 1 1 1 1 
4 4 0 0 0 0 0 0.785398 2 2 0 0 0 0 1 3 1 2 
4 4 0 0 0 0 0 0.785398 1 1 6.01887e-05 4.92136e-07 6.67962e-05 2.45384e-07 2 0 2 0 
4 4 0 0 0 0 0 0.785398 1 1 -0.000773428 2.70606e-06 0.000656597 1.89369e-06 2 2 2 3 
4 4 0 0 0 0 0 0.785398 2 2 0 0 0 0 3 1 3 1 
4 4 0 0 0 0 0 0.785398 2 2 0 0 0 0 3 3 3 2 
4 4 0 0 0 0 0 0.785398 1 1 -2.1208e-06 4.90235e-08 -3.54524e-07 1.34855e-08 0 0 0 0 
4 4 0 0 0 0 0 0.785398 2 2 0 0 0 0 1 1 1 1 
4 4 0 0 0 0 0 0.785398 1 1 -2.64223e-05 2.11767e-07 1.15945e-05 1.19139e-07 2 0 2 0 
4 4 0 0 0 0 0 0.785398 2 2 0 0 0 0 3 1 3 1 
4 4 0 0 0 0 0 0.785398 1 1 -4.11291e-06 5.73293e-08 8.71087e-07 2.0294e-08 0 0 0 0 
4 4 0 0 0 0 0 0.785398 2 2 0 0 0 0 1 1 1 1 
4 4 0 0 0 0 0 0.785398 1 1 -2.82031e-05 4.11378e-07 -5.29287e-07 2.25291e-07 2 0 0 3 
4 4 0 0 0 0 0 0.785398 2 2 0 0 0 0 3 1 1 2 
4 4 0 0 0 0 0 0.785398 1 1 1.24155e-06 2.85441e-08 -7.3687e-07 7.66206e-09 0 0 0 0 
4 4 0 0 0 0 0 0.785398 2 2 0 0 0 0 1 1 1 1 
4 4 0 0 0 0 0 0.785398 1 1 -1.07657e-06 3.54512e-08 3.46437e-07 1.46556e-08 0 0 0 0 
4 4 0 0 0 0 0 0.785398 2 2 0 0 0 0 1 1 1 1 
4 4 0 0 0 0 0 0.785398 1 1 -1.13675e-06 3.54671e-08 3.3472e-07 1.47023e-08 0 0 0 0 
4 4 0 0 0 0 0 0.785398 2 2 0 0 0 0 1 1 1 1 
4 4 0 0 0 0 0 0.785398 1 1 3.0262e-06 4.93629e-08 1.55798e-06 3.24731e-08 0 0 0 0 
4 4 0 0 0 0 0 0.785398 2 2 0 0 0 0 1 1 1 1 
4 4 0 0 0 0 0 0.785398 1 1 -3.13281e-07 5.97935e-08 -4.06644e-07 2.67493e-08 0 0 0 0 
4 4 0 0 0 0 0 0.785398 2 2 0 0 0 0 1 1 1 1 
4 4 0 0 0 0 0 0.785398 1 1 -3.27338e-05 1.12955e-07 -4.18571e-06 3.62609e-08 0 0 0 0 
4 4 0 0 0 0 0 0.785398 1 1 -6.68891e-05 4.15839e-07 2.21354e-05 2.58359e-07 0 2 0 3 
4 4 0 0 0 0 0 0.785398 2 2 0 0 0 0 1 1 1 1 
4 4 0 0 0 0 0 0.785398 2 2 0 0 0 0 1 3 1 2 
4 4 0 0 0 0 0 0.785398 1 1 -0.000239309 8.64647e-07 6.40504e-05 5.38673e-07 2 0 2 2 
4 4 0 0 0 0 0 0.785398 1 1 -0.000240075 8.6398e-07 6.54756e-05 5.39586e-07 2 2 2 1 
4 4 0 0 0 0 0 0.785398 2 2 0 0 0 0 3 1 3 3 
4 4 0 0 0 0 0 0.785398 2 2 0 0 0 0 3 3 3 0 
4 4 0 0 0 0 0 0.785398 1 1 -9.98948e-07 4.58463e-08 5.36828e-08 1.77313e-08 0 0 0 0 
4 4 0 0 0 0 0 0.785398 2 2 0 0 0 0 1 1 1 1 
4 4 0 0 0 0 0 0.785398 1 1 7.60355e-06 6.44116e-07 9.35523e-06 5.88433e-07 2 0 2 2 
4 4 0 0 0 0 0 0.785398 2 2 0 0 0 0 3 1 3 3 
4 4 0 0 0 0 0 0.785398 1 1 -3.99742e-06 5.73256e-08 8.52615e-07 2.03339e-08 0 0 0 0 
4 4 0 0 0 0 0 0.785398 2 2 0 0 0 0 1 1 1 1 
4 4 0 0 0 0 0 0.785398 1 1 -2.6785e-05 4.09983e-07 -4.94037e-07 2.25415e-07 2 0 3 0 
4 4 0 0 0 0 0 0.785398 2 2 0 0 0 0 3 1 2 1 
4 4 0 0 0 0 0 0.785398 1 1 -1.69693e-05 7.09407e-08 -2.84006e-06 2.43743e-08 0 0 0 0 
4 4 0 0 0 0 0 0.785398 2 2 0 0 0 0 1 1 1 1 
4 4 0 0 0 0 0 0.785398 1 1 -3.42704e-05 3.34414e-07 8.19963e-06 2.47052e-07 2 0 3 0 
4 4 0 0 0 0 0 0.785398 2 2 0 0 0 0 3 1 2 1 
4 4 0 0 0 0 0 0.785398 1 1 4.42832e-07 8.93215e-08 4.45575e-07 3.49865e-08 0 0 0 0 
4 4 0 0 0 0 0 0.785398 2 2 0 0 0 0 1 1 1 1 
4 4 0 0 0 0 0 0.785398 1 1 1.99016e-05 1.17898e-06 3.75061e-05 1.13287e-06 2 2 2 1 
4 4 0 0 0 0 0 0.785398 2 2 0 0 0 0 3 3 3 0 
4 4 0 0 0 0 0 0.785398 1 1 -5.09222e-07 3.66097e-08 7.25521e-08 1.2152e-08 0 0 0 0 
4 4 0 0 0 0 0 0.785398 2 2 0 0 0 0 1 1 1 1 
4 4 0 0 0 0 0 0.785398 1 1 4.30527e-07 4.82865e-08 -1.80742e-09 2.08404e-08 0 0 0 0 
4 4 0 0 0 0 0 0.785398 2 2 0 0 0 0 1 1 1 1 
4 4 0 0 0 0 0 0.785398 1 1 -5.73439e-07 3.66118e-08 5.05889e-08 1.21269e-08 0 0 0 0 
4 4 0 0 0 0 0 0.785398 2 2 0 0 0 0 1 1 1 1 
4 4 0 0 0 0 0 0.785398 1 1 -2.99325e-07 6.00459e-08 -3.50112e-07 2.68308e-08 0 0 0 0 
4 4 0 0 0 0 0 0.785398 2 2 0 0 0 0 1 1 1 1 
4 4 0 0 0 0 0 0.785398 1 1 3.25657e-05 1.12535e-07 4.15994e-06 3.62522e-08 0 0 0 0 
4 4 0 0 0 0 0 0.785398 1 1 6.66561e-05 4.15546e-07 -2.2421e-05 2.59019e-07 0 2 0 3 
4 4 0 0 0 0 0 0.785398 2 2 0 0 0 0 1 1 1 1 
4 4 0 0 0 0 0 0.785398 2 2 0 0 0 0 1 3 1 2 
4 4 0 0 0 0 0 0.785398 1 1 0.000239407 8.68351e-07 -6.48571e-05 5.39397e-07 2 0 2 2 
4 4 0 0 0 0 0 0.785398 1 1 0.000238712 8.6657e-07 -6.34983e-05 5.38951e-07 2 2 2 1 
4 4 0 0 0 0 0 0.785398 2 2 0 0 0 0 3 1 3 3 
4 4 0 0 0 0 0 0.785398 2 2 0 0 0 0 3 3 3 0 
4 4 0 0 0 0 0 0.785398 1 1 -3.27602e-05 1.13091e-07 -4.13669e-06 3.64283e-08 0 0 0 0 
4 4 0 0 0 0 0 0.785398 1 1 -0.000241684 8.70285e-07 6.54289e-05 5.42764e-07 0 2 2 2 
4 4 0 0 0 0 0 0.785398 2 2 0 0 0 0 1 1 1 1 
4 4 0 0 0 0 0 0.785398 2 2 0 0 0 0 1 3 3 3 
4 4 0 0 0 0 0 0.785398 1 1 -6.59089e-05 4.12522e-07 2.24504e-05 2.56593e-07 2 0 3 0 
4 4 0 0 0 0 0 0.785398 1 1 -0.000239829 8.66989e-07 6.53025e-05 5.40198e-07 2 2 1 2 
4 4 0 0 0 0 0 0.785398 2 2 0 0 0 0 3 1 2 1 
4 4 0 0 0 0 0 0.785398 2 2 0 0 0 0 3 3 0 3 
4 4 0 0 0 0 0 0.785398 1 1 3.26459e-05 1.1311e-07 4.12919e-06 3.62994e-08 0 0 0 0 
4 4 0 0 0 0 0 0.785398 1 1 0.000240284 8.62904e-07 -6.47488e-05 5.38944e-07 0 2 2 2 
4 4 0 0 0 0 0 0.785398 2 2 0 0 0 0 1 1 1 1 
4 4 0 0 0 0 0 0.785398 2 2 0 0 0 0 1 3 3 3 
4 4 0 0 0 0 0 0.785398 1 1 6.65588e-05 4.14467e-07 -2.25497e-05 2.58311e-07 2 0 3 0 
4 4 0 0 0 0 0 0.785398 1 1 0.000239234 8.62694e-07 -6.46209e-05 5.38351e-07 2 2 1 2 
4 4 0 0 0 0 0 0.785398 2 2 0 0 0 0 3 1 2 1 
4 4 0 0 0 0 0 0.785398 2 2 0 0 0 0 3 3 0 3 
4 4 0 0 0 0 0 0.785398 1 1 -2.16343e-06 4.90169e-08 -3.17879e-07 1.3489e-08 0 0 0 0 
4 4 0 0 0 0 0 0.785398 2 2 0 0 0 0 1 1 1 1 
4 4 0 0 0 0 0 0.785398 1 1 -2.65273e-05 2.11707e-07 1.15506e-05 1.18616e-07 2 0 3 0 
4 4 0 0 0 0 0 0.785398 2 2 0 0 0 0 3 1 2 1 
4 4 0 0 0 0 0 0.785398 1 1 -4.21763e-07 8.94009e-08 -5.21601e-07 3.47289e-08 0 0 0 0 
4 4 0 0 0 0 0 0.785398 2 2 0 0 0 0 1 1 1 1 
4 4 0 0 0 0 0 0.785398 1 1 -2.20396e-05 1.1741e-06 -3.71685e-05 1.12565e-06 2 2 2 1 
4 4 0 0 0 0 0 0.785398 2 2 0 0 0 0 3 3 3 0 
4 4 0 0 0 0 0 0.785398 1 1 -3.0381e-06 4.79921e-08 -2.14117e-06 3.30319e-08 0 0 0 0 
4 4 0 0 0 0 0 0.785398 2 2 0 0 0 0 1 1 1 1 
4 4 0 0 0 0 0 0.785398 1 1 -1.09427e-06 4.58576e-08 7.51482e-08 1.77989e-08 0 0 0 0 
4 4 0 0 0 0 0 0.785398 2 2 0 0 0 0 1 1 1 1 
4 4 0 0 0 0 0 0.785398 1 1 8.04699e-06 6.45786e-07 8.83132e-06 5.88692e-07 2 0 3 3 
4 4 0 0 0 0 0 0.785398 2 2 0 0 0 0 3 1 2 2 
4 4 0 0 0 0 0 0.785398 1 1 3.67362e-06 5.09091e-08 3.53206e-06 3.57673e-08 0 0 0 0 
4 4 0 0 0 0 0 0.785398 2 2 0 0 0 0 1 1 1 1 
4 4 0 0 0 0 0 0.785398 1 1 0.000162738 2.2523e-06 0.000783433 2.23138e-06 2 2 2 2 
4 4 0 0 0 0 0 0.785398 2 2 0 0 0 0 3 3 3 3 
4 4 0 0 0 0 0 0.785398 1 1 3.7096e-07 8.94167e-08 4.78533e-07 3.47295e-08 0 0 0 0 
4 4 0 0 0 0 0 0.785398 2 2 0 0 0 0 1 1 1 1 
4 4 0 0 0 0 0 0.785398 1 1 2.51473e-05 1.17184e-06 3.71175e-05 1.13259e-06 2 2 2 1 
4 4 0 0 0 0 0 0.785398 2 2 0 0 0 0 3 3 3 0 
4 4 0 0 0 0 0 0.785398 1 1 1.09627e-06 4.58776e-08 -9.97659e-08 1.76906e-08 0 0 0 0 
4 4 0 0 0 0 0 0.785398 2 2 0 0 0 0 1 1 1 1 
4 4 0 0 0 0 0 0.785398 1 1 -7.54584e-06 6.4405e-07 -9.23843e-06 5.87454e-07 2 0 2 2 
4 4 0 0 0 0 0 0.785398 2 2 0 0 0 0 3 1 3 3 
4 4 0 0 0 0 0 0.785398 1 1 -1.70191e-05 7.11426e-08 -2.82873e-06 2.4352e-08 0 0 0 0 
4 4 0 0 0 0 0 0.785398 2 2 0 0 0 0 1 1 1 1 
4 4 0 0 0 0 0 0.785398 1 1 -3.40555e-05 3.34472e-07 8.22021e-06 2.45871e-07 2 0 3 0 
4 4 0 0 0 0 0 0.785398 2 2 0 0 0 0 3 1 2 1 
4 4 0 0 0 0 0 0.785398 1 1 3.63324e-06 5.07138e-08 3.51641e-06 3.55149e-08 0 0 0 0 
4 4 0 0 0 0 0 0.785398 2 2 0 0 0 0 1 1 1 1 
4 4 0 0 0 0 0 0.785398 1 1 0.00015873 2.24416e-06 0.000777773 2.21557e-06 2 2 2 2 
4 4 0 0 0 0 0 0.785398 2 2 0 0 0 0 3 3 3 3 
4 4 0 0 0 0 0 0.785398 1 1 9.26372e-07 4.59818e-08 -7.57057e-08 1.77889e-08 0 0 0 0 
4 4 0 0 0 0 0 0.785398 2 2 0 0 0 0 1 1 1 1 
4 4 0 0 0 0 0 0.785398 1 1 -8.75025e-06 6.45506e-07 -1.00816e-05 5.86254e-07 2 0 3 3 
4 4 0 0 0 0 0 0.785398 2 2 0 0 0 0 3 1 2 2 
4 4 0 0 0 0 0 0.785398 1 1 -6.43172e-07 8.90838e-08 -5.02911e-07 3.45584e-08 0 0 0 0 
4 4 0 0 0 0 0 0.785398 2 2 0 0 0 0 1 1 1 1 
4 4 0 0 0 0 0 0.785398 1 1 -1.978e-05 1.18114e-06 -3.87507e-05 1.13628e-06 2 2 2 1 
4 4 0 0 0 0 0 0.785398 2 2 0 0 0 0 3 3 3 0 
4 4 0 0 0 0 0 0.785398 1 1 -2.89868e-06 4.811e-08 -2.1205e-06 3.31167e-08 0 0 0 0 
4 4 0 0 0 0 0 0.785398 2 2 0 0 0 0 1 1 1 1 
4 4 0 0 0 0 0 0.785398 1 1 6.42338e-06 9.38045e-08 1.09819e-07 4.15184e-08 0 0 0 0 
4 4 0 0 0 0 0 0.785398 1 1 -0.000113754 1.75344e-06 7.30296e-05 8.45019e-07 0 2 0 3 
4 4 0 0 0 0 0 0.785398 2 2 0 0 0 0 1 1 1 1 
4 4 0 0 0 0 0 0.785398 2 2 0 0 0 0 1 3 1 2 
4 4 0 0 0 0 0 0.785398 1 1 1.16671e-05 3.11207e-07 -3.40064e-05 1.82804e-07 2 0 2 0 
4 4 0 0 0 0 0 0.785398 1 1 -0.000300121 6.12006e-06 7.35104e-05 2.93008e-06 2 2 2 3 
4 4 0 0 0 0 0 0.785398 2 2 0 0 0 0 3 1 3 1 
4 4 0 0 0 0 0 0.785398 2 2 0 0 0 0 3 3 3 2 
4 4 0 0 0 0 0 0.785398 1 1 1.26775e-05 4.45409e-07 7.84995e-06 9.25115e-08 0 0 0 0 
4 4 0 0 0 0 0 0.785398 1 1 3.90859e-05 1.56122e-06 1.62366e-05 3.2125e-07 0 2 0 2 
4 4 0 0 0 0 0 0.785398 2 2 0 0 0 0 1 1 1 1 
4 4 0 0 0 0 0 0.785398 2 2 0 0 0 0 1 3 1 3 
4 4 0 0 0 0 0 0.785398 1 1 -4.1108e-05 2.35121e-06 7.52298e-05 8.85266e-07 2 1 2 1 
4 4 0 0 0 0 0 0.785398 1 1 -8.73625e-05 8.21709e-06 0.000108651 3.08859e-06 2 3 2 3 
4 4 0 0 0 0 0 0.785398 2 2 0 0 0 0 3 0 3 0 
4 4 0 0 0 0 0 0.785398 2 2 0 0 0 0 3 2 3 2 
4 4 0 0 0 0 0 0.785398 1 1 1.31121e-05 4.44365e-07 7.75073e-06 9.17887e-08 0 0 0 0 
4 4 0 0 0 0 0 0.785398 1 1 3.87946e-05 1.55103e-06 1.56623e-05 3.18782e-07 0 2 0 2 
4 4 0 0 0 0 0 0.785398 2 2 0 0 0 0 1 1 1 1 
4 4 0 0 0 0 0 0.785398 2 2 0 0 0 0 1 3 1 3 
4 4 0 0 0 0 0 0.785398 1 1 -4.56141e-05 2.3512e-06 7.6582e-05 8.8972e-07 2 1 2 1 
4 4 0 0 0 0 0 0.785398 1 1 -6.45878e-05 8.21569e-06 0.000113847 3.10476e-06 2 3 2 3 
4 4 0 0 0 0 0 0.785398 2 2 0 0 0 0 3 0 3 0 
4 4 0 0 0 0 0 0.785398 2 2 0 0 0 0 3 2 3 2 
4 4 0 0 0 0 0 0.785398 1 1 -1.41032e-06 7.5952e-08 -3.90672e-06 2.15002e-08 0 0 0 0 
4 4 0 0 0 0 0 0.785398 2 2 0 0 0 0 1 1 1 1 
4 4 0 0 0 0 0 0.785398 1 1 1.46838e-06 2.50517e-07 -8.62827e-06 7.68531e-08 2 0 2 0 
4 4 0 0 0 0 0 0.785398 2 2 0 0 0 0 3 1 3 1 
4 4 0 0 0 0 0 0.785398 1 1 -2.03294e-06 6.1484e-08 -1.23047e-06 2.73477e-08 0 0 0 0 
4 4 0 0 0 0 0 0.785398 2 2 0 0 0 0 1 1 1 1 
4 4 0 0 0 0 0 0.785398 1 1 9.84499e-06 1.27099e-06 -5.061e-06 6.05021e-07 2 0 3 0 
4 4 0 0 0 0 0 0.785398 2 2 0 0 0 0 3 1 2 1 
4 4 0 0 0 0 0 0.785398 1 1 -9.71816e-06 2.10308e-07 -2.45084e-06 3.99769e-08 0 0 0 0 
4 4 0 0 0 0 0 0.785398 2 2 0 0 0 0 1 1 1 1 
4 4 0 0 0 0 0 0.785398 1 1 -2.95737e-05 7.36002e-07 -5.03567e-06 1.39734e-07 2 0 3 0 
4 4 0 0 0 0 0 0.785398 2 2 0 0 0 0 3 1 2 1 
4 4 0 0 0 0 0 0.785398 1 1 -1.62689e-06 7.57566e-08 -3.93267e-06 2.13251e-08 0 0 0 0 
4 4 0 0 0 0 0 0.785398 2 2 0 0 0 0 1 1 1 1 
4 4 0 0 0 0 0 0.785398 1 1 2.05484e-06 2.50434e-07 -8.73364e-06 7.71822e-08 2 0 3 0 
4 4 0 0 0 0 0 0.785398 2 2 0 0 0 0 3 1 2 1 
4 4 0 0 0 0 0 0.785398 1 1 -1.17936e-06 3.25841e-07 -2.93008e-07 6.82887e-08 0 0 0 0 
4 4 0 0 0 0 0 0.785398 2 2 0 0 0 0 1 1 1 1 
4 4 0 0 0 0 0 0.785398 1 1 3.31405e-06 1.72578e-06 -5.36619e-06 6.55911e-07 2 2 1 1 
4 4 0 0 0 0 0 0.785398 2 2 0 0 0 0 3 3 0 0 
4 4 0 0 0 0 0 0.785398 1 1 6.87576e-07 5.35664e-08 3.55713e-07 1.50935e-08 0 0 0 0 
4 4 0 0 0 0 0 0.785398 2 2 0 0 0 0 1 1 1 1 
4 4 0 0 0 0 0 0.785398 1 1 6.55016e-07 5.36583e-08 3.51013e-07 1.50614e-08 0 0 0 0 
4 4 0 0 0 0 0 0.785398 2 2 0 0 0 0 1 1 1 1 
4 4 0 0 0 0 0 0.785398 1 1 -1.101e-06 3.26504e-07 -2.79553e-07 6.85784e-08 0 0 0 0 
4 4 0 0 0 0 0 0.785398 2 2 0 0 0 0 1 1 1 1 
4 4 0 0 0 0 0 0.785398 1 1 2.69978e-06 1.71739e-06 -4.53937e-06 6.55635e-07 2 2 1 1 
4 4 0 0 0 0 0 0.785398 2 2 0 0 0 0 3 3 0 0 
4 4 0 0 0 0 0 0.785398 1 1 9.24017e-07 1.52506e-07 1.40646e-07 2.94312e-08 0 0 0 0 
4 4 0 0 0 0 0 0.785398 2 2 0 0 0 0 1 1 1 1 
4 4 0 0 0 0 0 0.785398 1 1 7.25087e-05 2.83779e-07 0 0 0 0 0 0 
4 4 0 0 0 0 0 0.785398 1 1 -0.000126226 6.7795e-07 0 0 0 2 0 2 
4 4 0 0 0 0 0 0.785398 2 2 0 0 0 0 1 1 1 1 
4 4 0 0 0 0 0 0.785398 2 2 0 0 0 0 1 3 1 3 
4 4 0 0 0 0 0 0.785398 1 1 -0.0001268 6.76385e-07 0 0 2 0 0 3 
4 4 0 0 0 0 0 0.785398 1 1 -0.000127224 6.82338e-07 0 0 2 2 0 1 
4 4 0 0 0 0 0 0.785398 2 2 0 0 0 0 3 1 1 2 
4 4 0 0 0 0 0 0.785398 2 2 0 0 0 0 3 3 1 0 
4 4 0 0 0 0 0 0.785398 1 1 -2.05961e-06 1.96815e-06 0 0 0 0 0 0 
4 4 0 0 0 0 0 0.785398 1 1 6.4355e-07 5.19882e-06 0 0 0 0 2 2 
4 4 0 0 0 0 0 0.785398 1 1 -1.15958e-05 9.53491e-06 0 0 0 2 0 3 
4 4 0 0 0 0 0 0.785398 1 1 -1.52138e-05 5.24793e-06 0 0 0 2 2 1 
4 4 0 0 0 0 0 0.785398 2 2 0 0 0 0 1 1 1 1 
4 4 0 0 0 0 0 0.785398 2 2 0 0 0 0 1 1 3 3 
4 4 0 0 0 0 0 0.785398 2 2 0 0 0 0 1 3 1 2 
4 4 0 0 0 0 0 0.785398 2 2 0 0 0 0 1 3 3 0 
4 4 0 0 0 0 0 0.785398 1 1 -2.92055e-06 3.91303e-06 0 0 2 1 1 1 
4 4 0 0 0 0 0 0.785398 1 1 2.65923e-06 1.04842e-05 0 0 2 1 3 3 
4 4 0 0 0 0 0 0.785398 1 1 6.61974e-06 1.05712e-05 0 0 2 3 1 2 
4 4 0 0 0 0 0 0.785398 1 1 1.35023e-05 1.05146e-05 0 0 2 3 3 0 
4 4 0 0 0 0 0 0.785398 2 2 0 0 0 0 3 0 0 0 
4 4 0 0 0 0 0 0.785398 2 2 0 0 0 0 3 0 2 2 
4 4 0 0 0 0 0 0.785398 2 2 0 0 0 0 3 2 0 3 
4 4 0 0 0 0 0 0.785398 2 2 0 0 0 0 3 2 2 1 
4 4 0 0 0 0 0 0.785398 1 1 1.89632e-06 1.31811e-06 0 0 0 0 0 0 
4 4 0 0 0 0 0 0.785398 1 1 3.39003e-07 4.3275e-06 0 0 0 2 0 3 
4 4 0 0 0 0 0 0.785398 2 2 0 0 0 0 1 1 1 1 
4 4 0 0 0 0 0 0.785398 2 2 0 0 0 0 1 3 1 2 
4 4 0 0 0 0 0 0.785398 1 1 1.1272e-07 2.66196e-06 0 0 2 1 1 1 
4 4 0 0 0 0 0 0.785398 1 1 -5.25772e-06 8.58696e-06 0 0 2 3 1 2 
4 4 0 0 0 0 0 0.785398 2 2 0 0 0 0 3 0 0 0 
4 4 0 0 0 0 0 0.785398 2 2 0 0 0 0 3 2 0 3 
4 4 0 0 0 0 0 0.785398 1 1 6.42832e-07 1.10919e-06 0 0 0 0 0 0 
4 4 0 0 0 0 0 0.785398 1 1 -4.09204e-06 7.81244e-06 0 0 0 2 2 2 
4 4 0 0 0 0 0 0.785398 2 2 0 0 0 0 1 1 1 1 
4 4 0 0 0 0 0 0.785398 2 2 0 0 0 0 1 3 3 3 
4 4 0 0 0 0 0 0.785398 1 1 7.84589e-07 2.23126e-06 0 0 2 1 1 1 
4 4 0 0 0 0 0 0.785398 1 1 4.29507e-06 1.57479e-05 0 0 2 3 3 3 
4 4 0 0 0 0 0 0.785398 2 2 0 0 0 0 3 0 0 0 
4 4 0 0 0 0 0 0.785398 2 2 0 0 0 0 3 2 2 2 
4 4 0 0 0 0 0 0.785398 1 1 -5.21294e-06 1.81665e-07 0 0 0 0 0 0 
4 4 0 0 0 0 0 0.785398 2 2 0 0 0 0 1 1 1 1 
4 4 0 0 0 0 0 0.785398 1 1 -1.77335e-05 5.62968e-07 0 0 2 0 0 3 
4 4 0 0 0 0 0 0.785398 2 2 0 0 0 0 3 1 1 2 
4 4 0 0 0 0 0 0.785398 1 1 7.52973e-07 2.00271e-07 0 0 0 0 0 0 
4 4 0 0 0 0 0 0.785398 2 2 0 0 0 0 1 1 1 1 
4 4 0 0 0 0 0 0.785398 1 1 1.71905e-06 6.06802e-07 0 0 2 0 1 2 
4 4 0 0 0 0 0 0.785398 2 2 0 0 0 0 3 1 0 3 
4 4 0 0 0 0 0 0.785398 1 1 -1.22267e-06 1.39158e-07 0 0 0 0 0 0 
4 4 0 0 0 0 0 0.785398 2 2 0 0 0 0 1 1 1 1 
4 4 0 0 0 0 0 0.785398 1 1 -3.11504e-08 1.3091e-07 0 0 0 0 0 0 
4 4 0 0 0 0 0 0.785398 2 2 0 0 0 0 1 1 1 1 
4 4 0 0 0 0 0 0.785398 1 1 -1.27423e-06 1.39329e-07 0 0 0 0 0 0 
4 4 0 0 0 0 0 0.785398 2 2 0 0 0 0 1 1 1 1 
4 4 0 0 0 0 0 0.785398 1 1 -5.19521e-06 1.82254e-07 0 0 0 0 0 0 
4 4 0 0 0 0 0 0.785398 2 2 0 0 0 0 1 1 1 1 
4 4 0 0 0 0 0 0.785398 1 1 -1.76945e-05 5.61848e-07 0 0 2 0 3 0 
4 4 0 0 0 0 0 0.785398 2 2 0 0 0 0 3 1 2 1 
4 4 0 0 0 0 0 0.785398 1 1 6.99824e-07 1.01607e-06 0 0 0 0 0 0 
4 4 0 0 0 0 0 0.785398 2 2 0 0 0 0 1 1 1 1 
4 4 0 0 0 0 0 0.785398 1 1 1.58981e-06 2.03868e-06 0 0 2 1 1 1 
4 4 0 0 0 0 0 0.785398 2 2 0 0 0 0 3 0 0 0 
4 4 0 0 0 0 0 0.785398 1 1 -7.53042e-07 1.32613e-06 0 0 0 0 0 0 
4 4 0 0 0 0 0 0.785398 1 1 4.82945e-06 4.28919e-06 0 0 0 2 0 3 
4 4 0 0 0 0 0 0.785398 2 2 0 0 0 0 1 1 1 1 
4 4 0 0 0 0 0 0.785398 2 2 0 0 0 0 1 3 1 2 
4 4 0 0 0 0 0 0.785398 1 1 -3.59475e-06 2.6705e-06 0 0 2 1 1 1 
4 4 0 0 0 0 0 0.785398 1 1 9.1535e-06 8.62875e-06 0 0 2 3 1 2 
4 4 0 0 0 0 0 0.785398 2 2 0 0 0 0 3 0 0 0 
4 4 0 0 0 0 0 0.785398 2 2 0 0 0 0 3 2 0 3 
4 4 0 0 0 0 0 0.785398 1 1 -1.62162e-06 1.11326e-06 0 0 0 0 0 0 
4 4 0 0 0 0 0 0.785398 1 1 -8.30725e-06 7.74038e-06 0 0 0 2 2 2 
4 4 0 0 0 0 0 0.785398 2 2 0 0 0 0 1 1 1 1 
4 4 0 0 0 0 0 0.785398 2 2 0 0 0 0 1 3 3 3 
4 4 0 0 0 0 0 0.785398 1 1 1.41095e-06 2.2122e-06 0 0 2 1 1 1 
4 4 0 0 0 0 0 0.785398 1 1 2.84502e-05 1.56157e-05 0 0 2 3 3 3 
4 4 0 0 0 0 0 0.785398 2 2 0 0 0 0 3 0 0 0 
4 4 0 0 0 0 0 0.785398 2 2 0 0 0 0 3 2 2 2 
4 4 0 0 0 0 0 0.785398 1 1 -1.0699e-06 1.01948e-06 0 0 0 0 0 0 
4 4 0 0 0 0 0 0.785398 2 2 0 0 0 0 1 1 1 1 
4 4 0 0 0 0 0 0.785398 1 1 -8.02244e-07 2.03701e-06 0 0 2 1 1 1 
4 4 0 0 0 0 0 0.785398 2 2 0 0 0 0 3 0 0 0 
4 4 0 0 0 0 0 0.785398 1 1 -3.75826e-07 1.31736e-07 0 0 0 0 0 0 
4 4 0 0 0 0 0 0.785398 2 2 0 0 0 0 1 1 1 1 
4 4 0 0 0 0 0 0.785398 1 1 2.69514e-06 1.35136e-06 0 0 0 0 0 0 
4 4 0 0 0 0 0 0.785398 1 1 5.03757e-06 4.43757e-06 0 0 0 2 2 1 
4 4 0 0 0 0 0 0.785398 2 2 0 0 0 0 1 1 1 1 
4 4 0 0 0 0 0 0.785398 2 2 0 0 0 0 1 3 3 0 
4 4 0 0 0 0 0 0.785398 1 1 2.61259e-06 2.71917e-06 0 0 2 1 1 1 
4 4 0 0 0 0 0 0.785398 1 1 1.01998e-05 8.90274e-06 0 0 2 3 3 0 
4 4 0 0 0 0 0 0.785398 2 2 0 0 0 0 3 0 0 0 
4 4 0 0 0 0 0 0.785398 2 2 0 0 0 0 3 2 2 1 
4 4 0 0 0 0 0 0.785398 1 1 -4.17349e-05 1.50189e-07 0 0 0 0 0 0 
4 4 0 0 0 0 0 0.785398 2 2 0 0 0 0 1 1 1 1 
4 4 0 0 0 0 0 0.785398 1 1 -0.000435329 1.07372e-06 0 0 2 0 3 2 
4 4 0 0 0 0 0 0.785398 2 2 0 0 0 0 3 1 2 3 
4 4 0 0 0 0 0 0.785398 1 1 4.18665e-05 1.50778e-07 0 0 0 0 0 0 
4 4 0 0 0 0 0 0.785398 2 2 0 0 0 0 1 1 1 1 
4 4 0 0 0 0 0 0.785398 1 1 0.000435328 1.075e-06 0 0 2 0 3 2 
4 4 0 0 0 0 0 0.785398 2 2 0 0 0 0 3 1 2 3 
4 4 0 0 0 0 0 0.785398 1 1 -9.70323e-07 9.92829e-07 0 0 0 0 0 0 
4 4 0 0 0 0 0 0.785398 2 2 0 0 0 0 1 1 1 1 
4 4 0 0 0 0 0 0.785398 1 1 2.24535e-07 1.96558e-06 0 0 2 1 1 1 
4 4 0 0 0 0 0 0.785398 2 2 0 0 0 0 3 0 0 0 
4 4 0 0 0 0 0 0.785398 1 1 7.76795e-08 1.02635e-06 0 0 0 0 0 0 
4 4 0 0 0 0 0 0.785398 2 2 0 0 0 0 1 1 1 1 
4 4 0 0 0 0 0 0.785398 1 1 7.29865e-07 2.02466e-06 0 0 2 1 1 1 
4 4 0 0 0 0 0 0.785398 2 2 0 0 0 0 3 0 0 0 
4 4 0 0 0 0 0 0.785398 1 1 3.14389e-08 3.31476e-07 1.1633e-07 1.49044e-07 0 0 0 0 
4 4 0 0 0 0 0 0.785398 1 1 8.22805e-07 4.8474e-06 -5.6392e-06 2.18922e-06 0 2 2 0 
4 4 0 0 0 0 0 0.785398 2 2 0 0 0 0 1 1 1 1 
4 4 0 0 0 0 0 0.785398 2 2 0 0 0 0 1 3 3 1 
4 4 0 0 0 0 0 0.785398 1 1 -2.98523e-07 6.67831e-07 4.14528e-07 3.00669e-07 2 0 0 1 
4 4 0 0 0 0 0 0.785398 1 1 8.30363e-06 9.75766e-06 3.87937e-07 4.41484e-06 2 2 2 1 
4 4 0 0 0 0 0 0.785398 2 2 0 0 0 0 3 1 1 0 
4 4 0 0 0 0 0 0.785398 2 2 0 0 0 0 3 3 3 0 
4 4 0 0 0 0 0 0.785398 1 1 2.06064e-06 1.27299e-06 -3.60355e-07 2.44263e-07 0 0 0 0 
4 4 0 0 0 0 0 0.785398 1 1 1.35097e-06 2.53171e-06 4.36098e-07 4.8654e-07 0 2 0 1 
4 4 0 0 0 0 0 0.785398 2 2 0 0 0 0 1 1 1 1 
4 4 0 0 0 0 0 0.785398 2 2 0 0 0 0 1 3 1 0 
4 4 0 0 0 0 0 0.785398 1 1 2.42361e-06 6.59041e-06 -3.32544e-06 2.28346e-06 2 1 2 1 
4 4 0 0 0 0 0 0.785398 1 1 -1.86221e-05 1.32903e-05 5.04879e-06 4.56479e-06 2 3 2 0 
4 4 0 0 0 0 0 0.785398 2 2 0 0 0 0 3 0 3 0 
4 4 0 0 0 0 0 0.785398 2 2 0 0 0 0 3 2 3 1 
4 4 0 0 0 0 0 0.785398 1 1 7.74344e-07 1.26652e-06 -3.91835e-07 2.42755e-07 0 0 0 0 
4 4 0 0 0 0 0 0.785398 1 1 3.02088e-06 2.54662e-06 -4.32252e-08 4.88648e-07 0 2 0 1 
4 4 0 0 0 0 0 0.785398 2 2 0 0 0 0 1 1 1 1 
4 4 0 0 0 0 0 0.785398 2 2 0 0 0 0 1 3 1 0 
4 4 0 0 0 0 0 0.785398 1 1 -2.77283e-06 6.60631e-06 6.40553e-07 2.27073e-06 2 1 2 1 
4 4 0 0 0 0 0 0.785398 1 1 1.04598e-05 1.32318e-05 -6.02893e-06 4.55375e-06 2 3 2 0 
4 4 0 0 0 0 0 0.785398 2 2 0 0 0 0 3 0 3 0 
4 4 0 0 0 0 0 0.785398 2 2 0 0 0 0 3 2 3 1 
4 4 0 0 0 0 0 0.785398 1 1 1.38381e-07 1.11612e-07 2.57241e-07 5.97819e-08 0 0 0 0 
4 4 0 0 0 0 0 0.785398 2 2 0 0 0 0 1 1 1 1 
4 4 0 0 0 0 0 0.785398 1 1 1.5952e-06 3.01407e-06 1.29754e-06 1.22973e-06 2 0 3 0 
4 4 0 0 0 0 0 0.785398 2 2 0 0 0 0 3 1 2 1 
4 4 0 0 0 0 0 0.785398 1 1 -1.53259e-07 1.90443e-07 1.09951e-08 6.53002e-08 0 0 0 0 
4 4 0 0 0 0 0 0.785398 2 2 0 0 0 0 1 1 1 1 
4 4 0 0 0 0 0 0.785398 1 1 6.53726e-07 3.82415e-07 -2.61765e-07 1.31039e-07 2 0 1 0 
4 4 0 0 0 0 0 0.785398 2 2 0 0 0 0 3 1 0 1 
4 4 0 0 0 0 0 0.785398 1 1 6.09524e-08 8.09081e-07 1.65974e-07 1.54279e-07 0 0 0 0 
4 4 0 0 0 0 0 0.785398 2 2 0 0 0 0 1 1 1 1 
4 4 0 0 0 0 0 0.785398 1 1 5.4924e-06 4.23149e-06 1.92499e-06 1.32308e-06 2 2 1 1 
4 4 0 0 0 0 0 0.785398 2 2 0 0 0 0 3 3 0 0 
4 4 0 0 0 0 0 0.785398 1 1 -6.15467e-07 8.19931e-07 8.99398e-08 1.56764e-07 0 0 0 0 
4 4 0 0 0 0 0 0.785398 2 2 0 0 0 0 1 1 1 1 
4 4 0 0 0 0 0 0.785398 1 1 9.77889e-07 4.19953e-06 1.34628e-06 1.33235e-06 2 2 1 1 
4 4 0 0 0 0 0 0.785398 2 2 0 0 0 0 3 3 0 0 
4 4 0 0 0 0 0 0.785398 1 1 5.16925e-07 3.69246e-07 -5.3303e-08 6.64031e-08 0 0 0 0 
4 4 0 0 0 0 0 0.785398 2 2 0 0 0 0 1 1 1 1 
4 4 0 0 0 0 0 0.785398 1 1 1.85497e-07 1.90901e-07 1.06441e-08 6.56785e-08 0 0 0 0 
4 4 0 0 0 0 0 0.785398 2 2 0 0 0 0 1 1 1 1 
4 4 0 0 0 0 0 0.785398 1 1 -3.79196e-07 3.79043e-07 6.18007e-08 1.30361e-07 2 0 0 1 
4 4 0 0 0 0 0 0.785398 2 2 0 0 0 0 3 1 1 0 
4 4 0 0 0 0 0 0.785398 1 1 -1.106e-06 5.98564e-07 2.5588e-08 1.06885e-07 0 0 0 0 
4 4 0 0 0 0 0 0.785398 2 2 0 0 0 0 1 1 1 1 
4 4 0 0 0 0 0 0.785398 1 1 6.38208e-07 1.18667e-06 9.51781e-08 2.1201e-07 2 0 1 0 
4 4 0 0 0 0 0 0.785398 2 2 0 0 0 0 3 1 0 1 
4 4 0 0 0 0 0 0.785398 1 1 -2.07393e-08 9.1294e-08 -1.04264e-07 3.23122e-08 0 0 0 0 
4 4 0 0 0 0 0 0.785398 2 2 0 0 0 0 1 1 1 1 
4 4 0 0 0 0 0 0.785398 1 1 -1.45107e-07 9.12514e-08 -7.19164e-08 3.25915e-08 0 0 0 0 
4 4 0 0 0 0 0 0.785398 2 2 0 0 0 0 1 1 1 1 
4 4 0 0 0 0 0 0.785398 1 1 2.22122e-06 9.0594e-08 5.83473e-06 3.22596e-08 0 0 0 0 
4 4 0 0 0 0 0 0.785398 1 1 -3.62786e-05 1.26699e-06 -3.20267e-05 8.02062e-07 0 2 2 2 
4 4 0 0 0 0 0 0.785398 2 2 0 0 0 0 1 1 1 1 
4 4 0 0 0 0 0 0.785398 2 2 0 0 0 0 1 3 3 3 
4 4 0 0 0 0 0 0.785398 1 1 -6.93477e-06 2.7987e-07 3.30272e-06 1.33524e-07 2 0 0 3 
4 4 0 0 0 0 0 0.785398 1 1 -3.61833e-05 1.2646e-06 -3.31773e-05 7.99935e-07 2 2 2 1 
4 4 0 0 0 0 0 0.785398 2 2 0 0 0 0 3 1 1 2 
4 4 0 0 0 0 0 0.785398 2 2 0 0 0 0 3 3 3 0 
4 4 0 0 0 0 0 0.785398 1 1 -6.39472e-05 2.82477e-07 -2.74608e-06 5.07916e-08 0 0 0 0 
4 4 0 0 0 0 0 0.785398 1 1 -0.000394985 1.69534e-06 4.41633e-05 3.8043e-07 0 2 2 2 
4 4 0 0 0 0 0 0.785398 2 2 0 0 0 0 1 1 1 1 
4 4 0 0 0 0 0 0.785398 2 2 0 0 0 0 1 3 3 3 
4 4 0 0 0 0 0 0.785398 1 1 -0.000395147 1.71221e-06 4.38149e-05 3.80056e-07 2 0 3 3 
4 4 0 0 0 0 0 0.785398 1 1 -0.000170707 1.03881e-06 2.93958e-05 3.08826e-07 2 2 1 1 
4 4 0 0 0 0 0 0.785398 2 2 0 0 0 0 3 1 2 2 
4 4 0 0 0 0 0 0.785398 2 2 0 0 0 0 3 3 0 0 
4 4 0 0 0 0 0 0.785398 1 1 9.77474e-07 4.48266e-08 8.09274e-07 1.69453e-08 0 0 0 0 
4 4 0 0 0 0 0 0.785398 2 2 0 0 0 0 1 1 1 1 
4 4 0 0 0 0 0 0.785398 1 1 -2.53204e-06 1.07825e-06 3.48716e-05 6.67775e-07 2 0 3 2 
4 4 0 0 0 0 0 0.785398 2 2 0 0 0 0 3 1 2 3 
4 4 0 0 0 0 0 0.785398 1 1 -2.85081e-06 6.29223e-08 1.57803e-08 1.46275e-08 0 0 0 0 
4 4 0 0 0 0 0 0.785398 2 2 0 0 0 0 1 1 1 1 
4 4 0 0 0 0 0 0.785398 1 1 -2.67365e-05 6.36165e-07 4.48496e-06 3.7996e-07 2 0 3 3 
4 4 0 0 0 0 0 0.785398 2 2 0 0 0 0 3 1 2 2 
4 4 0 0 0 0 0 0.785398 1 1 -3.49388e-07 8.46149e-08 7.66906e-07 2.08529e-08 0 0 0 0 
4 4 0 0 0 0 0 0.785398 2 2 0 0 0 0 1 1 1 1 
4 4 0 0 0 0 0 0.785398 1 1 -7.91417e-06 2.42209e-07 1.57676e-06 8.03513e-08 2 0 3 0 
4 4 0 0 0 0 0 0.785398 2 2 0 0 0 0 3 1 2 1 
4 4 0 0 0 0 0 0.785398 1 1 -5.98842e-07 5.50271e-08 -1.8256e-07 1.47496e-08 0 0 0 0 
4 4 0 0 0 0 0 0.785398 2 2 0 0 0 0 1 1 1 1 
4 4 0 0 0 0 0 0.785398 1 1 1.2698e-05 3.57391e-07 1.82874e-05 6.76061e-08 0 0 0 0 
4 4 0 0 0 0 0 0.785398 1 1 5.66663e-05 1.01903e-06 4.31426e-05 2.01012e-07 0 2 0 3 
4 4 0 0 0 0 0 0.785398 2 2 0 0 0 0 1 1 1 1 
4 4 0 0 0 0 0 0.785398 2 2 0 0 0 0 1 3 1 2 
4 4 0 0 0 0 0 0.785398 1 1 -0.000276745 1.4867e-06 0.00013364 6.20243e-07 2 1 2 1 
4 4 0 0 0 0 0 0.785398 1 1 -0.000509393 4.36108e-06 0.000294878 1.94303e-06 2 3 2 2 
4 4 0 0 0 0 0 0.785398 2 2 0 0 0 0 3 0 3 0 
4 4 0 0 0 0 0 0.785398 2 2 0 0 0 0 3 2 3 3 
4 4 0 0 0 0 0 0.785398 1 1 -3.04568e-07 8.45202e-08 7.65821e-07 2.08603e-08 0 0 0 0 
4 4 0 0 0 0 0 0.785398 2 2 0 0 0 0 1 1 1 1 
4 4 0 0 0 0 0 0.785398 1 1 -7.86366e-06 2.42009e-07 1.61021e-06 8.01264e-08 2 0 0 3 
4 4 0 0 0 0 0 0.785398 2 2 0 0 0 0 3 1 1 2 
4 4 0 0 0 0 0 0.785398 1 1 6.14048e-07 6.56579e-08 4.12928e-07 2.45814e-08 0 0 0 0 
4 4 0 0 0 0 0 0.785398 2 2 0 0 0 0 1 1 1 1 
4 4 0 0 0 0 0 0.785398 1 1 -3.94004e-05 1.1463e-06 3.91255e-05 7.02978e-07 2 2 2 1 
4 4 0 0 0 0 0 0.785398 2 2 0 0 0 0 3 3 3 0 
4 4 0 0 0 0 0 0.785398 1 1 9.6169e-07 2.65641e-07 -1.61832e-07 4.95683e-08 0 0 0 0 
4 4 0 0 0 0 0 0.785398 2 2 0 0 0 0 1 1 1 1 
4 4 0 0 0 0 0 0.785398 1 1 6.22839e-06 1.09131e-06 -4.15518e-06 4.15599e-07 2 2 1 1 
4 4 0 0 0 0 0 0.785398 2 2 0 0 0 0 3 3 0 0 
4 4 0 0 0 0 0 0.785398 1 1 -4.25714e-07 5.51048e-08 4.9137e-08 1.39035e-08 0 0 0 0 
4 4 0 0 0 0 0 0.785398 2 2 0 0 0 0 1 1 1 1 
4 4 0 0 0 0 0 0.785398 1 1 8.8504e-06 3.77674e-08 7.16049e-07 1.33698e-08 0 0 0 0 
4 4 0 0 0 0 0 0.785398 2 2 0 0 0 0 1 1 1 1 
4 4 0 0 0 0 0 0.785398 1 1 -6.95507e-06 5.26828e-08 3.10541e-06 2.40746e-08 0 0 0 0 
4 4 0 0 0 0 0 0.785398 2 2 0 0 0 0 1 1 1 1 
4 4 0 0 0 0 0 0.785398 1 1 -7.41745e-06 2.02788e-07 3.38614e-05 1.25073e-07 2 0 0 3 
4 4 0 0 0 0 0 0.785398 2 2 0 0 0 0 3 1 1 2 
4 4 0 0 0 0 0 0.785398 1 1 -2.77935e-06 6.31182e-08 -1.22617e-08 1.46551e-08 0 0 0 0 
4 4 0 0 0 0 0 0.785398 2 2 0 0 0 0 1 1 1 1 
4 4 0 0 0 0 0 0.785398 1 1 -2.67892e-05 6.35402e-07 5.1811e-06 3.81871e-07 2 0 3 2 
4 4 0 0 0 0 0 0.785398 2 2 0 0 0 0 3 1 2 3 
4 4 0 0 0 0 0 0.785398 1 1 -4.89e-07 5.54594e-08 6.3257e-08 1.40146e-08 0 0 0 0 
4 4 0 0 0 0 0 0.785398 2 2 0 0 0 0 1 1 1 1 
4 4 0 0 0 0 0 0.785398 1 1 4.28333e-08 6.19444e-08 1.68121e-07 1.59757e-08 0 0 0 0 
4 4 0 0 0 0 0 0.785398 2 2 0 0 0 0 1 1 1 1 
4 4 0 0 0 0 0 0.785398 1 1 8.8652e-07 2.64957e-07 -2.71159e-07 4.93189e-08 0 0 0 0 
4 4 0 0 0 0 0 0.785398 2 2 0 0 0 0 1 1 1 1 
4 4 0 0 0 0 0 0.785398 1 1 6.4942e-06 1.09562e-06 -3.3365e-06 4.22609e-07 2 2 1 1 
4 4 0 0 0 0 0 0.785398 2 2 0 0 0 0 3 3 0 0 
4 4 0 0 0 0 0 0.785398 1 1 -2.14561e-06 9.12103e-08 -5.85404e-06 3.24491e-08 0 0 0 0 
4 4 0 0 0 0 0 0.785398 1 1 3.71311e-05 1.2561e-06 3.26876e-05 7.99984e-07 0 2 2 2 
4 4 0 0 0 0 0 0.785398 2 2 0 0 0 0 1 1 1 1 
4 4 0 0 0 0 0 0.785398 2 2 0 0 0 0 1 3 3 3 
4 4 0 0 0 0 0 0.785398 1 1 7.47288e-06 2.80213e-07 -2.96166e-06 1.33068e-07 2 0 0 3 
4 4 0 0 0 0 0 0.785398 1 1 3.58023e-05 1.25901e-06 3.31999e-05 7.99753e-07 2 2 2 1 
4 4 0 0 0 0 0 0.785398 2 2 0 0 0 0 3 1 1 2 
4 4 0 0 0 0 0 0.785398 2 2 0 0 0 0 3 3 3 0 
4 4 0 0 0 0 0 0.785398 1 1 -1.01123e-06 4.4958e-08 -8.28968e-07 1.69952e-08 0 0 0 0 
4 4 0 0 0 0 0 0.785398 2 2 0 0 0 0 1 1 1 1 
4 4 0 0 0 0 0 0.785398 1 1 2.01089e-06 1.0838e-06 -3.59178e-05 6.75418e-07 2 0 3 2 
4 4 0 0 0 0 0 0.785398 2 2 0 0 0 0 3 1 2 3 
4 4 0 0 0 0 0 0.785398 1 1 1.48836e-06 3.85478e-08 1.56446e-06 2.05038e-08 0 0 0 0 
4 4 0 0 0 0 0 0.785398 2 2 0 0 0 0 1 1 1 1 
4 4 0 0 0 0 0 0.785398 1 1 0.000156987 2.30355e-06 0.000432497 1.51604e-06 2 2 2 2 
4 4 0 0 0 0 0 0.785398 2 2 0 0 0 0 3 3 3 3 
4 4 0 0 0 0 0 0.785398 1 1 -6.13602e-07 6.54706e-08 -4.25027e-07 2.44881e-08 0 0 0 0 
4 4 0 0 0 0 0 0.785398 2 2 0 0 0 0 1 1 1 1 
4 4 0 0 0 0 0 0.785398 1 1 3.92328e-05 1.13902e-06 -3.74006e-05 6.91892e-07 2 2 2 1 
4 4 0 0 0 0 0 0.785398 2 2 0 0 0 0 3 3 3 0 
4 4 0 0 0 0 0 0.785398 1 1 2.15014e-06 2.46725e-07 -1.02395e-07 4.59734e-08 0 0 0 0 
4 4 0 0 0 0 0 0.785398 2 2 0 0 0 0 1 1 1 1 
4 4 0 0 0 0 0 0.785398 1 1 1.96838e-05 1.00029e-06 2.51068e-06 3.88093e-07 2 2 1 1 
4 4 0 0 0 0 0 0.785398 2 2 0 0 0 0 3 3 0 0 
4 4 0 0 0 0 0 0.785398 1 1 6.41705e-07 3.5433e-08 -3.03286e-07 1.76589e-08 0 0 0 0 
4 4 0 0 0 0 0 0.785398 2 2 0 0 0 0 1 1 1 1 
4 4 0 0 0 0 0 0.785398 1 1 -2.13901e-06 3.29949e-08 -4.98771e-07 1.49979e-08 0 0 0 0 
4 4 0 0 0 0 0 0.785398 2 2 0 0 0 0 1 1 1 1 
4 4 0 0 0 0 0 0.785398 1 1 6.45318e-05 2.8524e-07 2.839e-06 5.12425e-08 0 0 0 0 
4 4 0 0 0 0 0 0.785398 1 1 0.000395554 1.72094e-06 -4.41323e-05 3.84065e-07 0 2 2 2 
4 4 0 0 0 0 0 0.785398 2 2 0 0 0 0 1 1 1 1 
4 4 0 0 0 0 0 0.785398 2 2 0 0 0 0 1 3 3 3 
4 4 0 0 0 0 0 0.785398 1 1 0.000394548 1.6889e-06 -4.43712e-05 3.80033e-07 2 0 3 3 
4 4 0 0 0 0 0 0.785398 1 1 0.000168078 1.0268e-06 -2.80243e-05 3.08705e-07 2 2 1 1 
4 4 0 0 0 0 0 0.785398 2 2 0 0 0 0 3 1 2 2 
4 4 0 0 0 0 0 0.785398 2 2 0 0 0 0 3 3 0 0 
4 4 0 0 0 0 0 0.785398 1 1 2.82313e-06 6.29198e-08 3.46377e-08 1.46184e-08 0 0 0 0 
4 4 0 0 0 0 0 0.785398 2 2 0 0 0 0 1 1 1 1 
4 4 0 0 0 0 0 0.785398 1 1 2.66019e-05 6.32981e-07 -4.335e-06 3.78359e-07 2 0 3 3 
4 4 0 0 0 0 0 0.785398 2 2 0 0 0 0 3 1 2 2 
4 4 0 0 0 0 0 0.785398 1 1 1.54107e-06 3.85941e-08 1.60499e-06 2.05822e-08 0 0 0 0 
4 4 0 0 0 0 0 0.785398 2 2 0 0 0 0 1 1 1 1 
4 4 0 0 0 0 0 0.785398 1 1 0.000154057 2.31248e-06 0.000433401 1.52471e-06 2 2 2 2 
4 4 0 0 0 0 0 0.785398 2 2 0 0 0 0 3 3 3 3 
4 4 0 0 0 0 0 0.785398 1 1 6.44998e-07 3.55322e-08 -3.16177e-07 1.77247e-08 0 0 0 0 
4 4 0 0 0 0 0 0.785398 2 2 0 0 0 0 1 1 1 1 
4 4 0 0 0 0 0 0.785398 1 1 2.83515e-06 6.26096e-08 1.65873e-08 1.45973e-08 0 0 0 0 
4 4 0 0 0 0 0 0.785398 2 2 0 0 0 0 1 1 1 1 
4 4 0 0 0 0 0 0.785398 1 1 2.60252e-05 6.35739e-07 -4.92315e-06 3.82444e-07 2 0 3 2 
4 4 0 0 0 0 0 0.785398 2 2 0 0 0 0 3 1 2 3 
4 4 0 0 0 0 0 0.785398 1 1 -1.62776e-06 3.96287e-08 -1.10596e-06 1.66862e-08 0 0 0 0 
4 4 0 0 0 0 0 0.785398 2 2 0 0 0 0 1 1 1 1 
4 4 0 0 0 0 0 0.785398 1 1 6.32965e-09 6.16709e-08 1.75542e-07 1.58771e-08 0 0 0 0 
4 4 0 0 0 0 0 0.785398 2 2 0 0 0 0 1 1 1 1 
4 4 0 0 0 0 0 0.785398 1 1 -5.32782e-07 5.46904e-08 -1.54877e-07 1.47084e-08 0 0 0 0 
4 4 0 0 0 0 0 0.785398 2 2 0 0 0 0 1 1 1 1 
4 4 0 0 0 0 0 0.785398 1 1 2.39428e-05 4.87931e-07 2.27793e-06 1.05759e-07 0 0 0 0 
4 4 0 0 0 0 0 0.785398 1 1 5.97912e-05 1.58368e-06 -1.55618e-05 4.40395e-07 0 2 0 3 
4 4 0 0 0 0 0 0.785398 2 2 0 0 0 0 1 1 1 1 
4 4 0 0 0 0 0 0.785398 2 2 0 0 0 0 1 3 1 2 
4 4 0 0 0 0 0 0.785398 1 1 5.85661e-05 1.56793e-06 -1.46421e-05 4.3773e-07 2 0 1 2 
4 4 0 0 0 0 0 0.785398 1 1 5.45155e-05 1.56379e-06 -1.36875e-05 4.38041e-07 2 2 1 1 
4 4 0 0 0 0 0 0.785398 2 2 0 0 0 0 3 1 0 3 
4 4 0 0 0 0 0 0.785398 2 2 0 0 0 0 3 3 0 0 
4 4 0 0 0 0 0 0.785398 1 1 2.39748e-05 4.89385e-07 2.46576e-06 1.05811e-07 0 0 0 0 
4 4 0 0 0 0 0 0.785398 1 1 5.79362e-05 1.56957e-06 -1.45977e-05 4.37367e-07 0 2 2 1 
4 4 0 0 0 0 0 0.785398 2 2 0 0 0 0 1 1 1 1 
4 4 0 0 0 0 0 0.785398 2 2 0 0 0 0 1 3 3 0 
4 4 0 0 0 0 0 0.785398 1 1 5.69409e-05 1.58602e-06 -1.48558e-05 4.39828e-07 2 0 3 0 
4 4 0 0 0 0 0 0.785398 1 1 5.52578e-05 1.57725e-06 -1.38831e-05 4.3833e-07 2 2 1 1 
4 4 0 0 0 0 0 0.785398 2 2 0 0 0 0 3 1 2 1 
4 4 0 0 0 0 0 0.785398 2 2 0 0 0 0 3 3 0 0 
4 4 0 0 0 0 0 0.785398 1 1 -4.28357e-06 8.3623e-08 -8.80026e-07 2.21043e-08 0 0 0 0 
4 4 0 0 0 0 0 0.785398 2 2 0 0 0 0 1 1 1 1 
4 4 0 0 0 0 0 0.785398 1 1 -3.07245e-05 3.85093e-07 2.58051e-06 2.95821e-07 2 0 2 0 
4 4 0 0 0 0 0 0.785398 2 2 0 0 0 0 3 1 3 1 
4 4 0 0 0 0 0 0.785398 1 1 -2.97439e-06 1.44143e-07 -6.65863e-07 3.54147e-08 0 0 0 0 
4 4 0 0 0 0 0 0.785398 2 2 0 0 0 0 1 1 1 1 
4 4 0 0 0 0 0 0.785398 1 1 -1.53892e-05 9.04773e-07 6.74625e-07 4.82912e-07 2 0 3 0 
4 4 0 0 0 0 0 0.785398 2 2 0 0 0 0 3 1 2 1 
4 4 0 0 0 0 0 0.785398 1 1 3.48381e-06 6.26567e-08 5.3144e-06 4.598e-08 0 0 0 0 
4 4 0 0 0 0 0 0.785398 2 2 0 0 0 0 1 1 1 1 
4 4 0 0 0 0 0 0.785398 1 1 -2.02669e-05 2.4453e-06 0.000128703 1.94204e-06 2 0 3 3 
4 4 0 0 0 0 0 0.785398 2 2 0 0 0 0 3 1 2 2 
4 4 0 0 0 0 0 0.785398 1 1 4.78657e-07 1.77811e-07 -1.34365e-07 4.2476e-08 0 0 0 0 
4 4 0 0 0 0 0 0.785398 2 2 0 0 0 0 1 1 1 1 
4 4 0 0 0 0 0 0.785398 1 1 -2.33967e-06 7.90374e-07 -2.40114e-07 4.84289e-07 2 0 1 2 
4 4 0 0 0 0 0 0.785398 2 2 0 0 0 0 3 1 0 3 
4 4 0 0 0 0 0 0.785398 1 1 -2.10384e-06 1.62881e-07 -1.99118e-06 6.91082e-08 0 0 0 0 
4 4 0 0 0 0 0 0.785398 2 2 0 0 0 0 1 1 1 1 
4 4 0 0 0 0 0 0.785398 1 1 -2.43657e-07 2.70384e-06 -0.000128016 2.06619e-06 2 2 2 1 
4 4 0 0 0 0 0 0.785398 2 2 0 0 0 0 3 3 3 0 
4 4 0 0 0 0 0 0.785398 1 1 -4.21231e-07 3.51985e-07 1.57495e-08 8.70205e-08 0 0 0 0 
4 4 0 0 0 0 0 0.785398 2 2 0 0 0 0 1 1 1 1 
4 4 0 0 0 0 0 0.785398 1 1 6.59874e-06 1.65443e-06 1.41208e-06 1.03244e-06 2 2 1 1 
4 4 0 0 0 0 0 0.785398 2 2 0 0 0 0 3 3 0 0 
4 4 0 0 0 0 0 0.785398 1 1 -2.39814e-06 3.79348e-08 2.76352e-08 1.40858e-08 0 0 0 0 
4 4 0 0 0 0 0 0.785398 2 2 0 0 0 0 1 1 1 1 
4 4 0 0 0 0 0 0.785398 1 1 -8.8939e-08 1.25229e-07 -2.11269e-07 4.09205e-08 0 0 0 0 
4 4 0 0 0 0 0 0.785398 2 2 0 0 0 0 1 1 1 1 
4 4 0 0 0 0 0 0.785398 1 1 2.13776e-06 1.04597e-07 1.66661e-06 4.88821e-08 0 0 0 0 
4 4 0 0 0 0 0 0.785398 2 2 0 0 0 0 1 1 1 1 
4 4 0 0 0 0 0 0.785398 1 1 -1.51453e-06 1.14112e-07 -9.26696e-07 3.84833e-08 0 0 0 0 
4 4 0 0 0 0 0 0.785398 2 2 0 0 0 0 1 1 1 1 
4 4 0 0 0 0 0 0.785398 1 1 -4.33518e-06 8.37707e-08 -8.11595e-07 2.21535e-08 0 0 0 0 
4 4 0 0 0 0 0 0.785398 2 2 0 0 0 0 1 1 1 1 
4 4 0 0 0 0 0 0.785398 1 1 -3.08534e-05 3.84709e-07 2.12004e-06 2.96251e-07 2 0 3 0 
4 4 0 0 0 0 0 0.785398 2 2 0 0 0 0 3 1 2 1 
4 4 0 0 0 0 0 0.785398 1 1 -6.4437e-07 3.50488e-07 7.58679e-08 8.69842e-08 0 0 0 0 
4 4 0 0 0 0 0 0.785398 2 2 0 0 0 0 1 1 1 1 
4 4 0 0 0 0 0 0.785398 1 1 2.65115e-06 1.63775e-06 3.61286e-06 1.03388e-06 2 2 1 1 
4 4 0 0 0 0 0 0.785398 2 2 0 0 0 0 3 3 0 0 
4 4 0 0 0 0 0 0.785398 1 1 -2.36882e-06 3.77521e-08 3.25621e-08 1.40498e-08 0 0 0 0 
4 4 0 0 0 0 0 0.785398 2 2 0 0 0 0 1 1 1 1 
4 4 0 0 0 0 0 0.785398 1 1 -1.13801e-06 1.31172e-07 -7.30268e-07 4.08917e-08 0 0 0 0 
4 4 0 0 0 0 0 0.785398 2 2 0 0 0 0 1 1 1 1 
4 4 0 0 0 0 0 0.785398 1 1 -1.14245e-06 3.50505e-07 6.69187e-09 8.65491e-08 0 0 0 0 
4 4 0 0 0 0 0 0.785398 2 2 0 0 0 0 1 1 1 1 
4 4 0 0 0 0 0 0.785398 1 1 4.00976e-06 1.64249e-06 4.00316e-06 1.02637e-06 2 2 1 1 
4 4 0 0 0 0 0 0.785398 2 2 0 0 0 0 3 3 0 0 
4 4 0 0 0 0 0 0.785398 1 1 5.59636e-07 1.78657e-07 -3.76864e-08 4.24714e-08 0 0 0 0 
4 4 0 0 0 0 0 0.785398 2 2 0 0 0 0 1 1 1 1 
4 4 0 0 0 0 0 0.785398 1 1 -2.59769e-06 7.85677e-07 -3.94231e-07 4.82887e-07 2 0 1 2 
4 4 0 0 0 0 0 0.785398 2 2 0 0 0 0 3 1 0 3 
4 4 0 0 0 0 0 0.785398 1 1 -3.60488e-06 6.27492e-08 -5.25171e-06 4.61125e-08 0 0 0 0 
4 4 0 0 0 0 0 0.785398 2 2 0 0 0 0 1 1 1 1 
4 4 0 0 0 0 0 0.785398 1 1 2.03038e-05 2.44473e-06 -0.000126227 1.94723e-06 2 0 3 3 
4 4 0 0 0 0 0 0.785398 2 2 0 0 0 0 3 1 2 2 
4 4 0 0 0 0 0 0.785398 1 1 -1.39803e-06 8.72753e-08 1.45015e-09 2.33781e-08 0 0 0 0 
4 4 0 0 0 0 0 0.785398 2 2 0 0 0 0 1 1 1 1 
4 4 0 0 0 0 0 0.785398 1 1 -1.1989e-06 1.30161e-07 -6.80807e-07 4.06517e-08 0 0 0 0 
4 4 0 0 0 0 0 0.785398 2 2 0 0 0 0 1 1 1 1 
4 4 0 0 0 0 0 0.785398 1 1 -4.44697e-07 6.76607e-08 -3.84148e-07 2.67515e-08 0 0 0 0 
4 4 0 0 0 0 0 0.785398 2 2 0 0 0 0 1 1 1 1 
4 4 0 0 0 0 0 0.785398 1 1 -1.72293e-06 8.77717e-08 -1.97159e-08 2.3415e-08 0 0 0 0 
4 4 0 0 0 0 0 0.785398 2 2 0 0 0 0 1 1 1 1 
4 4 0 0 0 0 0 0.785398 1 1 5.60218e-07 1.78258e-07 -6.64263e-08 4.2548e-08 0 0 0 0 
4 4 0 0 0 0 0 0.785398 2 2 0 0 0 0 1 1 1 1 
4 4 0 0 0 0 0 0.785398 1 1 -1.73559e-06 7.8528e-07 2.18064e-07 4.82419e-07 2 0 1 2 
4 4 0 0 0 0 0 0.785398 2 2 0 0 0 0 3 1 0 3 
4 4 0 0 0 0 0 0.785398 1 1 2.42732e-05 4.86657e-07 2.58262e-06 1.05471e-07 0 0 0 0 
4 4 0 0 0 0 0 0.785398 1 1 5.63733e-05 1.55539e-06 -1.41542e-05 4.34761e-07 0 2 0 3 
4 4 0 0 0 0 0 0.785398 2 2 0 0 0 0 1 1 1 1 
4 4 0 0 0 0 0 0.785398 2 2 0 0 0 0 1 3 1 2 
4 4 0 0 0 0 0 0.785398 1 1 5.65853e-05 1.57948e-06 -1.47939e-05 4.39283e-07 2 0 1 2 
4 4 0 0 0 0 0 0.785398 1 1 5.51553e-05 1.56615e-06 -1.41073e-05 4.37658e-07 2 2 1 1 
4 4 0 0 0 0 0 0.785398 2 2 0 0 0 0 3 1 0 3 
4 4 0 0 0 0 0 0.785398 2 2 0 0 0 0 3 3 0 0 
4 4 0 0 0 0 0 0.785398 1 1 2.39488e-05 4.87069e-07 2.34869e-06 1.05668e-07 0 0 0 0 
4 4 0 0 0 0 0 0.785398 1 1 5.70569e-05 1.57799e-06 -1.43703e-05 4.38832e-07 0 2 2 1 
4 4 0 0 0 0 0 0.785398 2 2 0 0 0 0 1 1 1 1 
4 4 0 0 0 0 0 0.785398 2 2 0 0 0 0 1 3 3 0 
4 4 0 0 0 0 0 0.785398 1 1 5.78378e-05 1.58449e-06 -1.48441e-05 4.39373e-07 2 0 3 0 
4 4 0 0 0 0 0 0.785398 1 1 5.63437e-05 1.57209e-06 -1.40698e-05 4.39378e-07 2 2 1 1 
4 4 0 0 0 0 0 0.785398 2 2 0 0 0 0 3 1 2 1 
4 4 0 0 0 0 0 0.785398 2 2 0 0 0 0 3 3 0 0 
4 4 0 0 0 0 0 0.785398 1 1 3.49801e-06 6.23045e-08 5.27521e-06 4.60273e-08 0 0 0 0 
4 4 0 0 0 0 0 0.785398 2 2 0 0 0 0 1 1 1 1 
4 4 0 0 0 0 0 0.785398 1 1 -2.0696e-05 2.45e-06 0.000130795 1.95399e-06 2 0 2 2 
4 4 0 0 0 0 0 0.785398 2 2 0 0 0 0 3 1 3 3 
4 4 0 0 0 0 0 0.785398 1 1 -3.62272e-06 6.25408e-08 -5.29195e-06 4.64011e-08 0 0 0 0 
4 4 0 0 0 0 0 0.785398 2 2 0 0 0 0 1 1 1 1 
4 4 0 0 0 0 0 0.785398 1 1 1.82929e-05 2.44893e-06 -0.000130153 1.97127e-06 2 0 2 2 
4 4 0 0 0 0 0 0.785398 2 2 0 0 0 0 3 1 3 3 
4 4 0 0 0 0 0 0.785398 1 1 -8.41434e-07 3.46876e-07 6.72301e-08 8.62394e-08 0 0 0 0 
4 4 0 0 0 0 0 0.785398 2 2 0 0 0 0 1 1 1 1 
4 4 0 0 0 0 0 0.785398 1 1 5.35126e-06 1.63942e-06 3.58562e-06 1.03284e-06 2 2 1 1 
4 4 0 0 0 0 0 0.785398 2 2 0 0 0 0 3 3 0 0 
4 4 0 0 0 0 0 0.785398 1 1 -8.83534e-08 1.25403e-07 -3.00592e-07 4.10092e-08 0 0 0 0 
4 4 0 0 0 0 0 0.785398 2 2 0 0 0 0 1 1 1 1 
4 4 0 0 0 0 0 0.785398 1 1 2.05519e-06 5.10668e-08 2.55845e-06 3.88813e-08 0 0 0 0 
4 4 0 0 0 0 0 0.785398 2 2 0 0 0 0 1 1 1 1 
4 4 0 0 0 0 0 0.785398 1 1 1.95723e-06 1.64118e-07 1.98346e-06 6.93825e-08 0 0 0 0 
4 4 0 0 0 0 0 0.785398 2 2 0 0 0 0 1 1 1 1 
4 4 0 0 0 0 0 0.785398 1 1 -2.77768e-06 2.70056e-06 0.000127991 2.08518e-06 2 2 2 1 
4 4 0 0 0 0 0 0.785398 2 2 0 0 0 0 3 3 3 0 
4 4 0 0 0 0 0 0.785398 1 1 -2.9085e-06 1.44334e-07 -6.36662e-07 3.55074e-08 0 0 0 0 
4 4 0 0 0 0 0 0.785398 2 2 0 0 0 0 1 1 1 1 
4 4 0 0 0 0 0 0.785398 1 1 -1.68518e-05 9.06502e-07 1.87931e-06 4.8621e-07 2 0 0 3 
4 4 0 0 0 0 0 0.785398 2 2 0 0 0 0 3 1 1 2 
4 4 0 0 0 0 0 0.785398 1 1 -1.61126e-08 1.79014e-07 -2.12229e-07 4.26918e-08 0 0 0 0 
4 4 0 0 0 0 0 0.785398 2 2 0 0 0 0 1 1 1 1 
4 4 0 0 0 0 0 0.785398 1 1 -1.89723e-06 7.80799e-07 2.45943e-07 4.8248e-07 2 0 1 2 
4 4 0 0 0 0 0 0.785398 2 2 0 0 0 0 3 1 0 3 
4 4 0 0 0 0 0 0.785398 1 1 -2.12244e-06 1.64966e-07 -2.02816e-06 6.92457e-08 0 0 0 0 
4 4 0 0 0 0 0 0.785398 2 2 0 0 0 0 1 1 1 1 
4 4 0 0 0 0 0 0.785398 1 1 3.96931e-07 2.67627e-06 -0.000125283 2.05013e-06 2 2 2 1 
4 4 0 0 0 0 0 0.785398 2 2 0 0 0 0 3 3 3 0 
4 4 0 0 0 0 0 0.785398 1 1 2.19515e-06 1.64207e-07 2.02447e-06 6.90994e-08 0 0 0 0 
4 4 0 0 0 0 0 0.785398 2 2 0 0 0 0 1 1 1 1 
4 4 0 0 0 0 0 0.785398 1 1 -8.51831e-06 2.67063e-06 0.000132113 2.06108e-06 2 2 2 1 
4 4 0 0 0 0 0 0.785398 2 2 0 0 0 0 3 3 3 0 
4 4 0 0 0 0 0 0.785398 1 1 1.99257e-06 5.10344e-08 2.58402e-06 3.90166e-08 0 0 0 0 
4 4 0 0 0 0 0 0.785398 2 2 0 0 0 0 1 1 1 1 
4 4 0 0 0 0 0 0.785398 1 1 -1.43977e-06 1.14661e-07 -8.94833e-07 3.86512e-08 0 0 0 0 
4 4 0 0 0 0 0 0.785398 2 2 0 0 0 0 1 1 1 1 
4 4 0 0 0 0 0 0.785398 1 1 -4.59436e-07 6.7658e-08 -3.38809e-07 2.65708e-08 0 0 0 0 
4 4 0 0 0 0 0 0.785398 2 2 0 0 0 0 1 1 1 1 
4 4 0 0 0 0 0 0.785398 1 1 2.07354e-06 1.0429e-07 1.72561e-06 4.95641e-08 0 0 0 0 
4 4 0 0 0 0 0 0.785398 2 2 0 0 0 0 1 1 1 1 
4 4 0 0 0 0 0 0.785398 1 1 5.77304e-05 1.92922e-07 1.01797e-05 9.37234e-08 0 0 0 0 
4 4 0 0 0 0 0 0.785398 1 1 9.48626e-05 6.24159e-07 -5.33589e-05 4.85118e-07 0 2 2 0 
4 4 0 0 0 0 0 0.785398 2 2 0 0 0 0 1 1 1 1 
4 4 0 0 0 0 0 0.785398 2 2 0 0 0 0 1 3 3 1 
4 4 0 0 0 0 0 0.785398 1 1 9.44661e-05 6.20303e-07 -5.42443e-05 4.86974e-07 2 0 3 0 
4 4 0 0 0 0 0 0.785398 1 1 9.51888e-05 6.24232e-07 -5.38574e-05 4.86802e-07 2 2 1 0 
4 4 0 0 0 0 0 0.785398 2 2 0 0 0 0 3 1 2 1 
4 4 0 0 0 0 0 0.785398 2 2 0 0 0 0 3 3 0 1 
4 4 0 0 0 0 0 0.785398 1 1 -6.24615e-06 7.15268e-08 -1.49528e-06 3.69733e-08 0 0 0 0 
4 4 0 0 0 0 0 0.785398 2 2 0 0 0 0 1 1 1 1 
4 4 0 0 0 0 0 0.785398 1 1 -1.54758e-05 9.77552e-07 3.16814e-06 5.18916e-07 2 0 0 3 
4 4 0 0 0 0 0 0.785398 2 2 0 0 0 0 3 1 1 2 
4 4 0 0 0 0 0 0.785398 1 1 -6.27038e-06 7.12263e-08 -1.57696e-06 3.68829e-08 0 0 0 0 
4 4 0 0 0 0 0 0.785398 2 2 0 0 0 0 1 1 1 1 
4 4 0 0 0 0 0 0.785398 1 1 -1.48993e-05 9.7311e-07 2.44213e-06 5.22695e-07 2 0 3 0 
4 4 0 0 0 0 0 0.785398 2 2 0 0 0 0 3 1 2 1 
4 4 0 0 0 0 0 0.785398 1 1 -2.57808e-06 2.32435e-07 -2.92862e-06 7.2201e-08 0 0 0 0 
4 4 0 0 0 0 0 0.785398 2 2 0 0 0 0 1 1 1 1 
4 4 0 0 0 0 0 0.785398 1 1 6.12816e-06 3.53026e-06 -0.000179452 2.45765e-06 2 2 2 1 
4 4 0 0 0 0 0 0.785398 2 2 0 0 0 0 3 3 3 0 
4 4 0 0 0 0 0 0.785398 1 1 2.36259e-06 2.30874e-07 2.86835e-06 7.2413e-08 0 0 0 0 
4 4 0 0 0 0 0 0.785398 2 2 0 0 0 0 1 1 1 1 
4 4 0 0 0 0 0 0.785398 1 1 -3.58354e-06 3.51423e-06 0.000179415 2.44556e-06 2 2 2 1 
4 4 0 0 0 0 0 0.785398 2 2 0 0 0 0 3 3 3 0 
4 4 0 0 0 0 0 0.785398 1 1 2.55747e-07 4.34859e-08 3.88021e-07 2.13958e-08 0 0 0 0 
4 4 0 0 0 0 0 0.785398 2 2 0 0 0 0 1 1 1 1 
4 4 0 0 0 0 0 0.785398 1 1 -1.70084e-06 6.10989e-08 -1.08824e-06 4.55185e-08 0 0 0 0 
4 4 0 0 0 0 0 0.785398 2 2 0 0 0 0 1 1 1 1 
4 4 0 0 0 0 0 0.785398 1 1 1.86864e-06 1.80639e-07 1.70478e-06 5.8094e-08 0 0 0 0 
4 4 0 0 0 0 0 0.785398 2 2 0 0 0 0 1 1 1 1 
4 4 0 0 0 0 0 0.785398 1 1 6.92173e-07 1.47707e-07 7.23175e-07 9.05386e-08 0 0 0 0 
4 4 0 0 0 0 0 0.785398 2 2 0 0 0 0 1 1 1 1 
4 4 0 0 0 0 0 0.785398 1 1 9.32227e-07 1.65442e-06 5.39452e-06 1.23799e-06 2 0 1 2 
4 4 0 0 0 0 0 0.785398 2 2 0 0 0 0 3 1 0 3 
4 4 0 0 0 0 0 0.785398 1 1 -1.79849e-06 6.11127e-08 -1.08527e-06 4.55094e-08 0 0 0 0 
4 4 0 0 0 0 0 0.785398 2 2 0 0 0 0 1 1 1 1 
4 4 0 0 0 0 0 0.785398 1 1 -1.97358e-06 3.24003e-06 0 0 0 0 0 0 
4 4 0 0 0 0 0 0.785398 1 1 1.20057e-05 1.13622e-05 0 0 0 0 2 2 
4 4 0 0 0 0 0 0.785398 1 1 -1.16637e-06 6.46038e-06 0 0 0 2 1 1 
4 4 0 0 0 0 0 0.785398 1 1 1.24789e-05 2.2895e-05 0 0 0 2 3 3 
4 4 0 0 0 0 0 0.785398 2 2 0 0 0 0 1 1 1 1 
4 4 0 0 0 0 0 0.785398 2 2 0 0 0 0 1 1 3 3 
4 4 0 0 0 0 0 0.785398 2 2 0 0 0 0 1 3 0 0 
4 4 0 0 0 0 0 0.785398 2 2 0 0 0 0 1 3 2 2 
4 4 0 0 0 0 0 0.785398 1 1 2.17351e-06 6.49307e-06 0 0 2 1 1 1 
4 4 0 0 0 0 0 0.785398 1 1 1.30105e-06 2.26926e-05 0 0 2 1 3 3 
4 4 0 0 0 0 0 0.785398 1 1 1.43777e-05 1.28816e-05 0 0 2 3 0 0 
4 4 0 0 0 0 0 0.785398 1 1 -9.27323e-05 4.55037e-05 0 0 2 3 2 2 
4 4 0 0 0 0 0 0.785398 2 2 0 0 0 0 3 0 0 0 
4 4 0 0 0 0 0 0.785398 2 2 0 0 0 0 3 0 2 2 
4 4 0 0 0 0 0 0.785398 2 2 0 0 0 0 3 2 1 1 
4 4 0 0 0 0 0 0.785398 2 2 0 0 0 0 3 2 3 3 
4 4 0 0 0 0 0 0.785398 1 1 4.02622e-07 2.01521e-07 0 0 0 0 0 0 
4 4 0 0 0 0 0 0.785398 1 1 -7.71525e-07 7.11017e-07 0 0 0 2 0 2 
4 4 0 0 0 0 0 0.785398 2 2 0 0 0 0 1 1 1 1 
4 4 0 0 0 0 0 0.785398 2 2 0 0 0 0 1 3 1 3 
4 4 0 0 0 0 0 0.785398 1 1 2.86539e-07 4.03613e-07 0 0 2 1 0 1 
4 4 0 0 0 0 0 0.785398 1 1 1.02947e-06 1.43004e-06 0 0 2 3 0 3 
4 4 0 0 0 0 0 0.785398 2 2 0 0 0 0 3 0 1 0 
4 4 0 0 0 0 0 0.785398 2 2 0 0 0 0 3 2 1 2 
4 4 0 0 0 0 0 0.785398 1 1 -9.02359e-07 2.09525e-06 0 0 0 0 0 0 
4 4 0 0 0 0 0 0.785398 1 1 -5.08334e-07 7.31905e-06 0 0 0 2 0 3 
4 4 0 0 0 0 0 0.785398 2 2 0 0 0 0 1 1 1 1 
4 4 0 0 0 0 0 0.785398 2 2 0 0 0 0 1 3 1 2 
4 4 0 0 0 0 0 0.785398 1 1 9.03065e-08 4.14861e-06 0 0 2 1 1 1 
4 4 0 0 0 0 0 0.785398 1 1 -1.00209e-05 1.45689e-05 0 0 2 3 1 2 
4 4 0 0 0 0 0 0.785398 2 2 0 0 0 0 3 0 0 0 
4 4 0 0 0 0 0 0.785398 2 2 0 0 0 0 3 2 0 3 
4 4 0 0 0 0 0 0.785398 1 1 1.45027e-06 2.3625e-06 0 0 0 0 0 0 
4 4 0 0 0 0 0 0.785398 1 1 -5.02658e-06 4.78049e-06 0 0 0 2 1 1 
4 4 0 0 0 0 0 0.785398 2 2 0 0 0 0 1 1 1 1 
4 4 0 0 0 0 0 0.785398 2 2 0 0 0 0 1 3 0 0 
4 4 0 0 0 0 0 0.785398 1 1 4.6202e-06 4.75124e-06 0 0 2 1 1 1 
4 4 0 0 0 0 0 0.785398 1 1 -1.10269e-05 9.46985e-06 0 0 2 3 0 0 
4 4 0 0 0 0 0 0.785398 2 2 0 0 0 0 3 0 0 0 
4 4 0 0 0 0 0 0.785398 2 2 0 0 0 0 3 2 1 1 
4 4 0 0 0 0 0 0.785398 1 1 1.14336e-07 1.47178e-07 0 0 0 0 0 0 
4 4 0 0 0 0 0 0.785398 2 2 0 0 0 0 1 1 1 1 
4 4 0 0 0 0 0 0.785398 1 1 1.86096e-07 2.93852e-07 0 0 2 0 1 1 
4 4 0 0 0 0 0 0.785398 2 2 0 0 0 0 3 1 0 0 
4 4 0 0 0 0 0 0.785398 1 1 1.24826e-06 1.22567e-07 0 0 0 0 0 0 
4 4 0 0 0 0 0 0.785398 2 2 0 0 0 0 1 1 1 1 
4 4 0 0 0 0 0 0.785398 1 1 4.41544e-06 4.32911e-07 0 0 2 0 3 0 
4 4 0 0 0 0 0 0.785398 2 2 0 0 0 0 3 1 2 1 
4 4 0 0 0 0 0 0.785398 1 1 -7.59256e-07 1.53867e-06 0 0 0 0 0 0 
4 4 0 0 0 0 0 0.785398 2 2 0 0 0 0 1 1 1 1 
4 4 0 0 0 0 0 0.785398 1 1 -3.49194e-06 3.05197e-06 0 0 2 1 1 1 
4 4 0 0 0 0 0 0.785398 2 2 0 0 0 0 3 0 0 0 
4 4 0 0 0 0 0 0.785398 1 1 1.23077e-07 8.86275e-08 0 0 0 0 0 0 
4 4 0 0 0 0 0 0.785398 2 2 0 0 0 0 1 1 1 1 
4 4 0 0 0 0 0 0.785398 1 1 -2.67517e-06 1.0228e-05 0 0 0 0 0 0 
4 4 0 0 0 0 0 0.785398 1 1 -3.38185e-05 2.02627e-05 0 0 0 0 2 1 
4 4 0 0 0 0 0 0.785398 1 1 2.38669e-05 2.04045e-05 0 0 0 2 1 1 
4 4 0 0 0 0 0 0.785398 1 1 -3.19896e-05 4.04807e-05 0 0 0 2 3 0 
4 4 0 0 0 0 0 0.785398 2 2 0 0 0 0 1 1 1 1 
4 4 0 0 0 0 0 0.785398 2 2 0 0 0 0 1 1 3 0 
4 4 0 0 0 0 0 0.785398 2 2 0 0 0 0 1 3 0 0 
4 4 0 0 0 0 0 0.785398 2 2 0 0 0 0 1 3 2 1 
4 4 0 0 0 0 0 0.785398 1 1 -3.47174e-05 2.01929e-05 0 0 2 1 1 1 
4 4 0 0 0 0 0 0.785398 1 1 -1.47879e-05 4.05699e-05 0 0 2 1 3 0 
4 4 0 0 0 0 0 0.785398 1 1 -2.47773e-05 4.1077e-05 0 0 2 3 0 0 
4 4 0 0 0 0 0 0.785398 1 1 0.000168047 8.06566e-05 0 0 2 3 2 1 
4 4 0 0 0 0 0 0.785398 2 2 0 0 0 0 3 0 0 0 
4 4 0 0 0 0 0 0.785398 2 2 0 0 0 0 3 0 2 1 
4 4 0 0 0 0 0 0.785398 2 2 0 0 0 0 3 2 1 1 
4 4 0 0 0 0 0 0.785398 2 2 0 0 0 0 3 2 3 0 
4 4 0 0 0 0 0 0.785398 1 1 -1.00086e-06 6.34363e-07 0 0 0 0 0 0 
4 4 0 0 0 0 0 0.785398 1 1 -1.1105e-06 1.25866e-06 0 0 0 2 0 1 
4 4 0 0 0 0 0 0.785398 2 2 0 0 0 0 1 1 1 1 
4 4 0 0 0 0 0 0.785398 2 2 0 0 0 0 1 3 1 0 
4 4 0 0 0 0 0 0.785398 1 1 6.67163e-08 1.26702e-06 0 0 2 1 0 1 
4 4 0 0 0 0 0 0.785398 1 1 9.75243e-07 2.53233e-06 0 0 2 3 0 0 
4 4 0 0 0 0 0 0.785398 2 2 0 0 0 0 3 0 1 0 
4 4 0 0 0 0 0 0.785398 2 2 0 0 0 0 3 2 1 1 
4 4 0 0 0 0 0 0.785398 1 1 -1.10657e-05 6.59204e-06 0 0 0 0 0 0 
4 4 0 0 0 0 0 0.785398 1 1 -1.45862e-05 1.32591e-05 0 0 0 2 0 1 
4 4 0 0 0 0 0 0.785398 2 2 0 0 0 0 1 1 1 1 
4 4 0 0 0 0 0 0.785398 2 2 0 0 0 0 1 3 1 0 
4 4 0 0 0 0 0 0.785398 1 1 -1.45697e-05 1.30514e-05 0 0 2 1 1 1 
4 4 0 0 0 0 0 0.785398 1 1 -5.27013e-06 2.62656e-05 0 0 2 3 1 0 
4 4 0 0 0 0 0 0.785398 2 2 0 0 0 0 3 0 0 0 
4 4 0 0 0 0 0 0.785398 2 2 0 0 0 0 3 2 0 1 
4 4 0 0 0 0 0 0.785398 1 1 7.28918e-07 6.59036e-06 0 0 0 0 0 0 
4 4 0 0 0 0 0 0.785398 1 1 1.33317e-06 1.29212e-05 0 0 0 2 1 1 
4 4 0 0 0 0 0 0.785398 2 2 0 0 0 0 1 1 1 1 
4 4 0 0 0 0 0 0.785398 2 2 0 0 0 0 1 3 0 0 
4 4 0 0 0 0 0 0.785398 1 1 3.10044e-06 1.29779e-05 0 0 2 1 1 1 
4 4 0 0 0 0 0 0.785398 1 1 1.93977e-05 2.59975e-05 0 0 2 3 0 0 
4 4 0 0 0 0 0 0.785398 2 2 0 0 0 0 3 0 0 0 
4 4 0 0 0 0 0 0.785398 2 2 0 0 0 0 3 2 1 1 
4 4 0 0 0 0 0 0.785398 1 1 -7.03606e-08 3.83656e-07 0 0 0 0 0 0 
4 4 0 0 0 0 0 0.785398 2 2 0 0 0 0 1 1 1 1 
4 4 0 0 0 0 0 0.785398 1 1 -3.56044e-08 7.67252e-07 0 0 2 0 1 0 
4 4 0 0 0 0 0 0.785398 2 2 0 0 0 0 3 1 0 1 
4 4 0 0 0 0 0 0.785398 1 1 -5.89179e-07 4.07635e-07 0 0 0 0 0 0 
4 4 0 0 0 0 0 0.785398 2 2 0 0 0 0 1 1 1 1 
4 4 0 0 0 0 0 0.785398 1 1 1.11781e-06 8.14074e-07 0 0 2 0 1 1 
4 4 0 0 0 0 0 0.785398 2 2 0 0 0 0 3 1 0 0 
4 4 0 0 0 0 0 0.785398 1 1 4.67221e-06 4.37392e-06 0 0 0 0 0 0 
4 4 0 0 0 0 0 0.785398 2 2 0 0 0 0 1 1 1 1 
4 4 0 0 0 0 0 0.785398 1 1 -1.66825e-05 8.65433e-06 0 0 2 1 1 1 
4 4 0 0 0 0 0 0.785398 2 2 0 0 0 0 3 0 0 0 
4 4 0 0 0 0 0 0.785398 1 1 -3.97453e-09 2.5499e-07 0 0 0 0 0 0 
4 4 0 0 0 0 0 0.785398 2 2 0 0 0 0 1 1 1 1 
4 4 0 0 0 0 0 0.785398 1 1 3.73628e-07 2.72772e-06 0 0 0 0 0 0 
4 4 0 0 0 0 0 0.785398 1 1 1.80674e-05 9.46973e-06 0 0 0 2 0 2 
4 4 0 0 0 0 0 0.785398 2 2 0 0 0 0 1 1 1 1 
4 4 0 0 0 0 0 0.785398 2 2 0 0 0 0 1 3 1 3 
4 4 0 0 0 0 0 0.785398 1 1 7.54163e-06 5.63268e-06 0 0 2 1 1 1 
4 4 0 0 0 0 0 0.785398 1 1 2.35957e-05 1.8887e-05 0 0 2 3 1 3 
4 4 0 0 0 0 0 0.785398 2 2 0 0 0 0 3 0 0 0 
4 4 0 0 0 0 0 0.785398 2 2 0 0 0 0 3 2 0 2 
4 4 0 0 0 0 0 0.785398 1 1 -1.81114e-07 7.98809e-06 0 0 0 0 0 0 
4 4 0 0 0 0 0 0.785398 1 1 7.51919e-06 9.47097e-06 0 0 0 2 2 0 
4 4 0 0 0 0 0 0.785398 2 2 0 0 0 0 1 1 1 1 
4 4 0 0 0 0 0 0.785398 2 2 0 0 0 0 1 3 3 1 
4 4 0 0 0 0 0 0.785398 1 1 -9.7506e-07 5.52791e-06 0 0 2 1 1 1 
4 4 0 0 0 0 0 0.785398 1 1 -6.91484e-07 1.93857e-05 0 0 2 3 3 1 
4 4 0 0 0 0 0 0.785398 2 2 0 0 0 0 3 0 0 0 
4 4 0 0 0 0 0 0.785398 2 2 0 0 0 0 3 2 2 0 
4 4 0 0 0 0 0 0.785398 1 1 -2.84946e-06 5.78034e-06 0 0 0 0 0 0 
4 4 0 0 0 0 0 0.785398 2 2 0 0 0 0 1 1 1 1 
4 4 0 0 0 0 0 0.785398 1 1 -0.00015469 0.000113359 0 0 2 0 2 0 
4 4 0 0 0 0 0 0.785398 2 2 0 0 0 0 3 1 3 1 
4 4 0 0 0 0 0 0.785398 1 1 -9.36477e-06 2.51678e-07 0 0 0 0 0 0 
4 4 0 0 0 0 0 0.785398 2 2 0 0 0 0 1 1 1 1 
4 4 0 0 0 0 0 0.785398 1 1 -7.41512e-05 2.73276e-05 0 0 2 0 3 0 
4 4 0 0 0 0 0 0.785398 2 2 0 0 0 0 3 1 2 1 
4 4 0 0 0 0 0 0.785398 1 1 1.03893e-06 2.13079e-06 0 0 0 0 0 0 
4 4 0 0 0 0 0 0.785398 2 2 0 0 0 0 1 1 1 1 
4 4 0 0 0 0 0 0.785398 1 1 -8.91513e-08 4.16781e-06 0 0 2 1 1 1 
4 4 0 0 0 0 0 0.785398 2 2 0 0 0 0 3 0 0 0 
4 4 0 0 0 0 0 0.785398 1 1 5.60582e-07 2.82983e-06 0 0 0 0 0 0 
4 4 0 0 0 0 0 0.785398 2 2 0 0 0 0 1 1 1 1 
4 4 0 0 0 0 0 0.785398 1 1 -3.13272e-06 5.79317e-06 0 0 2 1 1 1 
4 4 0 0 0 0 0 0.785398 2 2 0 0 0 0 3 0 0 0 
4 4 0 0 0 0 0 0.785398 1 1 -3.62314e-07 8.73204e-07 0 0 0 0 0 0 
4 4 0 0 0 0 0 0.785398 2 2 0 0 0 0 1 1 1 1 
4 4 0 0 0 0 0 0.785398 1 1 -2.09768e-07 7.01049e-07 0 0 0 0 0 0 
4 4 0 0 0 0 0 0.785398 2 2 0 0 0 0 1 1 1 1 
4 4 0 0 0 0 0 0.785398 1 1 -2.37774e-06 6.65669e-06 0 0 0 0 0 0 
4 4 0 0 0 0 0 0.785398 1 1 -1.95751e-05 1.32876e-05 0 0 0 2 0 1 
4 4 0 0 0 0 0 0.785398 2 2 0 0 0 0 1 1 1 1 
4 4 0 0 0 0 0 0.785398 2 2 0 0 0 0 1 3 1 0 
4 4 0 0 0 0 0 0.785398 1 1 6.68199e-06 1.33094e-05 0 0 2 1 1 1 
4 4 0 0 0 0 0 0.785398 1 1 1.43888e-07 2.64105e-05 0 0 2 3 1 0 
4 4 0 0 0 0 0 0.785398 2 2 0 0 0 0 3 0 0 0 
4 4 0 0 0 0 0 0.785398 2 2 0 0 0 0 3 2 0 1 
4 4 0 0 0 0 0 0.785398 1 1 2.07175e-06 6.59716e-06 0 0 0 0 0 0 
4 4 0 0 0 0 0 0.785398 1 1 -2.15811e-05 1.30739e-05 0 0 0 2 0 1 
4 4 0 0 0 0 0 0.785398 2 2 0 0 0 0 1 1 1 1 
4 4 0 0 0 0 0 0.785398 2 2 0 0 0 0 1 3 1 0 
4 4 0 0 0 0 0 0.785398 1 1 -1.79743e-05 1.32962e-05 0 0 2 1 1 1 
4 4 0 0 0 0 0 0.785398 1 1 -1.98652e-05 2.65431e-05 0 0 2 3 1 0 
4 4 0 0 0 0 0 0.785398 2 2 0 0 0 0 3 0 0 0 
4 4 0 0 0 0 0 0.785398 2 2 0 0 0 0 3 2 0 1 
4 4 0 0 0 0 0 0.785398 1 1 1.10633e-05 6.69606e-06 0 0 0 0 0 0 
4 4 0 0 0 0 0 0.785398 1 1 1.40787e-05 1.33323e-05 0 0 0 2 1 1 
4 4 0 0 0 0 0 0.785398 2 2 0 0 0 0 1 1 1 1 
4 4 0 0 0 0 0 0.785398 2 2 0 0 0 0 1 3 0 0 
4 4 0 0 0 0 0 0.785398 1 1 -1.97721e-05 1.33766e-05 0 0 2 1 1 1 
4 4 0 0 0 0 0 0.785398 1 1 3.11328e-06 2.70271e-05 0 0 2 3 0 0 
4 4 0 0 0 0 0 0.785398 2 2 0 0 0 0 3 0 0 0 
4 4 0 0 0 0 0 0.785398 2 2 0 0 0 0 3 2 1 1 
4 4 0 0 0 0 0 0.785398 1 1 1.14401e-07 7.11823e-07 0 0 0 0 0 0 
4 4 0 0 0 0 0 0.785398 2 2 0 0 0 0 1 1 1 1 
4 4 0 0 0 0 0 0.785398 1 1 -8.6809e-07 1.42709e-06 0 0 2 0 0 1 
4 4 0 0 0 0 0 0.785398 2 2 0 0 0 0 3 1 1 0 
4 4 0 0 0 0 0 0.785398 1 1 1.11367e-06 7.11205e-07 0 0 0 0 0 0 
4 4 0 0 0 0 0 0.785398 2 2 0 0 0 0 1 1 1 1 
4 4 0 0 0 0 0 0.785398 1 1 -1.86376e-06 1.41617e-06 0 0 2 0 1 0 
4 4 0 0 0 0 0 0.785398 2 2 0 0 0 0 3 1 0 1 
4 4 0 0 0 0 0 0.785398 1 1 -3.44329e-07 4.1501e-07 0 0 0 0 0 0 
4 4 0 0 0 0 0 0.785398 2 2 0 0 0 0 1 1 1 1 
4 4 0 0 0 0 0 0.785398 1 1 -1.23141e-07 8.36079e-07 0 0 2 0 1 1 
4 4 0 0 0 0 0 0.785398 2 2 0 0 0 0 3 1 0 0 
4 4 0 0 0 0 0 0.785398 1 1 -2.90569e-06 4.07934e-06 0 0 0 0 0 0 
4 4 0 0 0 0 0 0.785398 2 2 0 0 0 0 1 1 1 1 
4 4 0 0 0 0 0 0.785398 1 1 -1.14569e-06 8.12063e-06 0 0 2 1 1 1 
4 4 0 0 0 0 0 0.785398 2 2 0 0 0 0 3 0 0 0 
4 4 0 0 0 0 0 0.785398 1 1 4.53756e-06 4.05791e-06 0 0 0 0 0 0 
4 4 0 0 0 0 0 0.785398 2 2 0 0 0 0 1 1 1 1 
4 4 0 0 0 0 0 0.785398 1 1 5.54116e-07 8.13867e-06 0 0 2 1 1 1 
4 4 0 0 0 0 0 0.785398 2 2 0 0 0 0 3 0 0 0 
4 4 0 0 0 0 0 0.785398 1 1 9.65872e-07 4.03368e-06 0 0 0 0 0 0 
4 4 0 0 0 0 0 0.785398 2 2 0 0 0 0 1 1 1 1 
4 4 0 0 0 0 0 0.785398 1 1 4.13091e-06 8.04489e-06 0 0 2 1 1 1 
4 4 0 0 0 0 0 0.785398 2 2 0 0 0 0 3 0 0 0 
4 4 0 0 0 0 0 0.785398 1 1 2.19754e-07 4.20872e-07 0 0 0 0 0 0 
4 4 0 0 0 0 0 0.785398 2 2 0 0 0 0 1 1 1 1 
4 4 0 0 0 0 0 0.785398 1 1 -2.02451e-08 4.19363e-07 0 0 0 0 0 0 
4 4 0 0 0 0 0 0.785398 2 2 0 0 0 0 1 1 1 1 
4 4 0 0 0 0 0 0.785398 1 1 1.37212e-07 2.45433e-07 0 0 0 0 0 0 
4 4 0 0 0 0 0 0.785398 2 2 0 0 0 0 1 1 1 1 
4 4 0 0 0 0 0 0.785398 1 1 1.68344e-06 2.68865e-06 0 0 0 0 0 0 
4 4 0 0 0 0 0 0.785398 1 1 -2.1369e-07 8.24161e-06 0 0 0 2 0 3 
4 4 0 0 0 0 0 0.785398 2 2 0 0 0 0 1 1 1 1 
4 4 0 0 0 0 0 0.785398 2 2 0 0 0 0 1 3 1 2 
4 4 0 0 0 0 0 0.785398 1 1 7.54625e-06 5.40234e-06 0 0 2 1 1 1 
4 4 0 0 0 0 0 0.785398 1 1 -2.71813e-05 1.62076e-05 0 0 2 3 1 2 
4 4 0 0 0 0 0 0.785398 2 2 0 0 0 0 3 0 0 0 
4 4 0 0 0 0 0 0.785398 2 2 0 0 0 0 3 2 0 3 
4 4 0 0 0 0 0 0.785398 1 1 -1.05612e-05 2.4153e-07 0 0 0 0 0 0 
4 4 0 0 0 0 0 0.785398 2 2 0 0 0 0 1 1 1 1 
4 4 0 0 0 0 0 0.785398 1 1 -3.93644e-05 8.70082e-07 0 0 2 0 1 2 
4 4 0 0 0 0 0 0.785398 2 2 0 0 0 0 3 1 0 3 
4 4 0 0 0 0 0 0.785398 1 1 -5.41606e-07 1.94353e-06 0 0 0 0 0 0 
4 4 0 0 0 0 0 0.785398 2 2 0 0 0 0 1 1 1 1 
4 4 0 0 0 0 0 0.785398 1 1 -5.63777e-06 3.97046e-06 0 0 2 1 1 1 
4 4 0 0 0 0 0 0.785398 2 2 0 0 0 0 3 0 0 0 
4 4 0 0 0 0 0 0.785398 1 1 2.01969e-06 3.23878e-06 0 0 0 0 0 0 
4 4 0 0 0 0 0 0.785398 2 2 0 0 0 0 1 1 1 1 
4 4 0 0 0 0 0 0.785398 1 1 -0.000116617 0.000115445 0 0 2 1 1 1 
4 4 0 0 0 0 0 0.785398 2 2 0 0 0 0 3 0 0 0 
4 4 0 0 0 0 0 0.785398 1 1 7.57984e-07 1.71476e-07 0 0 0 0 0 0 
4 4 0 0 0 0 0 0.785398 2 2 0 0 0 0 1 1 1 1 
4 4 0 0 0 0 0 0.785398 1 1 8.90158e-07 1.74748e-07 0 0 0 0 0 0 
4 4 0 0 0 0 0 0.785398 2 2 0 0 0 0 1 1 1 1 
4 4 0 0 0 0 0 0.785398 1 1 2.43442e-06 1.97509e-06 0 0 0 0 0 0 
4 4 0 0 0 0 0 0.785398 2 2 0 0 0 0 1 1 1 1 
4 4 0 0 0 0 0 0.785398 1 1 3.47531e-06 3.92933e-06 0 0 2 1 1 1 
4 4 0 0 0 0 0 0.785398 2 2 0 0 0 0 3 0 0 0 
4 4 0 0 0 0 0 0.785398 1 1 -2.3406e-06 5.57656e-06 0 0 0 0 0 0 
4 4 0 0 0 0 0 0.785398 1 1 0.00387172 0.00383791 0 0 0 2 2 1 
4 4 0 0 0 0 0 0.785398 2 2 0 0 0 0 1 1 1 1 
4 4 0 0 0 0 0 0.785398 2 2 0 0 0 0 1 3 3 0 
4 4 0 0 0 0 0 0.785398 1 1 -6.99274e-05 6.18222e-05 0 0 2 1 1 1 
4 4 0 0 0 0 0 0.785398 1 1 5.0048e-05 3.28247e-05 0 0 2 3 3 0 
4 4 0 0 0 0 0 0.785398 2 2 0 0 0 0 3 0 0 0 
4 4 0 0 0 0 0 0.785398 2 2 0 0 0 0 3 2 2 1 
4 4 0 0 0 0 0 0.785398 1 1 -3.61102e-05 3.83705e-05 0 0 0 0 0 0 
4 4 0 0 0 0 0 0.785398 1 1 -0.216484 0.216463 0 0 0 2 2 1 
4 4 0 0 0 0 0 0.785398 2 2 0 0 0 0 1 1 1 1 
4 4 0 0 0 0 0 0.785398 2 2 0 0 0 0 1 3 3 0 
4 4 0 0 0 0 0 0.785398 1 1 -4.92477e-06 4.76252e-06 0 0 2 1 1 1 
4 4 0 0 0 0 0 0.785398 1 1 4.41394e-06 1.82209e-05 0 0 2 3 3 0 
4 4 0 0 0 0 0 0.785398 2 2 0 0 0 0 3 0 0 0 
4 4 0 0 0 0 0 0.785398 2 2 0 0 0 0 3 2 2 1 
4 4 0 0 0 0 0 0.785398 1 1 -1.04105e-05 3.00056e-06 0 0 0 0 0 0 
4 4 0 0 0 0 0 0.785398 2 2 0 0 0 0 1 1 1 1 
4 4 0 0 0 0 0 0.785398 1 1 -3.73381e-05 9.05012e-07 0 0 2 0 0 3 
4 4 0 0 0 0 0 0.785398 2 2 0 0 0 0 3 1 1 2 
4 4 0 0 0 0 0 0.785398 1 1 4.13637e-05 5.31705e-05 0 0 0 0 0 0 
4 4 0 0 0 0 0 0.785398 2 2 0 0 0 0 1 1 1 1 
4 4 0 0 0 0 0 0.785398 1 1 0.000240963 0.000279338 0 0 2 0 1 2 
4 4 0 0 0 0 0 0.785398 2 2 0 0 0 0 3 1 0 3 
4 4 0 0 0 0 0 0.785398 1 1 1.25834e-06 2.6419e-07 0 0 0 0 0 0 
4 4 0 0 0 0 0 0.785398 2 2 0 0 0 0 1 1 1 1 
4 4 0 0 0 0 0 0.785398 1 1 -1.742e-06 2.4393e-07 -3.09013e-06 1.16348e-07 0 0 0 0 
4 4 0 0 0 0 0 0.785398 2 2 0 0 0 0 1 1 1 1 
4 4 0 0 0 0 0 0.785398 1 1 8.87985e-06 2.79484e-06 -1.98535e-05 1.72482e-06 2 0 1 2 
4 4 0 0 0 0 0 0.785398 2 2 0 0 0 0 3 1 0 3 
4 4 0 0 0 0 0 0.785398 1 1 -1.18619e-06 9.18377e-07 -1.13922e-06 1.80079e-07 0 0 0 0 
4 4 0 0 0 0 0 0.785398 2 2 0 0 0 0 1 1 1 1 
4 4 0 0 0 0 0 0.785398 1 1 9.81921e-06 4.05512e-06 -1.65494e-05 1.76416e-06 2 2 1 1 
4 4 0 0 0 0 0 0.785398 2 2 0 0 0 0 3 3 0 0 
4 4 0 0 0 0 0 0.785398 1 1 1.2946e-06 1.20785e-07 7.50573e-07 4.77741e-08 0 0 0 0 
4 4 0 0 0 0 0 0.785398 2 2 0 0 0 0 1 1 1 1 
4 4 0 0 0 0 0 0.785398 1 1 -1.74008e-06 2.4587e-07 -3.18549e-06 1.16577e-07 0 0 0 0 
4 4 0 0 0 0 0 0.785398 2 2 0 0 0 0 1 1 1 1 
4 4 0 0 0 0 0 0.785398 1 1 1.23229e-05 2.79843e-06 -1.74128e-05 1.73636e-06 2 0 1 2 
4 4 0 0 0 0 0 0.785398 2 2 0 0 0 0 3 1 0 3 
4 4 0 0 0 0 0 0.785398 1 1 8.28929e-07 9.11197e-07 9.82601e-07 5.02025e-08 0 0 0 0 
4 4 0 0 0 0 0 0.785398 2 2 0 0 0 0 1 1 1 1 
4 4 0 0 0 0 0 0.785398 1 1 1.19004e-06 1.21257e-07 7.97879e-07 4.79895e-08 0 0 0 0 
4 4 0 0 0 0 0 0.785398 2 2 0 0 0 0 1 1 1 1 
4 4 0 0 0 0 0 0.785398 1 1 -1.54719e-06 8.42836e-08 -6.3915e-06 6.6064e-08 0 0 0 0 
4 4 0 0 0 0 0 0.785398 2 2 0 0 0 0 1 1 1 1 
4 4 0 0 0 0 0 0.785398 1 1 1.10294e-05 3.7521e-06 -2.60898e-05 1.96536e-06 2 0 3 0 
4 4 0 0 0 0 0 0.785398 2 2 0 0 0 0 3 1 2 1 
4 4 0 0 0 0 0 0.785398 1 1 -0.00155932 0.00155979 0.0077905 0.00779133 0 0 0 0 
4 4 0 0 0 0 0 0.785398 2 2 0 0 0 0 1 1 1 1 
4 4 0 0 0 0 0 0.785398 1 1 0.000102417 9.91449e-05 -2.0845e-05 2.31825e-06 2 2 1 1 
4 4 0 0 0 0 0 0.785398 2 2 0 0 0 0 3 3 0 0 
4 4 0 0 0 0 0 0.785398 1 1 -3.98021e-07 9.26275e-07 -1.31703e-06 1.98968e-07 0 0 0 0 
4 4 0 0 0 0 0 0.785398 2 2 0 0 0 0 1 1 1 1 
4 4 0 0 0 0 0 0.785398 1 1 2.19196e-05 5.00046e-06 -2.05322e-05 2.11345e-06 2 2 1 1 
4 4 0 0 0 0 0 0.785398 2 2 0 0 0 0 3 3 0 0 
4 4 0 0 0 0 0 0.785398 1 1 9.79234e-07 1.44203e-07 7.01119e-07 3.91755e-08 0 0 0 0 
4 4 0 0 0 0 0 0.785398 2 2 0 0 0 0 1 1 1 1 
4 4 0 0 0 0 0 0.785398 1 1 1.15206e-06 1.55851e-07 6.02346e-07 3.90136e-08 0 0 0 0 
4 4 0 0 0 0 0 0.785398 2 2 0 0 0 0 1 1 1 1 
4 4 0 0 0 0 0 0.785398 1 1 5.48252e-07 4.56374e-07 4.77112e-07 8.84045e-08 0 0 0 0 
4 4 0 0 0 0 0 0.785398 2 2 0 0 0 0 1 1 1 1 
4 4 0 0 0 0 0 0.785398 1 1 -9.9189e-06 6.83102e-06 0 0 0 0 0 0 
4 4 0 0 0 0 0 0.785398 2 2 0 0 0 0 1 1 1 1 
4 4 0 0 0 0 0 0.785398 1 1 -1.4794e-05 1.36793e-05 0 0 2 1 1 1 
4 4 0 0 0 0 0 0.785398 2 2 0 0 0 0 3 0 0 0 
4 4 0 0 0 0 0 0.785398 1 1 -1.20522e-06 4.94809e-07 0 0 0 0 0 0 
4 4 0 0 0 0 0 0.785398 2 2 0 0 0 0 1 1 1 1 
