1.782724821600000009e+00 4.227150879999999784e-03 -2.944911359999999867e-01 5.246225280000000376e-04
1.803309470399999892e+00 4.407169600000000048e-03 -3.118830879999999750e-01 6.022319999999999627e-04
1.865355460800000031e+00 4.676561120000000474e-03 -3.620524128000000008e-01 8.224521600000000033e-04
1.953647644799999972e+00 4.831665599999999949e-03 -4.276008740800000263e-01 1.114179999999999988e-03
2.003613812319999798e+00 4.864882079999999741e-03 -4.628740103999999800e-01 1.280691200000000102e-03
2.046768707200000037e+00 4.831956319999999687e-03 -4.267641520000000077e-01 1.111384640000000028e-03
2.130326342720000099e+00 4.669803359999999577e-03 -3.612462431999999835e-01 8.207281599999999636e-04
2.195163252800000020e+00 4.413923680000000037e-03 -3.128225760000000188e-01 6.023403199999999508e-04
2.218044188799999983e+00 4.234172639999999634e-03 -2.949710080000000345e-01 5.245047039999999701e-04
2.168070945599999799e+00 4.516752320000000202e-03 -3.301415039999999745e-01 6.766540800000000631e-04
2.000727013760000172e+00 4.696922880000000029e-03 -3.837324480000000038e-01 9.499433599999999389e-04
1.828779892800000084e+00 4.509635039999999526e-03 -3.297435200000000122e-01 6.749710399999999614e-04
1.782724821600000009e+00 4.227150879999999784e-03 -2.944911359999999867e-01 5.246225280000000376e-04
