4 0 0 0.0000000 0.0000000 0 0.7853980 1 1 -0.2172752 0.0042272 -0.2944911 0.0005246
4 0 0 0.7853980 0.0000000 0 0.7853980 1 1 -0.1966905 0.0044072 -0.3118831 0.0006022
4 0 0 1.5708000 0.0000000 0 0.7853980 1 1 -0.1346445 0.0046766 -0.3620524 0.0008225
4 0 0 2.3561900 0.0000000 0 0.7853980 1 1 -0.0463524 0.0048317 -0.4276009 0.0011142
4 0 0 3.1415900 0.0000000 0 0.7853980 1 1 0.0036138 0.0048649 -0.4628740 0.0012807
4 0 0 3.1415900 0.7853980 0 0.7853980 1 1 0.0467687 0.0048320 -0.4267642 0.0011114
4 0 0 3.1415900 1.5708000 0 0.7853980 1 1 0.1303263 0.0046698 -0.3612462 0.0008207
4 0 0 3.1415900 2.3561900 0 0.7853980 1 1 0.1951633 0.0044139 -0.3128226 0.0006023
4 0 0 3.1415900 3.1415900 0 0.7853980 1 1 0.2180442 0.0042342 -0.2949710 0.0005245
4 0 0 2.3561900 2.3561900 0 0.7853980 1 1 0.1680709 0.0045168 -0.3301415 0.0006767
4 0 0 1.5708000 1.5708000 0 0.7853980 1 1 0.0007270 0.0046969 -0.3837324 0.0009499
4 0 0 0.7853980 0.7853980 0 0.7853980 1 1 -0.1712201 0.0045096 -0.3297435 0.0006750
4 0 0 0.0000000 0.0000000 0 0.7853980 1 1 -0.2172752 0.0042272 -0.2944911 0.0005246
