#Ord Beta Mu H Kx Ky Rfq Imfq in out Re Re_err Imag Imag_err U1 U2 U3 U4 
1 4 0 0 0 0 0 0.785398 1 1 -0.0988409 0.000188742 0 0 0 -1 -1 -1 
1 4 0 0 0 0 0 0.785398 2 2 0 0 0 0 1 -1 -1 -1 
1 4 0 0 0.261799 0 0 0.785398 1 1 -0.0971498 0.000189581 0 0 0 -1 -1 -1 
1 4 0 0 0.261799 0 0 0.785398 2 2 0 0 0 0 1 -1 -1 -1 
1 4 0 0 0.523599 0 0 0.785398 1 1 -0.092406 0.000192168 0 0 0 -1 -1 -1 
1 4 0 0 0.523599 0 0 0.785398 2 2 0 0 0 0 1 -1 -1 -1 
1 4 0 0 0.785398 0 0 0.785398 1 1 -0.084368 0.000196216 0 0 0 -1 -1 -1 
1 4 0 0 0.785398 0 0 0.785398 2 2 0 0 0 0 1 -1 -1 -1 
1 4 0 0 1.0472 0 0 0.785398 1 1 -0.0742801 0.00020039 0 0 0 -1 -1 -1 
1 4 0 0 1.0472 0 0 0.785398 2 2 0 0 0 0 1 -1 -1 -1 
1 4 0 0 1.309 0 0 0.785398 1 1 -0.0622886 0.000203809 0 0 0 -1 -1 -1 
1 4 0 0 1.309 0 0 0.785398 2 2 0 0 0 0 1 -1 -1 -1 
1 4 0 0 1.5708 0 0 0.785398 1 1 -0.0494186 0.000205633 0 0 0 -1 -1 -1 
1 4 0 0 1.5708 0 0 0.785398 2 2 0 0 0 0 1 -1 -1 -1 
1 4 0 0 1.8326 0 0 0.785398 1 1 -0.0367581 0.000206492 0 0 0 -1 -1 -1 
1 4 0 0 1.8326 0 0 0.785398 2 2 0 0 0 0 1 -1 -1 -1 
1 4 0 0 2.0944 0 0 0.785398 1 1 -0.0247578 0.000205565 0 0 0 -1 -1 -1 
1 4 0 0 2.0944 0 0 0.785398 2 2 0 0 0 0 1 -1 -1 -1 
1 4 0 0 2.35619 0 0 0.785398 1 1 -0.0142666 0.000203701 0 0 0 -1 -1 -1 
1 4 0 0 2.35619 0 0 0.785398 2 2 0 0 0 0 1 -1 -1 -1 
1 4 0 0 2.61799 0 0 0.785398 1 1 -0.00658356 0.000201985 0 0 0 -1 -1 -1 
1 4 0 0 2.61799 0 0 0.785398 2 2 0 0 0 0 1 -1 -1 -1 
1 4 0 0 2.87979 0 0 0.785398 1 1 -0.00169496 0.000200225 0 0 0 -1 -1 -1 
1 4 0 0 2.87979 0 0 0.785398 2 2 0 0 0 0 1 -1 -1 -1 
1 4 0 0 3.14159 0 0 0.785398 1 1 -0.000338925 0.00019962 0 0 0 -1 -1 -1 
1 4 0 0 3.14159 0 0 0.785398 2 2 0 0 0 0 1 -1 -1 -1 
1 4 0 0 3.14159 0.261799 0 0.785398 1 1 0.00156676 0.000200587 0 0 0 -1 -1 -1 
1 4 0 0 3.14159 0.261799 0 0.785398 2 2 0 0 0 0 1 -1 -1 -1 
1 4 0 0 3.14159 0.523599 0 0.785398 1 1 0.00620168 0.000202394 0 0 0 -1 -1 -1 
1 4 0 0 3.14159 0.523599 0 0.785398 2 2 0 0 0 0 1 -1 -1 -1 
1 4 0 0 3.14159 0.785398 0 0.785398 1 1 0.0142381 0.00020396 0 0 0 -1 -1 -1 
1 4 0 0 3.14159 0.785398 0 0.785398 2 2 0 0 0 0 1 -1 -1 -1 
1 4 0 0 3.14159 1.0472 0 0.785398 1 1 0.0247138 0.000205778 0 0 0 -1 -1 -1 
1 4 0 0 3.14159 1.0472 0 0.785398 2 2 0 0 0 0 1 -1 -1 -1 
1 4 0 0 3.14159 1.309 0 0.785398 1 1 0.036563 0.000206579 0 0 0 -1 -1 -1 
1 4 0 0 3.14159 1.309 0 0.785398 2 2 0 0 0 0 1 -1 -1 -1 
1 4 0 0 3.14159 1.5708 0 0.785398 1 1 0.04951 0.000205909 0 0 0 -1 -1 -1 
1 4 0 0 3.14159 1.5708 0 0.785398 2 2 0 0 0 0 1 -1 -1 -1 
1 4 0 0 3.14159 1.8326 0 0.785398 1 1 0.0623775 0.000203664 0 0 0 -1 -1 -1 
1 4 0 0 3.14159 1.8326 0 0.785398 2 2 0 0 0 0 1 -1 -1 -1 
1 4 0 0 3.14159 2.0944 0 0.785398 1 1 0.0745235 0.000200484 0 0 0 -1 -1 -1 
1 4 0 0 3.14159 2.0944 0 0.785398 2 2 0 0 0 0 1 -1 -1 -1 
1 4 0 0 3.14159 2.35619 0 0.785398 1 1 0.0847295 0.000196328 0 0 0 -1 -1 -1 
1 4 0 0 3.14159 2.35619 0 0.785398 2 2 0 0 0 0 1 -1 -1 -1 
1 4 0 0 3.14159 2.61799 0 0.785398 1 1 0.0923914 0.000192465 0 0 0 -1 -1 -1 
1 4 0 0 3.14159 2.61799 0 0.785398 2 2 0 0 0 0 1 -1 -1 -1 
1 4 0 0 3.14159 2.87979 0 0.785398 1 1 0.0973147 0.000189457 0 0 0 -1 -1 -1 
1 4 0 0 3.14159 2.87979 0 0.785398 2 2 0 0 0 0 1 -1 -1 -1 
1 4 0 0 3.14159 3.14159 0 0.785398 1 1 0.0988806 0.00018866 0 0 0 -1 -1 -1 
1 4 0 0 3.14159 3.14159 0 0.785398 2 2 0 0 0 0 1 -1 -1 -1 
1 4 0 0 2.87979 2.87979 0 0.785398 1 1 0.0957989 0.000190738 0 0 0 -1 -1 -1 
1 4 0 0 2.87979 2.87979 0 0.785398 2 2 0 0 0 0 1 -1 -1 -1 
1 4 0 0 2.61799 2.61799 0 0.785398 1 1 0.085714 0.000195968 0 0 0 -1 -1 -1 
1 4 0 0 2.61799 2.61799 0 0.785398 2 2 0 0 0 0 1 -1 -1 -1 
1 4 0 0 2.35619 2.35619 0 0.785398 1 1 0.0699683 0.000203403 0 0 0 -1 -1 -1 
1 4 0 0 2.35619 2.35619 0 0.785398 2 2 0 0 0 0 1 -1 -1 -1 
1 4 0 0 2.0944 2.0944 0 0.785398 1 1 0.0490802 0.000209498 0 0 0 -1 -1 -1 
1 4 0 0 2.0944 2.0944 0 0.785398 2 2 0 0 0 0 1 -1 -1 -1 
1 4 0 0 1.8326 1.8326 0 0.785398 1 1 0.0254501 0.000215179 0 0 0 -1 -1 -1 
1 4 0 0 1.8326 1.8326 0 0.785398 2 2 0 0 0 0 1 -1 -1 -1 
1 4 0 0 1.5708 1.5708 0 0.785398 1 1 -0.000111744 0.000216761 0 0 0 -1 -1 -1 
1 4 0 0 1.5708 1.5708 0 0.785398 2 2 0 0 0 0 1 -1 -1 -1 
1 4 0 0 1.309 1.309 0 0.785398 1 1 -0.0255197 0.000215071 0 0 0 -1 -1 -1 
1 4 0 0 1.309 1.309 0 0.785398 2 2 0 0 0 0 1 -1 -1 -1 
1 4 0 0 1.0472 1.0472 0 0.785398 1 1 -0.0489939 0.000209782 0 0 0 -1 -1 -1 
1 4 0 0 1.0472 1.0472 0 0.785398 2 2 0 0 0 0 1 -1 -1 -1 
1 4 0 0 0.785398 0.785398 0 0.785398 1 1 -0.0697785 0.000202992 0 0 0 -1 -1 -1 
1 4 0 0 0.785398 0.785398 0 0.785398 2 2 0 0 0 0 1 -1 -1 -1 
1 4 0 0 0.523599 0.523599 0 0.785398 1 1 -0.0856372 0.000195992 0 0 0 -1 -1 -1 
1 4 0 0 0.523599 0.523599 0 0.785398 2 2 0 0 0 0 1 -1 -1 -1 
1 4 0 0 0.261799 0.261799 0 0.785398 1 1 -0.0954931 0.000190375 0 0 0 -1 -1 -1 
1 4 0 0 0.261799 0.261799 0 0.785398 2 2 0 0 0 0 1 -1 -1 -1 
2 4 0 0 0 0 0 0.785398 1 1 -0.000912709 8.75908e-06 -0.000527941 1.28332e-06 0 0 -1 -1 
2 4 0 0 0 0 0 0.785398 2 2 0 0 0 0 1 1 -1 -1 
2 4 0 0 0 0 0 0.785398 1 1 0.0115324 0.000130444 -0.0181683 4.2754e-05 2 2 -1 -1 
2 4 0 0 0 0 0 0.785398 2 2 0 0 0 0 3 3 -1 -1 
2 4 0 0 0.261799 0 0 0.785398 1 1 -0.000928705 8.90017e-06 -0.00055911 1.37823e-06 0 0 -1 -1 
2 4 0 0 0.261799 0 0 0.785398 2 2 0 0 0 0 1 1 -1 -1 
2 4 0 0 0.261799 0 0 0.785398 1 1 0.0112379 0.00013078 -0.0182556 4.31802e-05 2 2 -1 -1 
2 4 0 0 0.261799 0 0 0.785398 2 2 0 0 0 0 3 3 -1 -1 
2 4 0 0 0.523599 0 0 0.785398 1 1 -0.00093574 9.26526e-06 -0.000644497 1.67658e-06 0 0 -1 -1 
2 4 0 0 0.523599 0 0 0.785398 2 2 0 0 0 0 1 1 -1 -1 
2 4 0 0 0.523599 0 0 0.785398 1 1 0.0107075 0.000132075 -0.0185537 4.47781e-05 2 2 -1 -1 
2 4 0 0 0.523599 0 0 0.785398 2 2 0 0 0 0 3 3 -1 -1 
2 4 0 0 0.785398 0 0 0.785398 1 1 -0.000947634 9.81592e-06 -0.000786001 2.2177e-06 0 0 -1 -1 
2 4 0 0 0.785398 0 0 0.785398 2 2 0 0 0 0 1 1 -1 -1 
2 4 0 0 0.785398 0 0 0.785398 1 1 0.00963155 0.000133652 -0.0189465 4.73737e-05 2 2 -1 -1 
2 4 0 0 0.785398 0 0 0.785398 2 2 0 0 0 0 3 3 -1 -1 
2 4 0 0 1.0472 0 0 0.785398 1 1 -0.000953993 1.05968e-05 -0.000986011 3.0369e-06 0 0 -1 -1 
2 4 0 0 1.0472 0 0 0.785398 2 2 0 0 0 0 1 1 -1 -1 
2 4 0 0 1.0472 0 0 0.785398 1 1 0.00779563 0.000134871 -0.0194457 5.06563e-05 2 2 -1 -1 
2 4 0 0 1.0472 0 0 0.785398 2 2 0 0 0 0 3 3 -1 -1 
2 4 0 0 1.309 0 0 0.785398 1 1 -0.000950151 1.14599e-05 -0.00122039 4.02806e-06 0 0 -1 -1 
2 4 0 0 1.309 0 0 0.785398 2 2 0 0 0 0 1 1 -1 -1 
2 4 0 0 1.309 0 0 0.785398 1 1 0.00651185 0.000137057 -0.0202502 5.49549e-05 2 2 -1 -1 
2 4 0 0 1.309 0 0 0.785398 2 2 0 0 0 0 3 3 -1 -1 
2 4 0 0 1.5708 0 0 0.785398 1 1 -0.000887232 1.22612e-05 -0.001494 5.21128e-06 0 0 -1 -1 
2 4 0 0 1.5708 0 0 0.785398 2 2 0 0 0 0 1 1 -1 -1 
2 4 0 0 1.5708 0 0 0.785398 1 1 0.00481462 0.0001387 -0.0211582 5.9997e-05 2 2 -1 -1 
2 4 0 0 1.5708 0 0 0.785398 2 2 0 0 0 0 3 3 -1 -1 
2 4 0 0 1.8326 0 0 0.785398 1 1 -0.00078837 1.30498e-05 -0.0017851 6.49324e-06 0 0 -1 -1 
2 4 0 0 1.8326 0 0 0.785398 2 2 0 0 0 0 1 1 -1 -1 
2 4 0 0 1.8326 0 0 0.785398 1 1 0.0031635 0.000140629 -0.022273 6.58297e-05 2 2 -1 -1 
2 4 0 0 1.8326 0 0 0.785398 2 2 0 0 0 0 3 3 -1 -1 
2 4 0 0 2.0944 0 0 0.785398 1 1 -0.000631781 1.35785e-05 -0.00206284 7.70897e-06 0 0 -1 -1 
2 4 0 0 2.0944 0 0 0.785398 2 2 0 0 0 0 1 1 -1 -1 
2 4 0 0 2.0944 0 0 0.785398 1 1 0.00175857 0.000141223 -0.0232697 7.1743e-05 2 2 -1 -1 
2 4 0 0 2.0944 0 0 0.785398 2 2 0 0 0 0 3 3 -1 -1 
2 4 0 0 2.35619 0 0 0.785398 1 1 -0.000413141 1.39422e-05 -0.00232812 8.87188e-06 0 0 -1 -1 
2 4 0 0 2.35619 0 0 0.785398 2 2 0 0 0 0 1 1 -1 -1 
2 4 0 0 2.35619 0 0 0.785398 1 1 0.000911488 0.000142234 -0.0245632 7.80815e-05 2 2 -1 -1 
2 4 0 0 2.35619 0 0 0.785398 2 2 0 0 0 0 3 3 -1 -1 
2 4 0 0 2.61799 0 0 0.785398 1 1 -0.000254499 1.40756e-05 -0.00254516 9.83873e-06 0 0 -1 -1 
2 4 0 0 2.61799 0 0 0.785398 2 2 0 0 0 0 1 1 -1 -1 
2 4 0 0 2.61799 0 0 0.785398 1 1 0.000220644 0.000141666 -0.0252649 8.29132e-05 2 2 -1 -1 
2 4 0 0 2.61799 0 0 0.785398 2 2 0 0 0 0 3 3 -1 -1 
2 4 0 0 2.87979 0 0 0.785398 1 1 -6.53125e-05 1.41411e-05 -0.00270527 1.05026e-05 0 0 -1 -1 
2 4 0 0 2.87979 0 0 0.785398 2 2 0 0 0 0 1 1 -1 -1 
2 4 0 0 2.87979 0 0 0.785398 1 1 0.000160697 0.000141813 -0.0258078 8.61432e-05 2 2 -1 -1 
2 4 0 0 2.87979 0 0 0.785398 2 2 0 0 0 0 3 3 -1 -1 
2 4 0 0 3.14159 0 0 0.785398 1 1 -2.55652e-05 1.40982e-05 -0.00273994 1.068e-05 0 0 -1 -1 
2 4 0 0 3.14159 0 0 0.785398 2 2 0 0 0 0 1 1 -1 -1 
2 4 0 0 3.14159 0 0 0.785398 1 1 0.000119411 0.000142578 -0.0262717 8.8075e-05 2 2 -1 -1 
2 4 0 0 3.14159 0 0 0.785398 2 2 0 0 0 0 3 3 -1 -1 
2 4 0 0 3.14159 0.261799 0 0.785398 1 1 8.36305e-05 1.41161e-05 -0.00270986 1.056e-05 0 0 -1 -1 
2 4 0 0 3.14159 0.261799 0 0.785398 2 2 0 0 0 0 1 1 -1 -1 
2 4 0 0 3.14159 0.261799 0 0.785398 1 1 -0.000278175 0.000142029 -0.0262021 8.76773e-05 2 2 -1 -1 
2 4 0 0 3.14159 0.261799 0 0.785398 2 2 0 0 0 0 3 3 -1 -1 
2 4 0 0 3.14159 0.523599 0 0.785398 1 1 0.000223196 1.40741e-05 -0.00254978 9.87274e-06 0 0 -1 -1 
2 4 0 0 3.14159 0.523599 0 0.785398 2 2 0 0 0 0 1 1 -1 -1 
2 4 0 0 3.14159 0.523599 0 0.785398 1 1 -0.000236699 0.000142056 -0.0253706 8.29908e-05 2 2 -1 -1 
2 4 0 0 3.14159 0.523599 0 0.785398 2 2 0 0 0 0 3 3 -1 -1 
2 4 0 0 3.14159 0.785398 0 0.785398 1 1 0.000439222 1.39492e-05 -0.0023432 8.92433e-06 0 0 -1 -1 
2 4 0 0 3.14159 0.785398 0 0.785398 2 2 0 0 0 0 1 1 -1 -1 
2 4 0 0 3.14159 0.785398 0 0.785398 1 1 -0.00133206 0.000141893 -0.0243732 7.76994e-05 2 2 -1 -1 
2 4 0 0 3.14159 0.785398 0 0.785398 2 2 0 0 0 0 3 3 -1 -1 
2 4 0 0 3.14159 1.0472 0 0.785398 1 1 0.000626676 1.35955e-05 -0.00206917 7.73098e-06 0 0 -1 -1 
2 4 0 0 3.14159 1.0472 0 0.785398 2 2 0 0 0 0 1 1 -1 -1 
2 4 0 0 3.14159 1.0472 0 0.785398 1 1 -0.00180391 0.000140986 -0.0233166 7.18077e-05 2 2 -1 -1 
2 4 0 0 3.14159 1.0472 0 0.785398 2 2 0 0 0 0 3 3 -1 -1 
2 4 0 0 3.14159 1.309 0 0.785398 1 1 0.000795017 1.30056e-05 -0.00176835 6.43664e-06 0 0 -1 -1 
2 4 0 0 3.14159 1.309 0 0.785398 2 2 0 0 0 0 1 1 -1 -1 
2 4 0 0 3.14159 1.309 0 0.785398 1 1 -0.00322857 0.000140273 -0.0222763 6.59828e-05 2 2 -1 -1 
2 4 0 0 3.14159 1.309 0 0.785398 2 2 0 0 0 0 3 3 -1 -1 
2 4 0 0 3.14159 1.5708 0 0.785398 1 1 0.000904554 1.22866e-05 -0.00149187 5.22033e-06 0 0 -1 -1 
2 4 0 0 3.14159 1.5708 0 0.785398 2 2 0 0 0 0 1 1 -1 -1 
2 4 0 0 3.14159 1.5708 0 0.785398 1 1 -0.00503516 0.000138957 -0.021184 6.0417e-05 2 2 -1 -1 
2 4 0 0 3.14159 1.5708 0 0.785398 2 2 0 0 0 0 3 3 -1 -1 
2 4 0 0 3.14159 1.8326 0 0.785398 1 1 0.000946117 1.1437e-05 -0.00121633 4.0191e-06 0 0 -1 -1 
2 4 0 0 3.14159 1.8326 0 0.785398 2 2 0 0 0 0 1 1 -1 -1 
2 4 0 0 3.14159 1.8326 0 0.785398 1 1 -0.00613608 0.000136953 -0.0202047 5.50373e-05 2 2 -1 -1 
2 4 0 0 3.14159 1.8326 0 0.785398 2 2 0 0 0 0 3 3 -1 -1 
2 4 0 0 3.14159 2.0944 0 0.785398 1 1 0.000947739 1.06398e-05 -0.000984086 3.01309e-06 0 0 -1 -1 
2 4 0 0 3.14159 2.0944 0 0.785398 2 2 0 0 0 0 1 1 -1 -1 
2 4 0 0 3.14159 2.0944 0 0.785398 1 1 -0.00775037 0.000135518 -0.0196149 5.1182e-05 2 2 -1 -1 
2 4 0 0 3.14159 2.0944 0 0.785398 2 2 0 0 0 0 3 3 -1 -1 
2 4 0 0 3.14159 2.35619 0 0.785398 1 1 0.000958431 9.85815e-06 -0.000792087 2.22618e-06 0 0 -1 -1 
2 4 0 0 3.14159 2.35619 0 0.785398 2 2 0 0 0 0 1 1 -1 -1 
2 4 0 0 3.14159 2.35619 0 0.785398 1 1 -0.00931601 0.00013329 -0.0189285 4.75698e-05 2 2 -1 -1 
2 4 0 0 3.14159 2.35619 0 0.785398 2 2 0 0 0 0 3 3 -1 -1 
2 4 0 0 3.14159 2.61799 0 0.785398 1 1 0.00094721 9.25657e-06 -0.00064456 1.67378e-06 0 0 -1 -1 
2 4 0 0 3.14159 2.61799 0 0.785398 2 2 0 0 0 0 1 1 -1 -1 
2 4 0 0 3.14159 2.61799 0 0.785398 1 1 -0.0102292 0.000131541 -0.0183772 4.4513e-05 2 2 -1 -1 
2 4 0 0 3.14159 2.61799 0 0.785398 2 2 0 0 0 0 3 3 -1 -1 
2 4 0 0 3.14159 2.87979 0 0.785398 1 1 0.000916993 8.86853e-06 -0.000557918 1.3749e-06 0 0 -1 -1 
2 4 0 0 3.14159 2.87979 0 0.785398 2 2 0 0 0 0 1 1 -1 -1 
2 4 0 0 3.14159 2.87979 0 0.785398 1 1 -0.0112759 0.000130555 -0.0181732 4.31585e-05 2 2 -1 -1 
2 4 0 0 3.14159 2.87979 0 0.785398 2 2 0 0 0 0 3 3 -1 -1 
2 4 0 0 3.14159 3.14159 0 0.785398 1 1 0.000937536 8.7642e-06 -0.00052787 1.28527e-06 0 0 -1 -1 
2 4 0 0 3.14159 3.14159 0 0.785398 2 2 0 0 0 0 1 1 -1 -1 
2 4 0 0 3.14159 3.14159 0 0.785398 1 1 -0.0113959 0.000130522 -0.0181986 4.27323e-05 2 2 -1 -1 
2 4 0 0 3.14159 3.14159 0 0.785398 2 2 0 0 0 0 3 3 -1 -1 
2 4 0 0 2.87979 2.87979 0 0.785398 1 1 0.000941657 8.99678e-06 -0.000587298 1.48342e-06 0 0 -1 -1 
2 4 0 0 2.87979 2.87979 0 0.785398 2 2 0 0 0 0 1 1 -1 -1 
2 4 0 0 2.87979 2.87979 0 0.785398 1 1 -0.0106767 0.000130969 -0.0182554 4.36176e-05 2 2 -1 -1 
2 4 0 0 2.87979 2.87979 0 0.785398 2 2 0 0 0 0 3 3 -1 -1 
2 4 0 0 2.61799 2.61799 0 0.785398 1 1 0.000948254 9.7626e-06 -0.000756596 2.22367e-06 0 0 -1 -1 
2 4 0 0 2.61799 2.61799 0 0.785398 2 2 0 0 0 0 1 1 -1 -1 
2 4 0 0 2.61799 2.61799 0 0.785398 1 1 -0.00967077 0.00013292 -0.0187716 4.6671e-05 2 2 -1 -1 
2 4 0 0 2.61799 2.61799 0 0.785398 2 2 0 0 0 0 3 3 -1 -1 
2 4 0 0 2.35619 2.35619 0 0.785398 1 1 0.000910109 1.08921e-05 -0.00101233 3.48007e-06 0 0 -1 -1 
2 4 0 0 2.35619 2.35619 0 0.785398 2 2 0 0 0 0 1 1 -1 -1 
2 4 0 0 2.35619 2.35619 0 0.785398 1 1 -0.00743367 0.000135411 -0.0196363 5.15695e-05 2 2 -1 -1 
2 4 0 0 2.35619 2.35619 0 0.785398 2 2 0 0 0 0 3 3 -1 -1 
2 4 0 0 2.0944 2.0944 0 0.785398 1 1 0.000803158 1.21425e-05 -0.00131711 5.03203e-06 0 0 -1 -1 
2 4 0 0 2.0944 2.0944 0 0.785398 2 2 0 0 0 0 1 1 -1 -1 
2 4 0 0 2.0944 2.0944 0 0.785398 1 1 -0.00478658 0.000137277 -0.0207422 5.80932e-05 2 2 -1 -1 
2 4 0 0 2.0944 2.0944 0 0.785398 2 2 0 0 0 0 3 3 -1 -1 
2 4 0 0 1.8326 1.8326 0 0.785398 1 1 0.000502929 1.30916e-05 -0.00160444 6.65798e-06 0 0 -1 -1 
2 4 0 0 1.8326 1.8326 0 0.785398 2 2 0 0 0 0 1 1 -1 -1 
2 4 0 0 1.8326 1.8326 0 0.785398 1 1 -0.00243014 0.000138165 -0.0218078 6.48478e-05 2 2 -1 -1 
2 4 0 0 1.8326 1.8326 0 0.785398 2 2 0 0 0 0 3 3 -1 -1 
2 4 0 0 1.5708 1.5708 0 0.785398 1 1 -4.0642e-06 1.33892e-05 -0.00172575 7.47683e-06 0 0 -1 -1 
2 4 0 0 1.5708 1.5708 0 0.785398 2 2 0 0 0 0 1 1 -1 -1 
2 4 0 0 1.5708 1.5708 0 0.785398 1 1 1.61039e-05 0.000137156 -0.0221441 6.82227e-05 2 2 -1 -1 
2 4 0 0 1.5708 1.5708 0 0.785398 2 2 0 0 0 0 3 3 -1 -1 
2 4 0 0 1.309 1.309 0 0.785398 1 1 -0.000480119 1.30416e-05 -0.00159297 6.6134e-06 0 0 -1 -1 
2 4 0 0 1.309 1.309 0 0.785398 2 2 0 0 0 0 1 1 -1 -1 
2 4 0 0 1.309 1.309 0 0.785398 1 1 0.00230994 0.000137817 -0.021721 6.44387e-05 2 2 -1 -1 
2 4 0 0 1.309 1.309 0 0.785398 2 2 0 0 0 0 3 3 -1 -1 
2 4 0 0 1.0472 1.0472 0 0.785398 1 1 -0.000788726 1.20798e-05 -0.00130952 5.02366e-06 0 0 -1 -1 
2 4 0 0 1.0472 1.0472 0 0.785398 2 2 0 0 0 0 1 1 -1 -1 
2 4 0 0 1.0472 1.0472 0 0.785398 1 1 0.0049425 0.000137125 -0.0206305 5.76531e-05 2 2 -1 -1 
2 4 0 0 1.0472 1.0472 0 0.785398 2 2 0 0 0 0 3 3 -1 -1 
2 4 0 0 0.785398 0.785398 0 0.785398 1 1 -0.000916233 1.08525e-05 -0.00101501 3.50716e-06 0 0 -1 -1 
2 4 0 0 0.785398 0.785398 0 0.785398 2 2 0 0 0 0 1 1 -1 -1 
2 4 0 0 0.785398 0.785398 0 0.785398 1 1 0.00746551 0.000135363 -0.0196772 5.18008e-05 2 2 -1 -1 
2 4 0 0 0.785398 0.785398 0 0.785398 2 2 0 0 0 0 3 3 -1 -1 
2 4 0 0 0.523599 0.523599 0 0.785398 1 1 -0.000951544 9.75445e-06 -0.000754823 2.22427e-06 0 0 -1 -1 
2 4 0 0 0.523599 0.523599 0 0.785398 2 2 0 0 0 0 1 1 -1 -1 
2 4 0 0 0.523599 0.523599 0 0.785398 1 1 0.0094687 0.000132822 -0.0188406 4.68442e-05 2 2 -1 -1 
2 4 0 0 0.523599 0.523599 0 0.785398 2 2 0 0 0 0 3 3 -1 -1 
2 4 0 0 0.261799 0.261799 0 0.785398 1 1 -0.000910255 8.99177e-06 -0.000585882 1.48291e-06 0 0 -1 -1 
2 4 0 0 0.261799 0.261799 0 0.785398 2 2 0 0 0 0 1 1 -1 -1 
2 4 0 0 0.261799 0.261799 0 0.785398 1 1 0.0109967 0.000131258 -0.018362 4.38392e-05 2 2 -1 -1 
2 4 0 0 0.261799 0.261799 0 0.785398 2 2 0 0 0 0 3 3 -1 -1 
2 4 0 0 0 0 0 0.785398 1 1 0.000748636 5.19767e-06 0.000217482 6.54173e-07 0 0 -1 -1 
2 4 0 0 0 0 0 0.785398 2 2 0 0 0 0 1 1 -1 -1 
2 4 0 0 0.261799 0 0 0.785398 1 1 0.000733825 5.30439e-06 0.000211091 7.38761e-07 0 0 -1 -1 
2 4 0 0 0.261799 0 0 0.785398 2 2 0 0 0 0 1 1 -1 -1 
2 4 0 0 0.523599 0 0 0.785398 1 1 0.000693638 5.63317e-06 0.000191921 1.02537e-06 0 0 -1 -1 
2 4 0 0 0.523599 0 0 0.785398 2 2 0 0 0 0 1 1 -1 -1 
2 4 0 0 0.785398 0 0 0.785398 1 1 0.000605523 6.18434e-06 0.000165359 1.54549e-06 0 0 -1 -1 
2 4 0 0 0.785398 0 0 0.785398 2 2 0 0 0 0 1 1 -1 -1 
2 4 0 0 1.0472 0 0 0.785398 1 1 0.000504612 6.87746e-06 0.000131228 2.30552e-06 0 0 -1 -1 
2 4 0 0 1.0472 0 0 0.785398 2 2 0 0 0 0 1 1 -1 -1 
2 4 0 0 1.309 0 0 0.785398 1 1 0.000395329 7.6235e-06 8.54252e-05 3.23702e-06 0 0 -1 -1 
2 4 0 0 1.309 0 0 0.785398 2 2 0 0 0 0 1 1 -1 -1 
2 4 0 0 1.5708 0 0 0.785398 1 1 0.000286057 8.4126e-06 4.62957e-05 4.37576e-06 0 0 -1 -1 
2 4 0 0 1.5708 0 0 0.785398 2 2 0 0 0 0 1 1 -1 -1 
2 4 0 0 1.8326 0 0 0.785398 1 1 0.000186986 9.19558e-06 3.43982e-05 5.59212e-06 0 0 -1 -1 
2 4 0 0 1.8326 0 0 0.785398 2 2 0 0 0 0 1 1 -1 -1 
2 4 0 0 2.0944 0 0 0.785398 1 1 0.000114096 9.81634e-06 -1.05453e-06 6.87147e-06 0 0 -1 -1 
2 4 0 0 2.0944 0 0 0.785398 2 2 0 0 0 0 1 1 -1 -1 
2 4 0 0 2.35619 0 0 0.785398 1 1 1.95077e-05 1.02845e-05 -2.24361e-05 8.10179e-06 0 0 -1 -1 
2 4 0 0 2.35619 0 0 0.785398 2 2 0 0 0 0 1 1 -1 -1 
2 4 0 0 2.61799 0 0 0.785398 1 1 3.71442e-05 1.05356e-05 -1.2583e-05 9.05977e-06 0 0 -1 -1 
2 4 0 0 2.61799 0 0 0.785398 2 2 0 0 0 0 1 1 -1 -1 
2 4 0 0 2.87979 0 0 0.785398 1 1 2.54454e-05 1.06668e-05 -2.08994e-05 9.66961e-06 0 0 -1 -1 
2 4 0 0 2.87979 0 0 0.785398 2 2 0 0 0 0 1 1 -1 -1 
2 4 0 0 3.14159 0 0 0.785398 1 1 -1.35383e-05 1.07445e-05 -5.53341e-06 9.88509e-06 0 0 -1 -1 
2 4 0 0 3.14159 0 0 0.785398 2 2 0 0 0 0 1 1 -1 -1 
2 4 0 0 3.14159 0.261799 0 0.785398 1 1 -2.55199e-06 1.07055e-05 -2.11084e-05 9.69869e-06 0 0 -1 -1 
2 4 0 0 3.14159 0.261799 0 0.785398 2 2 0 0 0 0 1 1 -1 -1 
2 4 0 0 3.14159 0.523599 0 0.785398 1 1 -2.77753e-05 1.05279e-05 -1.8994e-05 9.09177e-06 0 0 -1 -1 
2 4 0 0 3.14159 0.523599 0 0.785398 2 2 0 0 0 0 1 1 -1 -1 
2 4 0 0 3.14159 0.785398 0 0.785398 1 1 -5.54122e-05 1.02405e-05 -2.22437e-05 8.03441e-06 0 0 -1 -1 
2 4 0 0 3.14159 0.785398 0 0.785398 2 2 0 0 0 0 1 1 -1 -1 
2 4 0 0 3.14159 1.0472 0 0.785398 1 1 -0.000119089 9.84752e-06 -5.02949e-06 6.93414e-06 0 0 -1 -1 
2 4 0 0 3.14159 1.0472 0 0.785398 2 2 0 0 0 0 1 1 -1 -1 
2 4 0 0 3.14159 1.309 0 0.785398 1 1 -0.000211373 9.22183e-06 2.38257e-05 5.6267e-06 0 0 -1 -1 
2 4 0 0 3.14159 1.309 0 0.785398 2 2 0 0 0 0 1 1 -1 -1 
2 4 0 0 3.14159 1.5708 0 0.785398 1 1 -0.000294114 8.4179e-06 4.49941e-05 4.32673e-06 0 0 -1 -1 
2 4 0 0 3.14159 1.5708 0 0.785398 2 2 0 0 0 0 1 1 -1 -1 
2 4 0 0 3.14159 1.8326 0 0.785398 1 1 -0.000395025 7.6682e-06 9.61872e-05 3.24214e-06 0 0 -1 -1 
2 4 0 0 3.14159 1.8326 0 0.785398 2 2 0 0 0 0 1 1 -1 -1 
2 4 0 0 3.14159 2.0944 0 0.785398 1 1 -0.00050861 6.86439e-06 0.000131426 2.27883e-06 0 0 -1 -1 
2 4 0 0 3.14159 2.0944 0 0.785398 2 2 0 0 0 0 1 1 -1 -1 
2 4 0 0 3.14159 2.35619 0 0.785398 1 1 -0.000602088 6.15961e-06 0.000161839 1.54429e-06 0 0 -1 -1 
2 4 0 0 3.14159 2.35619 0 0.785398 2 2 0 0 0 0 1 1 -1 -1 
2 4 0 0 3.14159 2.61799 0 0.785398 1 1 -0.000686143 5.64004e-06 0.000191894 1.02782e-06 0 0 -1 -1 
2 4 0 0 3.14159 2.61799 0 0.785398 2 2 0 0 0 0 1 1 -1 -1 
2 4 0 0 3.14159 2.87979 0 0.785398 1 1 -0.000735427 5.31094e-06 0.000211866 7.4003e-07 0 0 -1 -1 
2 4 0 0 3.14159 2.87979 0 0.785398 2 2 0 0 0 0 1 1 -1 -1 
2 4 0 0 3.14159 3.14159 0 0.785398 1 1 -0.000754122 5.19333e-06 0.000217949 6.54242e-07 0 0 -1 -1 
2 4 0 0 3.14159 3.14159 0 0.785398 2 2 0 0 0 0 1 1 -1 -1 
2 4 0 0 2.87979 2.87979 0 0.785398 1 1 -0.000728932 5.43767e-06 0.000205653 8.14987e-07 0 0 -1 -1 
2 4 0 0 2.87979 2.87979 0 0.785398 2 2 0 0 0 0 1 1 -1 -1 
2 4 0 0 2.61799 2.61799 0 0.785398 1 1 -0.000619997 6.04029e-06 0.00016734 1.26584e-06 0 0 -1 -1 
2 4 0 0 2.61799 2.61799 0 0.785398 2 2 0 0 0 0 1 1 -1 -1 
2 4 0 0 2.35619 2.35619 0 0.785398 1 1 -0.000468564 6.94859e-06 0.00010352 1.97058e-06 0 0 -1 -1 
2 4 0 0 2.35619 2.35619 0 0.785398 2 2 0 0 0 0 1 1 -1 -1 
2 4 0 0 2.0944 2.0944 0 0.785398 1 1 -0.000301318 7.92668e-06 3.09613e-05 2.93587e-06 0 0 -1 -1 
2 4 0 0 2.0944 2.0944 0 0.785398 2 2 0 0 0 0 1 1 -1 -1 
2 4 0 0 1.8326 1.8326 0 0.785398 1 1 -0.000143274 8.70527e-06 -3.03303e-05 4.17874e-06 0 0 -1 -1 
2 4 0 0 1.8326 1.8326 0 0.785398 2 2 0 0 0 0 1 1 -1 -1 
2 4 0 0 1.5708 1.5708 0 0.785398 1 1 1.44627e-05 8.95563e-06 -7.91687e-05 4.96877e-06 0 0 -1 -1 
2 4 0 0 1.5708 1.5708 0 0.785398 2 2 0 0 0 0 1 1 -1 -1 
2 4 0 0 1.309 1.309 0 0.785398 1 1 0.000127139 8.67311e-06 -4.19408e-05 4.2064e-06 0 0 -1 -1 
2 4 0 0 1.309 1.309 0 0.785398 2 2 0 0 0 0 1 1 -1 -1 
2 4 0 0 1.0472 1.0472 0 0.785398 1 1 0.00029116 7.97012e-06 2.70113e-05 2.96182e-06 0 0 -1 -1 
2 4 0 0 1.0472 1.0472 0 0.785398 2 2 0 0 0 0 1 1 -1 -1 
2 4 0 0 0.785398 0.785398 0 0.785398 1 1 0.000473533 6.94637e-06 0.000106402 1.97669e-06 0 0 -1 -1 
2 4 0 0 0.785398 0.785398 0 0.785398 2 2 0 0 0 0 1 1 -1 -1 
2 4 0 0 0.523599 0.523599 0 0.785398 1 1 0.000617692 6.03797e-06 0.000166782 1.26547e-06 0 0 -1 -1 
2 4 0 0 0.523599 0.523599 0 0.785398 2 2 0 0 0 0 1 1 -1 -1 
2 4 0 0 0.261799 0.261799 0 0.785398 1 1 0.000718462 5.41754e-06 0.000204064 8.1336e-07 0 0 -1 -1 
2 4 0 0 0.261799 0.261799 0 0.785398 2 2 0 0 0 0 1 1 -1 -1 
2 4 0 0 0 0 0 0.785398 1 1 4.51788e-05 4.15067e-05 0 0 0 0 -1 -1 
2 4 0 0 0 0 0 0.785398 2 2 0 0 0 0 1 1 -1 -1 
2 4 0 0 0 0 0 0.785398 1 1 -6.41769e-05 0.000123965 0 0 2 1 -1 -1 
2 4 0 0 0 0 0 0.785398 2 2 0 0 0 0 3 0 -1 -1 
2 4 0 0 0.261799 0 0 0.785398 1 1 2.48465e-05 4.13898e-05 0 0 0 0 -1 -1 
2 4 0 0 0.261799 0 0 0.785398 2 2 0 0 0 0 1 1 -1 -1 
2 4 0 0 0.261799 0 0 0.785398 1 1 -0.000223819 0.000123774 0 0 2 1 -1 -1 
2 4 0 0 0.261799 0 0 0.785398 2 2 0 0 0 0 3 0 -1 -1 
2 4 0 0 0.523599 0 0 0.785398 1 1 6.14073e-06 4.14578e-05 0 0 0 0 -1 -1 
2 4 0 0 0.523599 0 0 0.785398 2 2 0 0 0 0 1 1 -1 -1 
2 4 0 0 0.523599 0 0 0.785398 1 1 -0.000233446 0.000123768 0 0 2 1 -1 -1 
2 4 0 0 0.523599 0 0 0.785398 2 2 0 0 0 0 3 0 -1 -1 
2 4 0 0 0.785398 0 0 0.785398 1 1 6.08079e-05 4.11804e-05 0 0 0 0 -1 -1 
2 4 0 0 0.785398 0 0 0.785398 2 2 0 0 0 0 1 1 -1 -1 
2 4 0 0 0.785398 0 0 0.785398 1 1 -6.16879e-06 0.000123717 0 0 2 1 -1 -1 
2 4 0 0 0.785398 0 0 0.785398 2 2 0 0 0 0 3 0 -1 -1 
2 4 0 0 1.0472 0 0 0.785398 1 1 2.60756e-05 4.11205e-05 0 0 0 0 -1 -1 
2 4 0 0 1.0472 0 0 0.785398 2 2 0 0 0 0 1 1 -1 -1 
2 4 0 0 1.0472 0 0 0.785398 1 1 -0.000170557 0.000123676 0 0 2 1 -1 -1 
2 4 0 0 1.0472 0 0 0.785398 2 2 0 0 0 0 3 0 -1 -1 
2 4 0 0 1.309 0 0 0.785398 1 1 3.097e-05 4.13503e-05 0 0 0 0 -1 -1 
2 4 0 0 1.309 0 0 0.785398 2 2 0 0 0 0 1 1 -1 -1 
2 4 0 0 1.309 0 0 0.785398 1 1 -6.4648e-05 0.000124485 0 0 2 1 -1 -1 
2 4 0 0 1.309 0 0 0.785398 2 2 0 0 0 0 3 0 -1 -1 
2 4 0 0 1.5708 0 0 0.785398 1 1 5.53056e-06 4.13281e-05 0 0 0 0 -1 -1 
2 4 0 0 1.5708 0 0 0.785398 2 2 0 0 0 0 1 1 -1 -1 
2 4 0 0 1.5708 0 0 0.785398 1 1 8.65512e-05 0.00012392 0 0 2 1 -1 -1 
2 4 0 0 1.5708 0 0 0.785398 2 2 0 0 0 0 3 0 -1 -1 
2 4 0 0 1.8326 0 0 0.785398 1 1 3.47889e-05 4.13809e-05 0 0 0 0 -1 -1 
2 4 0 0 1.8326 0 0 0.785398 2 2 0 0 0 0 1 1 -1 -1 
2 4 0 0 1.8326 0 0 0.785398 1 1 7.86165e-06 0.000123477 0 0 2 1 -1 -1 
2 4 0 0 1.8326 0 0 0.785398 2 2 0 0 0 0 3 0 -1 -1 
2 4 0 0 2.0944 0 0 0.785398 1 1 -1.83545e-05 4.12528e-05 0 0 0 0 -1 -1 
2 4 0 0 2.0944 0 0 0.785398 2 2 0 0 0 0 1 1 -1 -1 
2 4 0 0 2.0944 0 0 0.785398 1 1 -5.79855e-05 0.000123771 0 0 2 1 -1 -1 
2 4 0 0 2.0944 0 0 0.785398 2 2 0 0 0 0 3 0 -1 -1 
2 4 0 0 2.35619 0 0 0.785398 1 1 3.36585e-05 4.12999e-05 0 0 0 0 -1 -1 
2 4 0 0 2.35619 0 0 0.785398 2 2 0 0 0 0 1 1 -1 -1 
2 4 0 0 2.35619 0 0 0.785398 1 1 4.8985e-05 0.000123379 0 0 2 1 -1 -1 
2 4 0 0 2.35619 0 0 0.785398 2 2 0 0 0 0 3 0 -1 -1 
2 4 0 0 2.61799 0 0 0.785398 1 1 8.17398e-06 4.13365e-05 0 0 0 0 -1 -1 
2 4 0 0 2.61799 0 0 0.785398 2 2 0 0 0 0 1 1 -1 -1 
2 4 0 0 2.61799 0 0 0.785398 1 1 0.000144832 0.000123835 0 0 2 1 -1 -1 
2 4 0 0 2.61799 0 0 0.785398 2 2 0 0 0 0 3 0 -1 -1 
2 4 0 0 2.87979 0 0 0.785398 1 1 2.1125e-05 4.13172e-05 0 0 0 0 -1 -1 
2 4 0 0 2.87979 0 0 0.785398 2 2 0 0 0 0 1 1 -1 -1 
2 4 0 0 2.87979 0 0 0.785398 1 1 0.000129707 0.000124177 0 0 2 1 -1 -1 
2 4 0 0 2.87979 0 0 0.785398 2 2 0 0 0 0 3 0 -1 -1 
2 4 0 0 3.14159 0 0 0.785398 1 1 1.43818e-05 4.13011e-05 0 0 0 0 -1 -1 
2 4 0 0 3.14159 0 0 0.785398 2 2 0 0 0 0 1 1 -1 -1 
2 4 0 0 3.14159 0 0 0.785398 1 1 4.86678e-05 0.000123801 0 0 2 1 -1 -1 
2 4 0 0 3.14159 0 0 0.785398 2 2 0 0 0 0 3 0 -1 -1 
2 4 0 0 3.14159 0.261799 0 0.785398 1 1 1.69248e-05 4.13637e-05 0 0 0 0 -1 -1 
2 4 0 0 3.14159 0.261799 0 0.785398 2 2 0 0 0 0 1 1 -1 -1 
2 4 0 0 3.14159 0.261799 0 0.785398 1 1 2.87182e-05 0.000124013 0 0 2 1 -1 -1 
2 4 0 0 3.14159 0.261799 0 0.785398 2 2 0 0 0 0 3 0 -1 -1 
2 4 0 0 3.14159 0.523599 0 0.785398 1 1 1.94365e-05 4.13541e-05 0 0 0 0 -1 -1 
2 4 0 0 3.14159 0.523599 0 0.785398 2 2 0 0 0 0 1 1 -1 -1 
2 4 0 0 3.14159 0.523599 0 0.785398 1 1 5.83895e-05 0.000123859 0 0 2 1 -1 -1 
2 4 0 0 3.14159 0.523599 0 0.785398 2 2 0 0 0 0 3 0 -1 -1 
2 4 0 0 3.14159 0.785398 0 0.785398 1 1 0.000132045 4.13975e-05 0 0 0 0 -1 -1 
2 4 0 0 3.14159 0.785398 0 0.785398 2 2 0 0 0 0 1 1 -1 -1 
2 4 0 0 3.14159 0.785398 0 0.785398 1 1 1.94694e-05 0.000124127 0 0 2 1 -1 -1 
2 4 0 0 3.14159 0.785398 0 0.785398 2 2 0 0 0 0 3 0 -1 -1 
2 4 0 0 3.14159 1.0472 0 0.785398 1 1 3.10653e-05 4.14847e-05 0 0 0 0 -1 -1 
2 4 0 0 3.14159 1.0472 0 0.785398 2 2 0 0 0 0 1 1 -1 -1 
2 4 0 0 3.14159 1.0472 0 0.785398 1 1 0.000115082 0.000124051 0 0 2 1 -1 -1 
2 4 0 0 3.14159 1.0472 0 0.785398 2 2 0 0 0 0 3 0 -1 -1 
2 4 0 0 3.14159 1.309 0 0.785398 1 1 1.40495e-05 4.1139e-05 0 0 0 0 -1 -1 
2 4 0 0 3.14159 1.309 0 0.785398 2 2 0 0 0 0 1 1 -1 -1 
2 4 0 0 3.14159 1.309 0 0.785398 1 1 0.000136723 0.00012363 0 0 2 1 -1 -1 
2 4 0 0 3.14159 1.309 0 0.785398 2 2 0 0 0 0 3 0 -1 -1 
2 4 0 0 3.14159 1.5708 0 0.785398 1 1 -2.80436e-05 4.13551e-05 0 0 0 0 -1 -1 
2 4 0 0 3.14159 1.5708 0 0.785398 2 2 0 0 0 0 1 1 -1 -1 
2 4 0 0 3.14159 1.5708 0 0.785398 1 1 -9.35781e-05 0.000123808 0 0 2 1 -1 -1 
2 4 0 0 3.14159 1.5708 0 0.785398 2 2 0 0 0 0 3 0 -1 -1 
2 4 0 0 3.14159 1.8326 0 0.785398 1 1 -2.85212e-05 4.15269e-05 0 0 0 0 -1 -1 
2 4 0 0 3.14159 1.8326 0 0.785398 2 2 0 0 0 0 1 1 -1 -1 
2 4 0 0 3.14159 1.8326 0 0.785398 1 1 -4.61285e-05 0.000124249 0 0 2 1 -1 -1 
2 4 0 0 3.14159 1.8326 0 0.785398 2 2 0 0 0 0 3 0 -1 -1 
2 4 0 0 3.14159 2.0944 0 0.785398 1 1 3.17417e-05 4.13726e-05 0 0 0 0 -1 -1 
2 4 0 0 3.14159 2.0944 0 0.785398 2 2 0 0 0 0 1 1 -1 -1 
2 4 0 0 3.14159 2.0944 0 0.785398 1 1 5.80237e-05 0.000124016 0 0 2 1 -1 -1 
2 4 0 0 3.14159 2.0944 0 0.785398 2 2 0 0 0 0 3 0 -1 -1 
2 4 0 0 3.14159 2.35619 0 0.785398 1 1 -2.44474e-06 4.15089e-05 0 0 0 0 -1 -1 
2 4 0 0 3.14159 2.35619 0 0.785398 2 2 0 0 0 0 1 1 -1 -1 
2 4 0 0 3.14159 2.35619 0 0.785398 1 1 -7.18328e-05 0.000124117 0 0 2 1 -1 -1 
2 4 0 0 3.14159 2.35619 0 0.785398 2 2 0 0 0 0 3 0 -1 -1 
2 4 0 0 3.14159 2.61799 0 0.785398 1 1 -2.87479e-05 4.12194e-05 0 0 0 0 -1 -1 
2 4 0 0 3.14159 2.61799 0 0.785398 2 2 0 0 0 0 1 1 -1 -1 
2 4 0 0 3.14159 2.61799 0 0.785398 1 1 0.000174731 0.000123764 0 0 2 1 -1 -1 
2 4 0 0 3.14159 2.61799 0 0.785398 2 2 0 0 0 0 3 0 -1 -1 
2 4 0 0 3.14159 2.87979 0 0.785398 1 1 -8.99124e-05 4.14745e-05 0 0 0 0 -1 -1 
2 4 0 0 3.14159 2.87979 0 0.785398 2 2 0 0 0 0 1 1 -1 -1 
2 4 0 0 3.14159 2.87979 0 0.785398 1 1 -0.000162554 0.000123957 0 0 2 1 -1 -1 
2 4 0 0 3.14159 2.87979 0 0.785398 2 2 0 0 0 0 3 0 -1 -1 
2 4 0 0 3.14159 3.14159 0 0.785398 1 1 -2.42266e-05 4.13201e-05 0 0 0 0 -1 -1 
2 4 0 0 3.14159 3.14159 0 0.785398 2 2 0 0 0 0 1 1 -1 -1 
2 4 0 0 3.14159 3.14159 0 0.785398 1 1 0.000101426 0.000124645 0 0 2 1 -1 -1 
2 4 0 0 3.14159 3.14159 0 0.785398 2 2 0 0 0 0 3 0 -1 -1 
2 4 0 0 2.87979 2.87979 0 0.785398 1 1 3.30107e-05 4.14767e-05 0 0 0 0 -1 -1 
2 4 0 0 2.87979 2.87979 0 0.785398 2 2 0 0 0 0 1 1 -1 -1 
2 4 0 0 2.87979 2.87979 0 0.785398 1 1 0.000141712 0.000124486 0 0 2 1 -1 -1 
2 4 0 0 2.87979 2.87979 0 0.785398 2 2 0 0 0 0 3 0 -1 -1 
2 4 0 0 2.61799 2.61799 0 0.785398 1 1 4.459e-05 4.13482e-05 0 0 0 0 -1 -1 
2 4 0 0 2.61799 2.61799 0 0.785398 2 2 0 0 0 0 1 1 -1 -1 
2 4 0 0 2.61799 2.61799 0 0.785398 1 1 1.70547e-05 0.000124287 0 0 2 1 -1 -1 
2 4 0 0 2.61799 2.61799 0 0.785398 2 2 0 0 0 0 3 0 -1 -1 
2 4 0 0 2.35619 2.35619 0 0.785398 1 1 -3.61603e-05 4.1245e-05 0 0 0 0 -1 -1 
2 4 0 0 2.35619 2.35619 0 0.785398 2 2 0 0 0 0 1 1 -1 -1 
2 4 0 0 2.35619 2.35619 0 0.785398 1 1 5.59977e-05 0.000124352 0 0 2 1 -1 -1 
2 4 0 0 2.35619 2.35619 0 0.785398 2 2 0 0 0 0 3 0 -1 -1 
2 4 0 0 2.0944 2.0944 0 0.785398 1 1 1.31679e-05 4.11711e-05 0 0 0 0 -1 -1 
2 4 0 0 2.0944 2.0944 0 0.785398 2 2 0 0 0 0 1 1 -1 -1 
2 4 0 0 2.0944 2.0944 0 0.785398 1 1 -0.000175988 0.000123947 0 0 2 1 -1 -1 
2 4 0 0 2.0944 2.0944 0 0.785398 2 2 0 0 0 0 3 0 -1 -1 
2 4 0 0 1.8326 1.8326 0 0.785398 1 1 -3.66706e-05 4.12299e-05 0 0 0 0 -1 -1 
2 4 0 0 1.8326 1.8326 0 0.785398 2 2 0 0 0 0 1 1 -1 -1 
2 4 0 0 1.8326 1.8326 0 0.785398 1 1 -5.15477e-06 0.00012432 0 0 2 1 -1 -1 
2 4 0 0 1.8326 1.8326 0 0.785398 2 2 0 0 0 0 3 0 -1 -1 
2 4 0 0 1.5708 1.5708 0 0.785398 1 1 5.44547e-05 4.12972e-05 0 0 0 0 -1 -1 
2 4 0 0 1.5708 1.5708 0 0.785398 2 2 0 0 0 0 1 1 -1 -1 
2 4 0 0 1.5708 1.5708 0 0.785398 1 1 0.000113654 0.000124429 0 0 2 1 -1 -1 
2 4 0 0 1.5708 1.5708 0 0.785398 2 2 0 0 0 0 3 0 -1 -1 
2 4 0 0 1.309 1.309 0 0.785398 1 1 -2.83157e-05 4.12149e-05 0 0 0 0 -1 -1 
2 4 0 0 1.309 1.309 0 0.785398 2 2 0 0 0 0 1 1 -1 -1 
2 4 0 0 1.309 1.309 0 0.785398 1 1 0.000131898 0.000124221 0 0 2 1 -1 -1 
2 4 0 0 1.309 1.309 0 0.785398 2 2 0 0 0 0 3 0 -1 -1 
2 4 0 0 1.0472 1.0472 0 0.785398 1 1 3.01086e-06 4.15196e-05 0 0 0 0 -1 -1 
2 4 0 0 1.0472 1.0472 0 0.785398 2 2 0 0 0 0 1 1 -1 -1 
2 4 0 0 1.0472 1.0472 0 0.785398 1 1 5.54058e-05 0.000123806 0 0 2 1 -1 -1 
2 4 0 0 1.0472 1.0472 0 0.785398 2 2 0 0 0 0 3 0 -1 -1 
2 4 0 0 0.785398 0.785398 0 0.785398 1 1 -2.90439e-05 4.13553e-05 0 0 0 0 -1 -1 
2 4 0 0 0.785398 0.785398 0 0.785398 2 2 0 0 0 0 1 1 -1 -1 
2 4 0 0 0.785398 0.785398 0 0.785398 1 1 7.31452e-05 0.000124006 0 0 2 1 -1 -1 
2 4 0 0 0.785398 0.785398 0 0.785398 2 2 0 0 0 0 3 0 -1 -1 
2 4 0 0 0.523599 0.523599 0 0.785398 1 1 3.12223e-05 4.13525e-05 0 0 0 0 -1 -1 
2 4 0 0 0.523599 0.523599 0 0.785398 2 2 0 0 0 0 1 1 -1 -1 
2 4 0 0 0.523599 0.523599 0 0.785398 1 1 -0.000181794 0.000124069 0 0 2 1 -1 -1 
2 4 0 0 0.523599 0.523599 0 0.785398 2 2 0 0 0 0 3 0 -1 -1 
2 4 0 0 0.261799 0.261799 0 0.785398 1 1 8.22573e-05 4.14308e-05 0 0 0 0 -1 -1 
2 4 0 0 0.261799 0.261799 0 0.785398 2 2 0 0 0 0 1 1 -1 -1 
2 4 0 0 0.261799 0.261799 0 0.785398 1 1 9.7377e-05 0.000124057 0 0 2 1 -1 -1 
2 4 0 0 0.261799 0.261799 0 0.785398 2 2 0 0 0 0 3 0 -1 -1 
2 4 0 0 0 0 0 0.785398 1 1 -9.88349e-05 2.5816e-06 0 0 0 0 -1 -1 
2 4 0 0 0 0 0 0.785398 2 2 0 0 0 0 1 1 -1 -1 
2 4 0 0 0.261799 0 0 0.785398 1 1 -9.17958e-05 4.37751e-06 0 0 0 0 -1 -1 
2 4 0 0 0.261799 0 0 0.785398 2 2 0 0 0 0 1 1 -1 -1 
2 4 0 0 0.523599 0 0 0.785398 1 1 -0.000103812 7.59035e-06 0 0 0 0 -1 -1 
2 4 0 0 0.523599 0 0 0.785398 2 2 0 0 0 0 1 1 -1 -1 
2 4 0 0 0.785398 0 0 0.785398 1 1 -0.000105522 1.0859e-05 0 0 0 0 -1 -1 
2 4 0 0 0.785398 0 0 0.785398 2 2 0 0 0 0 1 1 -1 -1 
2 4 0 0 1.0472 0 0 0.785398 1 1 -0.000119211 1.42137e-05 0 0 0 0 -1 -1 
2 4 0 0 1.0472 0 0 0.785398 2 2 0 0 0 0 1 1 -1 -1 
2 4 0 0 1.309 0 0 0.785398 1 1 -7.92319e-05 1.75029e-05 0 0 0 0 -1 -1 
2 4 0 0 1.309 0 0 0.785398 2 2 0 0 0 0 1 1 -1 -1 
2 4 0 0 1.5708 0 0 0.785398 1 1 -6.2309e-05 2.06103e-05 0 0 0 0 -1 -1 
2 4 0 0 1.5708 0 0 0.785398 2 2 0 0 0 0 1 1 -1 -1 
2 4 0 0 1.8326 0 0 0.785398 1 1 -4.15701e-05 2.36011e-05 0 0 0 0 -1 -1 
2 4 0 0 1.8326 0 0 0.785398 2 2 0 0 0 0 1 1 -1 -1 
2 4 0 0 2.0944 0 0 0.785398 1 1 -6.6394e-05 2.58579e-05 0 0 0 0 -1 -1 
2 4 0 0 2.0944 0 0 0.785398 2 2 0 0 0 0 1 1 -1 -1 
2 4 0 0 2.35619 0 0 0.785398 1 1 -1.38559e-05 2.81628e-05 0 0 0 0 -1 -1 
2 4 0 0 2.35619 0 0 0.785398 2 2 0 0 0 0 1 1 -1 -1 
2 4 0 0 2.61799 0 0 0.785398 1 1 1.89817e-05 2.95918e-05 0 0 0 0 -1 -1 
2 4 0 0 2.61799 0 0 0.785398 2 2 0 0 0 0 1 1 -1 -1 
2 4 0 0 2.87979 0 0 0.785398 1 1 5.67554e-05 3.06617e-05 0 0 0 0 -1 -1 
2 4 0 0 2.87979 0 0 0.785398 2 2 0 0 0 0 1 1 -1 -1 
2 4 0 0 3.14159 0 0 0.785398 1 1 -1.5266e-05 3.08844e-05 0 0 0 0 -1 -1 
2 4 0 0 3.14159 0 0 0.785398 2 2 0 0 0 0 1 1 -1 -1 
2 4 0 0 3.14159 0.261799 0 0.785398 1 1 6.17195e-05 3.06942e-05 0 0 0 0 -1 -1 
2 4 0 0 3.14159 0.261799 0 0.785398 2 2 0 0 0 0 1 1 -1 -1 
2 4 0 0 3.14159 0.523599 0 0.785398 1 1 1.43928e-05 2.95519e-05 0 0 0 0 -1 -1 
2 4 0 0 3.14159 0.523599 0 0.785398 2 2 0 0 0 0 1 1 -1 -1 
2 4 0 0 3.14159 0.785398 0 0.785398 1 1 1.38703e-05 2.80854e-05 0 0 0 0 -1 -1 
2 4 0 0 3.14159 0.785398 0 0.785398 2 2 0 0 0 0 1 1 -1 -1 
2 4 0 0 3.14159 1.0472 0 0.785398 1 1 4.44011e-05 2.60544e-05 0 0 0 0 -1 -1 
2 4 0 0 3.14159 1.0472 0 0.785398 2 2 0 0 0 0 1 1 -1 -1 
2 4 0 0 3.14159 1.309 0 0.785398 1 1 3.32358e-05 2.35275e-05 0 0 0 0 -1 -1 
2 4 0 0 3.14159 1.309 0 0.785398 2 2 0 0 0 0 1 1 -1 -1 
2 4 0 0 3.14159 1.5708 0 0.785398 1 1 4.9537e-05 2.07017e-05 0 0 0 0 -1 -1 
2 4 0 0 3.14159 1.5708 0 0.785398 2 2 0 0 0 0 1 1 -1 -1 
2 4 0 0 3.14159 1.8326 0 0.785398 1 1 0.000103287 1.76314e-05 0 0 0 0 -1 -1 
2 4 0 0 3.14159 1.8326 0 0.785398 2 2 0 0 0 0 1 1 -1 -1 
2 4 0 0 3.14159 2.0944 0 0.785398 1 1 7.18433e-05 1.42389e-05 0 0 0 0 -1 -1 
2 4 0 0 3.14159 2.0944 0 0.785398 2 2 0 0 0 0 1 1 -1 -1 
2 4 0 0 3.14159 2.35619 0 0.785398 1 1 8.32101e-05 1.08978e-05 0 0 0 0 -1 -1 
2 4 0 0 3.14159 2.35619 0 0.785398 2 2 0 0 0 0 1 1 -1 -1 
2 4 0 0 3.14159 2.61799 0 0.785398 1 1 9.76661e-05 7.49481e-06 0 0 0 0 -1 -1 
2 4 0 0 3.14159 2.61799 0 0.785398 2 2 0 0 0 0 1 1 -1 -1 
2 4 0 0 3.14159 2.87979 0 0.785398 1 1 9.37273e-05 4.39986e-06 0 0 0 0 -1 -1 
2 4 0 0 3.14159 2.87979 0 0.785398 2 2 0 0 0 0 1 1 -1 -1 
2 4 0 0 3.14159 3.14159 0 0.785398 1 1 0.000100756 2.60043e-06 0 0 0 0 -1 -1 
2 4 0 0 3.14159 3.14159 0 0.785398 2 2 0 0 0 0 1 1 -1 -1 
2 4 0 0 2.87979 2.87979 0 0.785398 1 1 9.19099e-05 5.60012e-06 0 0 0 0 -1 -1 
2 4 0 0 2.87979 2.87979 0 0.785398 2 2 0 0 0 0 1 1 -1 -1 
2 4 0 0 2.61799 2.61799 0 0.785398 1 1 6.8709e-05 1.00062e-05 0 0 0 0 -1 -1 
2 4 0 0 2.61799 2.61799 0 0.785398 2 2 0 0 0 0 1 1 -1 -1 
2 4 0 0 2.35619 2.35619 0 0.785398 1 1 5.41095e-05 1.37581e-05 0 0 0 0 -1 -1 
2 4 0 0 2.35619 2.35619 0 0.785398 2 2 0 0 0 0 1 1 -1 -1 
2 4 0 0 2.0944 2.0944 0 0.785398 1 1 7.40458e-05 1.67233e-05 0 0 0 0 -1 -1 
2 4 0 0 2.0944 2.0944 0 0.785398 2 2 0 0 0 0 1 1 -1 -1 
2 4 0 0 1.8326 1.8326 0 0.785398 1 1 2.02749e-05 1.86763e-05 0 0 0 0 -1 -1 
2 4 0 0 1.8326 1.8326 0 0.785398 2 2 0 0 0 0 1 1 -1 -1 
2 4 0 0 1.5708 1.5708 0 0.785398 1 1 -1.48872e-05 1.93874e-05 0 0 0 0 -1 -1 
2 4 0 0 1.5708 1.5708 0 0.785398 2 2 0 0 0 0 1 1 -1 -1 
2 4 0 0 1.309 1.309 0 0.785398 1 1 -1.72596e-05 1.86657e-05 0 0 0 0 -1 -1 
2 4 0 0 1.309 1.309 0 0.785398 2 2 0 0 0 0 1 1 -1 -1 
2 4 0 0 1.0472 1.0472 0 0.785398 1 1 -3.81972e-05 1.68807e-05 0 0 0 0 -1 -1 
2 4 0 0 1.0472 1.0472 0 0.785398 2 2 0 0 0 0 1 1 -1 -1 
2 4 0 0 0.785398 0.785398 0 0.785398 1 1 -7.66721e-05 1.38297e-05 0 0 0 0 -1 -1 
2 4 0 0 0.785398 0.785398 0 0.785398 2 2 0 0 0 0 1 1 -1 -1 
2 4 0 0 0.523599 0.523599 0 0.785398 1 1 -8.12902e-05 9.89541e-06 0 0 0 0 -1 -1 
2 4 0 0 0.523599 0.523599 0 0.785398 2 2 0 0 0 0 1 1 -1 -1 
2 4 0 0 0.261799 0.261799 0 0.785398 1 1 -9.53676e-05 5.65757e-06 0 0 0 0 -1 -1 
2 4 0 0 0.261799 0.261799 0 0.785398 2 2 0 0 0 0 1 1 -1 -1 
