4 4 0 0 0 0 0 0.785398 1 1 -1.3993e-05 2.05094e-07 -4.78434e-06 4.26538e-08 0 0 0 0 
4 4 0 0 0 0 0 0.785398 1 1 1.413e-05 1.12018e-06 -2.89985e-05 2.72805e-07 0 0 2 2 
4 4 0 0 0 0 0 0.785398 1 1 1.3067e-05 1.11798e-06 -2.92634e-05 2.74502e-07 0 2 0 3 
4 4 0 0 0 0 0 0.785398 1 1 1.32649e-05 1.13375e-06 -2.87192e-05 2.73031e-07 0 2 2 1 
4 4 0 0 0 0 0 0.785398 2 2 0 0 0 0 1 1 1 1 
4 4 0 0 0 0 0 0.785398 2 2 0 0 0 0 1 1 3 3 
4 4 0 0 0 0 0 0.785398 2 2 0 0 0 0 1 3 1 2 
4 4 0 0 0 0 0 0.785398 2 2 0 0 0 0 1 3 3 0 
4 4 0 0 0 0 0 0.785398 1 1 1.20792e-05 1.10189e-06 -2.85466e-05 2.6773e-07 2 0 1 2 
4 4 0 0 0 0 0 0.785398 1 1 1.12656e-05 1.0553e-06 -2.84335e-05 2.58954e-07 2 0 3 0 
4 4 0 0 0 0 0 0.785398 1 1 1.23784e-05 1.09143e-06 -2.85255e-05 2.65514e-07 2 2 1 1 
4 4 0 0 0 0 0 0.785398 1 1 0.000877223 1.6146e-05 -0.00124685 9.53911e-06 2 2 3 3 
4 4 0 0 0 0 0 0.785398 2 2 0 0 0 0 3 1 0 3 
4 4 0 0 0 0 0 0.785398 2 2 0 0 0 0 3 1 2 1 
4 4 0 0 0 0 0 0.785398 2 2 0 0 0 0 3 3 0 0 
4 4 0 0 0 0 0 0.785398 2 2 0 0 0 0 3 3 2 2 
4 4 0 0 0 0 0 0.785398 1 1 2.01383e-07 1.40351e-07 -7.73609e-09 3.11458e-08 0 0 0 0 
4 4 0 0 0 0 0 0.785398 1 1 2.36649e-06 9.34538e-07 -1.29134e-07 3.10774e-07 0 2 0 3 
4 4 0 0 0 0 0 0.785398 2 2 0 0 0 0 1 1 1 1 
4 4 0 0 0 0 0 0.785398 2 2 0 0 0 0 1 3 1 2 
4 4 0 0 0 0 0 0.785398 1 1 2.92619e-06 9.72583e-07 -2.11134e-07 3.22151e-07 2 0 1 2 
4 4 0 0 0 0 0 0.785398 1 1 3.4006e-06 9.48311e-07 -6.89319e-08 3.12303e-07 2 2 1 1 
4 4 0 0 0 0 0 0.785398 2 2 0 0 0 0 3 1 0 3 
4 4 0 0 0 0 0 0.785398 2 2 0 0 0 0 3 3 0 0 
4 4 0 0 0 0 0 0.785398 1 1 2.6679e-07 2.15247e-08 8.8883e-09 4.7157e-09 0 0 0 0 
4 4 0 0 0 0 0 0.785398 2 2 0 0 0 0 1 1 1 1 
4 4 0 0 0 0 0 0.785398 1 1 2.00246e-07 2.32722e-07 -1.24106e-06 1.80726e-07 2 0 0 3 
4 4 0 0 0 0 0 0.785398 2 2 0 0 0 0 3 1 1 2 
4 4 0 0 0 0 0 0.785398 1 1 -2.16581e-07 3.96763e-08 -2.26635e-08 9.62233e-09 0 0 0 0 
4 4 0 0 0 0 0 0.785398 2 2 0 0 0 0 1 1 1 1 
4 4 0 0 0 0 0 0.785398 1 1 -4.62138e-06 4.28234e-07 -2.67458e-07 3.81999e-07 2 0 1 2 
4 4 0 0 0 0 0 0.785398 2 2 0 0 0 0 3 1 0 3 
4 4 0 0 0 0 0 0.785398 1 1 3.15758e-07 3.2179e-08 6.65165e-08 7.69413e-09 0 0 0 0 
4 4 0 0 0 0 0 0.785398 2 2 0 0 0 0 1 1 1 1 
4 4 0 0 0 0 0 0.785398 1 1 6.93903e-06 3.73592e-07 -2.56301e-07 3.24441e-07 2 0 3 0 
4 4 0 0 0 0 0 0.785398 2 2 0 0 0 0 3 1 2 1 
4 4 0 0 0 0 0 0.785398 1 1 -3.85402e-07 1.84501e-08 -3.91115e-07 1.17584e-08 0 0 0 0 
4 4 0 0 0 0 0 0.785398 2 2 0 0 0 0 1 1 1 1 
4 4 0 0 0 0 0 0.785398 1 1 -0.000491364 1.10308e-05 -0.00124734 1.01495e-05 2 2 2 2 
4 4 0 0 0 0 0 0.785398 2 2 0 0 0 0 3 3 3 3 
4 4 0 0 0 0 0 0.785398 1 1 -1.16513e-07 1.0124e-07 -2.05428e-08 2.49566e-08 0 0 0 0 
4 4 0 0 0 0 0 0.785398 2 2 0 0 0 0 1 1 1 1 
4 4 0 0 0 0 0 0.785398 1 1 3.93591e-07 1.07475e-06 -2.2828e-06 8.53342e-07 2 2 1 1 
4 4 0 0 0 0 0 0.785398 2 2 0 0 0 0 3 3 0 0 
4 4 0 0 0 0 0 0.785398 1 1 1.66785e-07 1.47593e-08 3.83966e-09 4.29139e-09 0 0 0 0 
4 4 0 0 0 0 0 0.785398 2 2 0 0 0 0 1 1 1 1 
4 4 0 0 0 0 0 0.785398 1 1 1.08646e-07 2.60424e-08 7.58069e-08 8.88952e-09 0 0 0 0 
4 4 0 0 0 0 0 0.785398 2 2 0 0 0 0 1 1 1 1 
4 4 0 0 0 0 0 0.785398 1 1 4.32748e-07 5.71236e-08 1.67684e-07 1.21685e-08 0 0 0 0 
4 4 0 0 0 0 0 0.785398 1 1 4.67573e-07 2.88733e-07 1.7042e-06 1.13167e-07 0 2 0 2 
4 4 0 0 0 0 0 0.785398 2 2 0 0 0 0 1 1 1 1 
4 4 0 0 0 0 0 0.785398 2 2 0 0 0 0 1 3 1 3 
4 4 0 0 0 0 0 0.785398 1 1 1.04544e-06 2.8e-07 1.64476e-06 1.09766e-07 2 0 0 3 
4 4 0 0 0 0 0 0.785398 1 1 6.74008e-07 2.77137e-07 1.5762e-06 1.08268e-07 2 2 0 1 
4 4 0 0 0 0 0 0.785398 2 2 0 0 0 0 3 1 1 2 
4 4 0 0 0 0 0 0.785398 2 2 0 0 0 0 3 3 1 0 
4 4 0 0 0 0 0 0.785398 1 1 2.74284e-07 3.23364e-08 5.8032e-08 7.71464e-09 0 0 0 0 
4 4 0 0 0 0 0 0.785398 2 2 0 0 0 0 1 1 1 1 
4 4 0 0 0 0 0 0.785398 1 1 7.10291e-06 3.77876e-07 -4.81327e-07 3.25767e-07 2 0 3 0 
4 4 0 0 0 0 0 0.785398 2 2 0 0 0 0 3 1 2 1 
4 4 0 0 0 0 0 0.785398 1 1 1.17053e-07 2.57855e-08 5.99569e-08 8.74016e-09 0 0 0 0 
4 4 0 0 0 0 0 0.785398 2 2 0 0 0 0 1 1 1 1 
4 4 0 0 0 0 0 0.785398 1 1 3.30167e-07 1.70138e-08 2.65895e-07 1.0994e-08 0 0 0 0 
4 4 0 0 0 0 0 0.785398 2 2 0 0 0 0 1 1 1 1 
4 4 0 0 0 0 0 0.785398 1 1 -1.981e-07 3.90566e-08 -5.27695e-09 9.55504e-09 0 0 0 0 
4 4 0 0 0 0 0 0.785398 2 2 0 0 0 0 1 1 1 1 
4 4 0 0 0 0 0 0.785398 1 1 -4.19343e-06 4.27473e-07 -3.24224e-07 3.89892e-07 2 0 1 2 
4 4 0 0 0 0 0 0.785398 2 2 0 0 0 0 3 1 0 3 
4 4 0 0 0 0 0 0.785398 1 1 5.02699e-07 5.60977e-08 1.95192e-07 1.20474e-08 0 0 0 0 
4 4 0 0 0 0 0 0.785398 1 1 8.11937e-07 2.80456e-07 1.45475e-06 1.08782e-07 0 2 2 0 
4 4 0 0 0 0 0 0.785398 2 2 0 0 0 0 1 1 1 1 
4 4 0 0 0 0 0 0.785398 2 2 0 0 0 0 1 3 3 1 
4 4 0 0 0 0 0 0.785398 1 1 7.59321e-07 2.78213e-07 1.64462e-06 1.09336e-07 2 0 3 0 
4 4 0 0 0 0 0 0.785398 1 1 1.14002e-06 2.7671e-07 1.58347e-06 1.07534e-07 2 2 1 0 
4 4 0 0 0 0 0 0.785398 2 2 0 0 0 0 3 1 2 1 
4 4 0 0 0 0 0 0.785398 2 2 0 0 0 0 3 3 0 1 
4 4 0 0 0 0 0 0.785398 1 1 2.18856e-07 1.37208e-07 -1.60735e-08 3.03707e-08 0 0 0 0 
4 4 0 0 0 0 0 0.785398 1 1 2.34084e-06 9.06427e-07 2.21471e-07 3.00888e-07 0 2 2 1 
4 4 0 0 0 0 0 0.785398 2 2 0 0 0 0 1 1 1 1 
4 4 0 0 0 0 0 0.785398 2 2 0 0 0 0 1 3 3 0 
4 4 0 0 0 0 0 0.785398 1 1 1.91343e-06 9.41156e-07 3.31338e-07 3.078e-07 2 0 3 0 
4 4 0 0 0 0 0 0.785398 1 1 1.19485e-06 9.32865e-07 3.20206e-07 3.02075e-07 2 2 1 1 
4 4 0 0 0 0 0 0.785398 2 2 0 0 0 0 3 1 2 1 
4 4 0 0 0 0 0 0.785398 2 2 0 0 0 0 3 3 0 0 
4 4 0 0 0 0 0 0.785398 1 1 -4.27854e-07 1.91863e-08 -3.87811e-07 1.25498e-08 0 0 0 0 
4 4 0 0 0 0 0 0.785398 2 2 0 0 0 0 1 1 1 1 
4 4 0 0 0 0 0 0.785398 1 1 -0.000496488 1.08135e-05 -0.00122875 9.70269e-06 2 2 2 2 
4 4 0 0 0 0 0 0.785398 2 2 0 0 0 0 3 3 3 3 
4 4 0 0 0 0 0 0.785398 1 1 1.73281e-07 1.47718e-08 1.7591e-09 4.26832e-09 0 0 0 0 
4 4 0 0 0 0 0 0.785398 2 2 0 0 0 0 1 1 1 1 
4 4 0 0 0 0 0 0.785398 1 1 2.02564e-06 2.02728e-08 5.0166e-07 6.93065e-09 0 0 0 0 
4 4 0 0 0 0 0 0.785398 1 1 1.85199e-05 4.76567e-07 1.78507e-05 2.42451e-07 0 2 0 3 
4 4 0 0 0 0 0 0.785398 2 2 0 0 0 0 1 1 1 1 
4 4 0 0 0 0 0 0.785398 2 2 0 0 0 0 1 3 1 2 
4 4 0 0 0 0 0 0.785398 1 1 1.8757e-05 4.75905e-07 1.73487e-05 2.35415e-07 2 0 2 0 
4 4 0 0 0 0 0 0.785398 1 1 -0.0003023 7.92608e-06 0.000668403 6.45877e-06 2 2 2 3 
4 4 0 0 0 0 0 0.785398 2 2 0 0 0 0 3 1 3 1 
4 4 0 0 0 0 0 0.785398 2 2 0 0 0 0 3 3 3 2 
4 4 0 0 0 0 0 0.785398 1 1 -1.38245e-07 1.31168e-08 -2.19942e-08 3.67409e-09 0 0 0 0 
4 4 0 0 0 0 0 0.785398 2 2 0 0 0 0 1 1 1 1 
4 4 0 0 0 0 0 0.785398 1 1 -3.3315e-06 2.00102e-07 2.48333e-06 1.22814e-07 2 0 2 0 
4 4 0 0 0 0 0 0.785398 2 2 0 0 0 0 3 1 3 1 
4 4 0 0 0 0 0 0.785398 1 1 -2.42195e-07 1.56929e-08 6.38675e-08 5.59662e-09 0 0 0 0 
4 4 0 0 0 0 0 0.785398 2 2 0 0 0 0 1 1 1 1 
4 4 0 0 0 0 0 0.785398 1 1 -5.81261e-06 3.94699e-07 -1.69916e-07 2.29237e-07 2 0 0 3 
4 4 0 0 0 0 0 0.785398 2 2 0 0 0 0 3 1 1 2 
4 4 0 0 0 0 0 0.785398 1 1 7.25933e-08 7.62683e-09 -4.52767e-08 2.05688e-09 0 0 0 0 
4 4 0 0 0 0 0 0.785398 2 2 0 0 0 0 1 1 1 1 
4 4 0 0 0 0 0 0.785398 1 1 -6.68103e-08 9.64253e-09 3.28214e-08 3.97779e-09 0 0 0 0 
4 4 0 0 0 0 0 0.785398 2 2 0 0 0 0 1 1 1 1 
4 4 0 0 0 0 0 0.785398 1 1 -9.19719e-08 9.69885e-09 1.64651e-08 4.06177e-09 0 0 0 0 
4 4 0 0 0 0 0 0.785398 2 2 0 0 0 0 1 1 1 1 
4 4 0 0 0 0 0 0.785398 1 1 1.85764e-07 1.31318e-08 1.09186e-07 8.74248e-09 0 0 0 0 
4 4 0 0 0 0 0 0.785398 2 2 0 0 0 0 1 1 1 1 
4 4 0 0 0 0 0 0.785398 1 1 -1.77377e-08 1.59956e-08 -2.89611e-08 7.16507e-09 0 0 0 0 
4 4 0 0 0 0 0 0.785398 2 2 0 0 0 0 1 1 1 1 
4 4 0 0 0 0 0 0.785398 1 1 -2.03984e-06 3.0791e-08 -2.50639e-07 9.72339e-09 0 0 0 0 
4 4 0 0 0 0 0 0.785398 1 1 -1.56616e-05 3.33008e-07 2.28923e-06 2.46827e-07 0 2 0 3 
4 4 0 0 0 0 0 0.785398 2 2 0 0 0 0 1 1 1 1 
4 4 0 0 0 0 0 0.785398 2 2 0 0 0 0 1 3 1 2 
4 4 0 0 0 0 0 0.785398 1 1 -0.000135991 1.35746e-06 2.7621e-06 8.45084e-07 2 0 2 2 
4 4 0 0 0 0 0 0.785398 1 1 -0.000137505 1.37167e-06 4.64422e-06 8.59256e-07 2 2 2 1 
4 4 0 0 0 0 0 0.785398 2 2 0 0 0 0 3 1 3 3 
4 4 0 0 0 0 0 0.785398 2 2 0 0 0 0 3 3 3 0 
4 4 0 0 0 0 0 0.785398 1 1 -7.74886e-08 1.24755e-08 1.09482e-08 4.74087e-09 0 0 0 0 
4 4 0 0 0 0 0 0.785398 2 2 0 0 0 0 1 1 1 1 
4 4 0 0 0 0 0 0.785398 1 1 2.58761e-06 1.18551e-06 3.97887e-06 1.11883e-06 2 0 2 2 
4 4 0 0 0 0 0 0.785398 2 2 0 0 0 0 3 1 3 3 
4 4 0 0 0 0 0 0.785398 1 1 -2.51916e-07 1.54862e-08 5.22112e-08 5.58598e-09 0 0 0 0 
4 4 0 0 0 0 0 0.785398 2 2 0 0 0 0 1 1 1 1 
4 4 0 0 0 0 0 0.785398 1 1 -5.77236e-06 4.04217e-07 -5.60399e-08 2.29687e-07 2 0 3 0 
4 4 0 0 0 0 0 0.785398 2 2 0 0 0 0 3 1 2 1 
4 4 0 0 0 0 0 0.785398 1 1 -1.10173e-06 1.93506e-08 -1.74027e-07 6.68315e-09 0 0 0 0 
4 4 0 0 0 0 0 0.785398 2 2 0 0 0 0 1 1 1 1 
4 4 0 0 0 0 0 0.785398 1 1 -8.91332e-06 2.87024e-07 -1.23369e-07 2.38816e-07 2 0 3 0 
4 4 0 0 0 0 0 0.785398 2 2 0 0 0 0 3 1 2 1 
4 4 0 0 0 0 0 0.785398 1 1 3.78732e-08 2.4404e-08 2.7564e-08 9.49922e-09 0 0 0 0 
4 4 0 0 0 0 0 0.785398 2 2 0 0 0 0 1 1 1 1 
4 4 0 0 0 0 0 0.785398 1 1 6.16896e-06 2.07259e-06 2.02374e-05 2.03522e-06 2 2 2 1 
4 4 0 0 0 0 0 0.785398 2 2 0 0 0 0 3 3 3 0 
4 4 0 0 0 0 0 0.785398 1 1 -3.48714e-08 9.91052e-09 4.27917e-09 3.27516e-09 0 0 0 0 
4 4 0 0 0 0 0 0.785398 2 2 0 0 0 0 1 1 1 1 
4 4 0 0 0 0 0 0.785398 1 1 2.72726e-08 1.31809e-08 -7.40597e-09 5.74384e-09 0 0 0 0 
4 4 0 0 0 0 0 0.785398 2 2 0 0 0 0 1 1 1 1 
4 4 0 0 0 0 0 0.785398 1 1 -2.46366e-08 9.69617e-09 3.01705e-09 3.2677e-09 0 0 0 0 
4 4 0 0 0 0 0 0.785398 2 2 0 0 0 0 1 1 1 1 
4 4 0 0 0 0 0 0.785398 1 1 -2.59399e-08 1.65789e-08 -1.00641e-08 7.50978e-09 0 0 0 0 
4 4 0 0 0 0 0 0.785398 2 2 0 0 0 0 1 1 1 1 
4 4 0 0 0 0 0 0.785398 1 1 2.08228e-06 3.16884e-08 2.68028e-07 1.00717e-08 0 0 0 0 
4 4 0 0 0 0 0 0.785398 1 1 1.61688e-05 3.4211e-07 -1.93243e-06 2.49013e-07 0 2 0 3 
4 4 0 0 0 0 0 0.785398 2 2 0 0 0 0 1 1 1 1 
4 4 0 0 0 0 0 0.785398 2 2 0 0 0 0 1 3 1 2 
4 4 0 0 0 0 0 0.785398 1 1 0.00013517 1.35467e-06 -4.36774e-06 8.54476e-07 2 0 2 2 
4 4 0 0 0 0 0 0.785398 1 1 0.000134564 1.33117e-06 -2.19359e-06 8.42852e-07 2 2 2 1 
4 4 0 0 0 0 0 0.785398 2 2 0 0 0 0 3 1 3 3 
4 4 0 0 0 0 0 0.785398 2 2 0 0 0 0 3 3 3 0 
4 4 0 0 0 0 0 0.785398 1 1 -2.10881e-06 3.09599e-08 -2.62098e-07 1.00164e-08 0 0 0 0 
4 4 0 0 0 0 0 0.785398 1 1 -0.000134798 1.36295e-06 1.99876e-06 8.43638e-07 0 2 2 2 
4 4 0 0 0 0 0 0.785398 2 2 0 0 0 0 1 1 1 1 
4 4 0 0 0 0 0 0.785398 2 2 0 0 0 0 1 3 3 3 
4 4 0 0 0 0 0 0.785398 1 1 -1.57742e-05 3.32866e-07 2.11785e-06 2.4709e-07 2 0 3 0 
4 4 0 0 0 0 0 0.785398 1 1 -0.000134798 1.35409e-06 4.09665e-06 8.69675e-07 2 2 1 2 
4 4 0 0 0 0 0 0.785398 2 2 0 0 0 0 3 1 2 1 
4 4 0 0 0 0 0 0.785398 2 2 0 0 0 0 3 3 0 3 
4 4 0 0 0 0 0 0.785398 1 1 2.04369e-06 3.05318e-08 2.70389e-07 9.81937e-09 0 0 0 0 
4 4 0 0 0 0 0 0.785398 1 1 0.000134593 1.35156e-06 -2.67829e-06 8.49075e-07 0 2 2 2 
4 4 0 0 0 0 0 0.785398 2 2 0 0 0 0 1 1 1 1 
4 4 0 0 0 0 0 0.785398 2 2 0 0 0 0 1 3 3 3 
4 4 0 0 0 0 0 0.785398 1 1 1.55308e-05 3.32828e-07 -2.15675e-06 2.45263e-07 2 0 3 0 
4 4 0 0 0 0 0 0.785398 1 1 0.000135752 1.34079e-06 -3.08828e-06 8.40007e-07 2 2 1 2 
4 4 0 0 0 0 0 0.785398 2 2 0 0 0 0 3 1 2 1 
4 4 0 0 0 0 0 0.785398 2 2 0 0 0 0 3 3 0 3 
4 4 0 0 0 0 0 0.785398 1 1 -1.49176e-07 1.33523e-08 -2.53208e-08 3.69687e-09 0 0 0 0 
4 4 0 0 0 0 0 0.785398 2 2 0 0 0 0 1 1 1 1 
4 4 0 0 0 0 0 0.785398 1 1 -3.73265e-06 2.00968e-07 2.36162e-06 1.2087e-07 2 0 3 0 
4 4 0 0 0 0 0 0.785398 2 2 0 0 0 0 3 1 2 1 
4 4 0 0 0 0 0 0.785398 1 1 -7.69504e-08 2.47289e-08 -9.30371e-09 9.59139e-09 0 0 0 0 
4 4 0 0 0 0 0 0.785398 2 2 0 0 0 0 1 1 1 1 
4 4 0 0 0 0 0 0.785398 1 1 -1.06649e-05 1.98842e-06 -1.78225e-05 1.91342e-06 2 2 2 1 
4 4 0 0 0 0 0 0.785398 2 2 0 0 0 0 3 3 3 0 
4 4 0 0 0 0 0 0.785398 1 1 -1.94611e-07 1.2892e-08 -1.27807e-07 9.18769e-09 0 0 0 0 
4 4 0 0 0 0 0 0.785398 2 2 0 0 0 0 1 1 1 1 
4 4 0 0 0 0 0 0.785398 1 1 -6.06254e-08 1.27691e-08 -2.20365e-09 4.88617e-09 0 0 0 0 
4 4 0 0 0 0 0 0.785398 2 2 0 0 0 0 1 1 1 1 
4 4 0 0 0 0 0 0.785398 1 1 -2.54582e-07 1.2345e-06 2.6671e-06 1.12779e-06 2 0 3 3 
4 4 0 0 0 0 0 0.785398 2 2 0 0 0 0 3 1 2 2 
4 4 0 0 0 0 0 0.785398 1 1 2.1235e-07 1.35669e-08 2.22023e-07 9.33289e-09 0 0 0 0 
4 4 0 0 0 0 0 0.785398 2 2 0 0 0 0 1 1 1 1 
4 4 0 0 0 0 0 0.785398 1 1 0.000226374 7.33108e-06 0.000743477 6.86844e-06 2 2 2 2 
4 4 0 0 0 0 0 0.785398 2 2 0 0 0 0 3 3 3 3 
4 4 0 0 0 0 0 0.785398 1 1 3.67247e-08 2.45179e-08 2.5402e-08 9.42491e-09 0 0 0 0 
4 4 0 0 0 0 0 0.785398 2 2 0 0 0 0 1 1 1 1 
4 4 0 0 0 0 0 0.785398 1 1 6.0401e-06 2.02491e-06 2.04082e-05 2.01687e-06 2 2 2 1 
4 4 0 0 0 0 0 0.785398 2 2 0 0 0 0 3 3 3 0 
4 4 0 0 0 0 0 0.785398 1 1 5.92494e-08 1.22945e-08 -9.89537e-09 4.83684e-09 0 0 0 0 
4 4 0 0 0 0 0 0.785398 2 2 0 0 0 0 1 1 1 1 
4 4 0 0 0 0 0 0.785398 1 1 -1.85968e-06 1.20618e-06 -2.76874e-06 1.07524e-06 2 0 2 2 
4 4 0 0 0 0 0 0.785398 2 2 0 0 0 0 3 1 3 3 
4 4 0 0 0 0 0 0.785398 1 1 -1.06418e-06 1.91464e-08 -1.80389e-07 6.45977e-09 0 0 0 0 
4 4 0 0 0 0 0 0.785398 2 2 0 0 0 0 1 1 1 1 
4 4 0 0 0 0 0 0.785398 1 1 -9.21883e-06 2.92509e-07 -2.09781e-07 2.51002e-07 2 0 3 0 
4 4 0 0 0 0 0 0.785398 2 2 0 0 0 0 3 1 2 1 
4 4 0 0 0 0 0 0.785398 1 1 2.28358e-07 1.37837e-08 2.11757e-07 9.46667e-09 0 0 0 0 
4 4 0 0 0 0 0 0.785398 2 2 0 0 0 0 1 1 1 1 
4 4 0 0 0 0 0 0.785398 1 1 0.000230417 7.38309e-06 0.00075432 7.08513e-06 2 2 2 2 
4 4 0 0 0 0 0 0.785398 2 2 0 0 0 0 3 3 3 3 
4 4 0 0 0 0 0 0.785398 1 1 4.19515e-08 1.21658e-08 -8.30573e-09 4.76179e-09 0 0 0 0 
4 4 0 0 0 0 0 0.785398 2 2 0 0 0 0 1 1 1 1 
4 4 0 0 0 0 0 0.785398 1 1 -1.15857e-06 1.23398e-06 -3.58861e-06 1.09594e-06 2 0 3 3 
4 4 0 0 0 0 0 0.785398 2 2 0 0 0 0 3 1 2 2 
4 4 0 0 0 0 0 0.785398 1 1 -2.32101e-08 2.37414e-08 -5.12525e-08 9.48946e-09 0 0 0 0 
4 4 0 0 0 0 0 0.785398 2 2 0 0 0 0 1 1 1 1 
4 4 0 0 0 0 0 0.785398 1 1 -7.59723e-06 2.11099e-06 -2.00582e-05 2.07229e-06 2 2 2 1 
4 4 0 0 0 0 0 0.785398 2 2 0 0 0 0 3 3 3 0 
4 4 0 0 0 0 0 0.785398 1 1 -1.75153e-07 1.29534e-08 -1.18152e-07 8.6197e-09 0 0 0 0 
4 4 0 0 0 0 0 0.785398 2 2 0 0 0 0 1 1 1 1 
4 4 0 0 0 0 0 0.785398 1 1 4.09487e-07 2.51206e-08 -1.51999e-09 1.10708e-08 0 0 0 0 
4 4 0 0 0 0 0 0.785398 1 1 -1.42694e-05 1.8413e-06 1.74969e-05 8.73609e-07 0 2 0 3 
4 4 0 0 0 0 0 0.785398 2 2 0 0 0 0 1 1 1 1 
4 4 0 0 0 0 0 0.785398 2 2 0 0 0 0 1 3 1 2 
4 4 0 0 0 0 0 0.785398 1 1 4.24511e-06 2.72364e-07 -5.37694e-06 1.45491e-07 2 0 2 0 
4 4 0 0 0 0 0 0.785398 1 1 -0.00010542 1.8448e-05 9.27567e-05 8.54781e-06 2 2 2 3 
4 4 0 0 0 0 0 0.785398 2 2 0 0 0 0 3 1 3 1 
4 4 0 0 0 0 0 0.785398 2 2 0 0 0 0 3 3 3 2 
4 4 0 0 0 0 0 0.785398 1 1 8.27588e-07 1.20915e-07 5.3233e-07 2.51419e-08 0 0 0 0 
4 4 0 0 0 0 0 0.785398 1 1 7.89233e-06 1.23371e-06 4.06373e-06 2.51938e-07 0 2 0 2 
4 4 0 0 0 0 0 0.785398 2 2 0 0 0 0 1 1 1 1 
4 4 0 0 0 0 0 0.785398 2 2 0 0 0 0 1 3 1 3 
4 4 0 0 0 0 0 0.785398 1 1 -6.33413e-06 2.04277e-06 1.98261e-05 8.93473e-07 2 1 2 1 
4 4 0 0 0 0 0 0.785398 1 1 -3.23161e-05 2.05706e-05 9.81545e-05 8.71411e-06 2 3 2 3 
4 4 0 0 0 0 0 0.785398 2 2 0 0 0 0 3 0 3 0 
4 4 0 0 0 0 0 0.785398 2 2 0 0 0 0 3 2 3 2 
4 4 0 0 0 0 0 0.785398 1 1 8.93326e-07 1.14164e-07 4.81286e-07 2.40704e-08 0 0 0 0 
4 4 0 0 0 0 0 0.785398 1 1 1.12902e-05 1.23288e-06 3.71882e-06 2.50496e-07 0 2 0 2 
4 4 0 0 0 0 0 0.785398 2 2 0 0 0 0 1 1 1 1 
4 4 0 0 0 0 0 0.785398 2 2 0 0 0 0 1 3 1 3 
4 4 0 0 0 0 0 0.785398 1 1 1.51923e-06 2.01702e-06 1.77162e-05 8.91413e-07 2 1 2 1 
4 4 0 0 0 0 0 0.785398 1 1 1.74572e-06 2.04921e-05 9.18939e-05 8.70869e-06 2 3 2 3 
4 4 0 0 0 0 0 0.785398 2 2 0 0 0 0 3 0 3 0 
4 4 0 0 0 0 0 0.785398 2 2 0 0 0 0 3 2 3 2 
4 4 0 0 0 0 0 0.785398 1 1 -1.25641e-07 1.9945e-08 -2.32591e-07 5.68209e-09 0 0 0 0 
4 4 0 0 0 0 0 0.785398 2 2 0 0 0 0 1 1 1 1 
4 4 0 0 0 0 0 0.785398 1 1 -2.19248e-07 2.03966e-07 -2.23715e-06 6.15982e-08 2 0 2 0 
4 4 0 0 0 0 0 0.785398 2 2 0 0 0 0 3 1 3 1 
4 4 0 0 0 0 0 0.785398 1 1 -1.23544e-07 1.65718e-08 -6.08493e-08 7.39133e-09 0 0 0 0 
4 4 0 0 0 0 0 0.785398 2 2 0 0 0 0 1 1 1 1 
4 4 0 0 0 0 0 0.785398 1 1 1.17493e-06 1.34044e-06 -4.54141e-07 6.33745e-07 2 0 3 0 
4 4 0 0 0 0 0 0.785398 2 2 0 0 0 0 3 1 2 1 
4 4 0 0 0 0 0 0.785398 1 1 -6.29982e-07 5.88167e-08 -1.68279e-07 1.10837e-08 0 0 0 0 
4 4 0 0 0 0 0 0.785398 2 2 0 0 0 0 1 1 1 1 
4 4 0 0 0 0 0 0.785398 1 1 -7.91842e-06 5.78725e-07 -1.20862e-06 1.09194e-07 2 0 3 0 
4 4 0 0 0 0 0 0.785398 2 2 0 0 0 0 3 1 2 1 
4 4 0 0 0 0 0 0.785398 1 1 -5.95732e-08 2.02504e-08 -2.42359e-07 5.75226e-09 0 0 0 0 
4 4 0 0 0 0 0 0.785398 2 2 0 0 0 0 1 1 1 1 
4 4 0 0 0 0 0 0.785398 1 1 -7.23401e-08 2.04645e-07 -2.31031e-06 6.26288e-08 2 0 3 0 
4 4 0 0 0 0 0 0.785398 2 2 0 0 0 0 3 1 2 1 
4 4 0 0 0 0 0 0.785398 1 1 3.16559e-08 8.75878e-08 -4.57391e-08 1.85278e-08 0 0 0 0 
4 4 0 0 0 0 0 0.785398 2 2 0 0 0 0 1 1 1 1 
4 4 0 0 0 0 0 0.785398 1 1 1.88648e-06 1.48147e-06 -9.22074e-08 6.56414e-07 2 2 1 1 
4 4 0 0 0 0 0 0.785398 2 2 0 0 0 0 3 3 0 0 
4 4 0 0 0 0 0 0.785398 1 1 5.57836e-08 1.4733e-08 2.58804e-08 4.11211e-09 0 0 0 0 
4 4 0 0 0 0 0 0.785398 2 2 0 0 0 0 1 1 1 1 
4 4 0 0 0 0 0 0.785398 1 1 5.27373e-08 1.45264e-08 2.11114e-08 4.10515e-09 0 0 0 0 
4 4 0 0 0 0 0 0.785398 2 2 0 0 0 0 1 1 1 1 
4 4 0 0 0 0 0 0.785398 1 1 -1.02051e-07 8.99182e-08 -2.95233e-08 1.91516e-08 0 0 0 0 
4 4 0 0 0 0 0 0.785398 2 2 0 0 0 0 1 1 1 1 
4 4 0 0 0 0 0 0.785398 1 1 -1.13716e-06 1.42497e-06 -1.08719e-06 6.20669e-07 2 2 1 1 
4 4 0 0 0 0 0 0.785398 2 2 0 0 0 0 3 3 0 0 
4 4 0 0 0 0 0 0.785398 1 1 9.60011e-08 4.13677e-08 7.64257e-09 7.92945e-09 0 0 0 0 
4 4 0 0 0 0 0 0.785398 2 2 0 0 0 0 1 1 1 1 
4 4 0 0 0 0 0 0.785398 1 1 4.67215e-06 7.73439e-08 0 0 0 0 0 0 
4 4 0 0 0 0 0 0.785398 1 1 -6.09092e-06 4.55811e-07 0 0 0 2 0 2 
4 4 0 0 0 0 0 0.785398 2 2 0 0 0 0 1 1 1 1 
4 4 0 0 0 0 0 0.785398 2 2 0 0 0 0 1 3 1 3 
4 4 0 0 0 0 0 0.785398 1 1 -5.73699e-06 4.49128e-07 0 0 2 0 0 3 
4 4 0 0 0 0 0 0.785398 1 1 -6.70043e-06 6.85774e-07 0 0 2 2 0 1 
4 4 0 0 0 0 0 0.785398 2 2 0 0 0 0 3 1 1 2 
4 4 0 0 0 0 0 0.785398 2 2 0 0 0 0 3 3 1 0 
4 4 0 0 0 0 0 0.785398 1 1 5.21747e-07 5.30575e-07 0 0 0 0 0 0 
4 4 0 0 0 0 0 0.785398 1 1 4.35504e-06 3.57966e-06 0 0 0 0 2 2 
4 4 0 0 0 0 0 0.785398 1 1 5.58898e-07 3.53532e-06 0 0 0 2 0 3 
4 4 0 0 0 0 0 0.785398 1 1 -2.35889e-08 3.40807e-06 0 0 0 2 2 1 
4 4 0 0 0 0 0 0.785398 2 2 0 0 0 0 1 1 1 1 
4 4 0 0 0 0 0 0.785398 2 2 0 0 0 0 1 1 3 3 
4 4 0 0 0 0 0 0.785398 2 2 0 0 0 0 1 3 1 2 
4 4 0 0 0 0 0 0.785398 2 2 0 0 0 0 1 3 3 0 
4 4 0 0 0 0 0 0.785398 1 1 5.33245e-07 1.57387e-06 0 0 2 1 1 1 
4 4 0 0 0 0 0 0.785398 1 1 -1.71238e-05 1.06828e-05 0 0 2 1 3 3 
4 4 0 0 0 0 0 0.785398 1 1 -1.04544e-05 1.04171e-05 0 0 2 3 1 2 
4 4 0 0 0 0 0 0.785398 1 1 -5.8281e-06 1.08562e-05 0 0 2 3 3 0 
4 4 0 0 0 0 0 0.785398 2 2 0 0 0 0 3 0 0 0 
4 4 0 0 0 0 0 0.785398 2 2 0 0 0 0 3 0 2 2 
4 4 0 0 0 0 0 0.785398 2 2 0 0 0 0 3 2 0 3 
4 4 0 0 0 0 0 0.785398 2 2 0 0 0 0 3 2 2 1 
4 4 0 0 0 0 0 0.785398 1 1 6.95083e-07 3.6992e-07 0 0 0 0 0 0 
4 4 0 0 0 0 0 0.785398 1 1 -3.24157e-07 3.05498e-06 0 0 0 2 0 3 
4 4 0 0 0 0 0 0.785398 2 2 0 0 0 0 1 1 1 1 
4 4 0 0 0 0 0 0.785398 2 2 0 0 0 0 1 3 1 2 
4 4 0 0 0 0 0 0.785398 1 1 2.37668e-06 1.07412e-06 0 0 2 1 1 1 
4 4 0 0 0 0 0 0.785398 1 1 1.51481e-06 9.21392e-06 0 0 2 3 1 2 
4 4 0 0 0 0 0 0.785398 2 2 0 0 0 0 3 0 0 0 
4 4 0 0 0 0 0 0.785398 2 2 0 0 0 0 3 2 0 3 
4 4 0 0 0 0 0 0.785398 1 1 1.51932e-07 2.83164e-07 0 0 0 0 0 0 
4 4 0 0 0 0 0 0.785398 1 1 1.94824e-05 1.06436e-05 0 0 0 2 2 2 
4 4 0 0 0 0 0 0.785398 2 2 0 0 0 0 1 1 1 1 
4 4 0 0 0 0 0 0.785398 2 2 0 0 0 0 1 3 3 3 
4 4 0 0 0 0 0 0.785398 1 1 2.07867e-06 8.98499e-07 0 0 2 1 1 1 
4 4 0 0 0 0 0 0.785398 1 1 6.31017e-05 3.11318e-05 0 0 2 3 3 3 
4 4 0 0 0 0 0 0.785398 2 2 0 0 0 0 3 0 0 0 
4 4 0 0 0 0 0 0.785398 2 2 0 0 0 0 3 2 2 2 
4 4 0 0 0 0 0 0.785398 1 1 -4.23254e-07 5.08462e-08 0 0 0 0 0 0 
4 4 0 0 0 0 0 0.785398 2 2 0 0 0 0 1 1 1 1 
4 4 0 0 0 0 0 0.785398 1 1 -4.22743e-06 4.24086e-07 0 0 2 0 0 3 
4 4 0 0 0 0 0 0.785398 2 2 0 0 0 0 3 1 1 2 
4 4 0 0 0 0 0 0.785398 1 1 8.60907e-08 5.24321e-08 0 0 0 0 0 0 
4 4 0 0 0 0 0 0.785398 2 2 0 0 0 0 1 1 1 1 
4 4 0 0 0 0 0 0.785398 1 1 4.56108e-07 4.49794e-07 0 0 2 0 1 2 
4 4 0 0 0 0 0 0.785398 2 2 0 0 0 0 3 1 0 3 
4 4 0 0 0 0 0 0.785398 1 1 -1.35856e-07 4.0101e-08 0 0 0 0 0 0 
4 4 0 0 0 0 0 0.785398 2 2 0 0 0 0 1 1 1 1 
4 4 0 0 0 0 0 0.785398 1 1 2.15959e-08 3.5869e-08 0 0 0 0 0 0 
4 4 0 0 0 0 0 0.785398 2 2 0 0 0 0 1 1 1 1 
4 4 0 0 0 0 0 0.785398 1 1 -7.47743e-08 3.82999e-08 0 0 0 0 0 0 
4 4 0 0 0 0 0 0.785398 2 2 0 0 0 0 1 1 1 1 
4 4 0 0 0 0 0 0.785398 1 1 -4.22121e-07 5.0293e-08 0 0 0 0 0 0 
4 4 0 0 0 0 0 0.785398 2 2 0 0 0 0 1 1 1 1 
4 4 0 0 0 0 0 0.785398 1 1 -4.95775e-06 4.33827e-07 0 0 2 0 3 0 
4 4 0 0 0 0 0 0.785398 2 2 0 0 0 0 3 1 2 1 
4 4 0 0 0 0 0 0.785398 1 1 -3.90328e-07 2.60159e-07 0 0 0 0 0 0 
4 4 0 0 0 0 0 0.785398 2 2 0 0 0 0 1 1 1 1 
4 4 0 0 0 0 0 0.785398 1 1 -1.88307e-07 7.75907e-07 0 0 2 1 1 1 
4 4 0 0 0 0 0 0.785398 2 2 0 0 0 0 3 0 0 0 
4 4 0 0 0 0 0 0.785398 1 1 1.22468e-07 3.42812e-07 0 0 0 0 0 0 
4 4 0 0 0 0 0 0.785398 1 1 -3.46462e-06 3.17649e-06 0 0 0 2 0 3 
4 4 0 0 0 0 0 0.785398 2 2 0 0 0 0 1 1 1 1 
4 4 0 0 0 0 0 0.785398 2 2 0 0 0 0 1 3 1 2 
4 4 0 0 0 0 0 0.785398 1 1 -1.59261e-06 1.08181e-06 0 0 2 1 1 1 
4 4 0 0 0 0 0 0.785398 1 1 -1.24962e-06 9.37024e-06 0 0 2 3 1 2 
4 4 0 0 0 0 0 0.785398 2 2 0 0 0 0 3 0 0 0 
4 4 0 0 0 0 0 0.785398 2 2 0 0 0 0 3 2 0 3 
4 4 0 0 0 0 0 0.785398 1 1 -3.15583e-08 2.95075e-07 0 0 0 0 0 0 
4 4 0 0 0 0 0 0.785398 1 1 -6.61921e-06 1.04119e-05 0 0 0 2 2 2 
4 4 0 0 0 0 0 0.785398 2 2 0 0 0 0 1 1 1 1 
4 4 0 0 0 0 0 0.785398 2 2 0 0 0 0 1 3 3 3 
4 4 0 0 0 0 0 0.785398 1 1 -3.53961e-07 8.99686e-07 0 0 2 1 1 1 
4 4 0 0 0 0 0 0.785398 1 1 2.01366e-05 3.2095e-05 0 0 2 3 3 3 
4 4 0 0 0 0 0 0.785398 2 2 0 0 0 0 3 0 0 0 
4 4 0 0 0 0 0 0.785398 2 2 0 0 0 0 3 2 2 2 
4 4 0 0 0 0 0 0.785398 1 1 1.51256e-07 2.82977e-07 0 0 0 0 0 0 
4 4 0 0 0 0 0 0.785398 2 2 0 0 0 0 1 1 1 1 
4 4 0 0 0 0 0 0.785398 1 1 -5.01058e-07 8.11274e-07 0 0 2 1 1 1 
4 4 0 0 0 0 0 0.785398 2 2 0 0 0 0 3 0 0 0 
4 4 0 0 0 0 0 0.785398 1 1 6.91533e-09 3.61189e-08 0 0 0 0 0 0 
4 4 0 0 0 0 0 0.785398 2 2 0 0 0 0 1 1 1 1 
4 4 0 0 0 0 0 0.785398 1 1 8.13394e-08 3.65898e-07 0 0 0 0 0 0 
4 4 0 0 0 0 0 0.785398 1 1 -1.50778e-06 3.11041e-06 0 0 0 2 2 1 
4 4 0 0 0 0 0 0.785398 2 2 0 0 0 0 1 1 1 1 
4 4 0 0 0 0 0 0.785398 2 2 0 0 0 0 1 3 3 0 
4 4 0 0 0 0 0 0.785398 1 1 -8.88271e-08 1.10584e-06 0 0 2 1 1 1 
4 4 0 0 0 0 0 0.785398 1 1 3.14387e-06 9.58276e-06 0 0 2 3 3 0 
4 4 0 0 0 0 0 0.785398 2 2 0 0 0 0 3 0 0 0 
4 4 0 0 0 0 0 0.785398 2 2 0 0 0 0 3 2 2 1 
4 4 0 0 0 0 0 0.785398 1 1 -2.62869e-06 4.10826e-08 0 0 0 0 0 0 
4 4 0 0 0 0 0 0.785398 2 2 0 0 0 0 1 1 1 1 
4 4 0 0 0 0 0 0.785398 1 1 -0.000215274 1.47301e-06 0 0 2 0 3 2 
4 4 0 0 0 0 0 0.785398 2 2 0 0 0 0 3 1 2 3 
4 4 0 0 0 0 0 0.785398 1 1 2.52165e-06 3.87862e-08 0 0 0 0 0 0 
4 4 0 0 0 0 0 0.785398 2 2 0 0 0 0 1 1 1 1 
4 4 0 0 0 0 0 0.785398 1 1 0.000219581 1.47714e-06 0 0 2 0 3 2 
4 4 0 0 0 0 0 0.785398 2 2 0 0 0 0 3 1 2 3 
4 4 0 0 0 0 0 0.785398 1 1 -1.54723e-07 2.78613e-07 0 0 0 0 0 0 
4 4 0 0 0 0 0 0.785398 2 2 0 0 0 0 1 1 1 1 
4 4 0 0 0 0 0 0.785398 1 1 6.11996e-07 8.08518e-07 0 0 2 1 1 1 
4 4 0 0 0 0 0 0.785398 2 2 0 0 0 0 3 0 0 0 
4 4 0 0 0 0 0 0.785398 1 1 2.46851e-07 2.83997e-07 0 0 0 0 0 0 
4 4 0 0 0 0 0 0.785398 2 2 0 0 0 0 1 1 1 1 
4 4 0 0 0 0 0 0.785398 1 1 1.00823e-06 8.5715e-07 0 0 2 1 1 1 
4 4 0 0 0 0 0 0.785398 2 2 0 0 0 0 3 0 0 0 
4 4 0 0 0 0 0 0.785398 1 1 9.29655e-08 9.09401e-08 1.98274e-08 4.06598e-08 0 0 0 0 
4 4 0 0 0 0 0 0.785398 1 1 -9.70773e-06 5.11203e-06 -2.36246e-06 2.27217e-06 0 2 2 0 
4 4 0 0 0 0 0 0.785398 2 2 0 0 0 0 1 1 1 1 
4 4 0 0 0 0 0 0.785398 2 2 0 0 0 0 1 3 3 1 
4 4 0 0 0 0 0 0.785398 1 1 -9.12836e-08 2.67909e-07 -1.16234e-08 1.22452e-07 2 0 0 1 
4 4 0 0 0 0 0 0.785398 1 1 -1.63994e-05 1.53147e-05 -7.53737e-07 6.81903e-06 2 2 2 1 
4 4 0 0 0 0 0 0.785398 2 2 0 0 0 0 3 1 1 0 
4 4 0 0 0 0 0 0.785398 2 2 0 0 0 0 3 3 3 0 
4 4 0 0 0 0 0 0.785398 1 1 1.94991e-07 3.47297e-07 8.27931e-08 6.65361e-08 0 0 0 0 
4 4 0 0 0 0 0 0.785398 1 1 1.30636e-06 1.05148e-06 9.518e-08 2.0234e-07 0 2 0 1 
4 4 0 0 0 0 0 0.785398 2 2 0 0 0 0 1 1 1 1 
4 4 0 0 0 0 0 0.785398 2 2 0 0 0 0 1 3 1 0 
4 4 0 0 0 0 0 0.785398 1 1 -1.28734e-06 5.66816e-06 -2.03305e-06 2.20631e-06 2 1 2 1 
4 4 0 0 0 0 0 0.785398 1 1 -4.8943e-06 1.69127e-05 -1.44898e-06 6.53426e-06 2 3 2 0 
4 4 0 0 0 0 0 0.785398 2 2 0 0 0 0 3 0 3 0 
4 4 0 0 0 0 0 0.785398 2 2 0 0 0 0 3 2 3 1 
4 4 0 0 0 0 0 0.785398 1 1 8.59888e-08 3.41378e-07 2.06547e-08 6.60655e-08 0 0 0 0 
4 4 0 0 0 0 0 0.785398 1 1 -4.25692e-07 1.03521e-06 2.03466e-09 1.97492e-07 0 2 0 1 
4 4 0 0 0 0 0 0.785398 2 2 0 0 0 0 1 1 1 1 
4 4 0 0 0 0 0 0.785398 2 2 0 0 0 0 1 3 1 0 
4 4 0 0 0 0 0 0.785398 1 1 -1.03009e-05 5.7576e-06 -1.19439e-06 2.28722e-06 2 1 2 1 
4 4 0 0 0 0 0 0.785398 1 1 4.56019e-06 1.70657e-05 -7.03408e-07 6.72269e-06 2 3 2 0 
4 4 0 0 0 0 0 0.785398 2 2 0 0 0 0 3 0 3 0 
4 4 0 0 0 0 0 0.785398 2 2 0 0 0 0 3 2 3 1 
4 4 0 0 0 0 0 0.785398 1 1 -1.50433e-08 2.98625e-08 -1.08328e-10 1.59561e-08 0 0 0 0 
4 4 0 0 0 0 0 0.785398 2 2 0 0 0 0 1 1 1 1 
4 4 0 0 0 0 0 0.785398 1 1 5.41916e-06 3.2354e-06 -3.6942e-07 1.2493e-06 2 0 3 0 
4 4 0 0 0 0 0 0.785398 2 2 0 0 0 0 3 1 2 1 
4 4 0 0 0 0 0 0.785398 1 1 -5.01082e-09 5.12949e-08 2.70303e-08 1.75675e-08 0 0 0 0 
4 4 0 0 0 0 0 0.785398 2 2 0 0 0 0 1 1 1 1 
4 4 0 0 0 0 0 0.785398 1 1 1.37972e-07 1.52955e-07 4.31059e-08 5.24956e-08 2 0 1 0 
4 4 0 0 0 0 0 0.785398 2 2 0 0 0 0 3 1 0 1 
4 4 0 0 0 0 0 0.785398 1 1 3.99235e-07 2.18919e-07 -9.69632e-08 4.12134e-08 0 0 0 0 
4 4 0 0 0 0 0 0.785398 2 2 0 0 0 0 1 1 1 1 
4 4 0 0 0 0 0 0.785398 1 1 3.35104e-06 3.70188e-06 8.29773e-08 1.30538e-06 2 2 1 1 
4 4 0 0 0 0 0 0.785398 2 2 0 0 0 0 3 3 0 0 
4 4 0 0 0 0 0 0.785398 1 1 6.29686e-08 2.18274e-07 5.55492e-08 4.13842e-08 0 0 0 0 
4 4 0 0 0 0 0 0.785398 2 2 0 0 0 0 1 1 1 1 
4 4 0 0 0 0 0 0.785398 1 1 4.45049e-06 3.56327e-06 7.07371e-07 1.28293e-06 2 2 1 1 
4 4 0 0 0 0 0 0.785398 2 2 0 0 0 0 3 3 0 0 
4 4 0 0 0 0 0 0.785398 1 1 -1.72253e-07 1.02835e-07 1.22745e-08 1.82028e-08 0 0 0 0 
4 4 0 0 0 0 0 0.785398 2 2 0 0 0 0 1 1 1 1 
4 4 0 0 0 0 0 0.785398 1 1 9.62271e-09 5.20066e-08 -1.03841e-08 1.79054e-08 0 0 0 0 
4 4 0 0 0 0 0 0.785398 2 2 0 0 0 0 1 1 1 1 
4 4 0 0 0 0 0 0.785398 1 1 6.44099e-08 1.54363e-07 -1.48854e-08 5.34039e-08 2 0 0 1 
4 4 0 0 0 0 0 0.785398 2 2 0 0 0 0 3 1 1 0 
4 4 0 0 0 0 0 0.785398 1 1 8.9446e-08 1.53369e-07 -2.94351e-08 2.77937e-08 0 0 0 0 
4 4 0 0 0 0 0 0.785398 2 2 0 0 0 0 1 1 1 1 
4 4 0 0 0 0 0 0.785398 1 1 -7.63311e-08 5.09564e-07 -5.28768e-08 9.06359e-08 2 0 1 0 
4 4 0 0 0 0 0 0.785398 2 2 0 0 0 0 3 1 0 1 
4 4 0 0 0 0 0 0.785398 1 1 -5.45509e-09 2.45725e-08 -8.66506e-09 8.70509e-09 0 0 0 0 
4 4 0 0 0 0 0 0.785398 2 2 0 0 0 0 1 1 1 1 
4 4 0 0 0 0 0 0.785398 1 1 5.44987e-09 2.46205e-08 1.68438e-09 8.66525e-09 0 0 0 0 
4 4 0 0 0 0 0 0.785398 2 2 0 0 0 0 1 1 1 1 
4 4 0 0 0 0 0 0.785398 1 1 1.53813e-07 2.48402e-08 3.7537e-07 8.78089e-09 0 0 0 0 
4 4 0 0 0 0 0 0.785398 1 1 -3.45563e-06 2.25877e-06 1.11404e-05 1.44259e-06 0 2 2 2 
4 4 0 0 0 0 0 0.785398 2 2 0 0 0 0 1 1 1 1 
4 4 0 0 0 0 0 0.785398 2 2 0 0 0 0 1 3 3 3 
4 4 0 0 0 0 0 0.785398 1 1 -4.28513e-07 2.0423e-07 1.33121e-06 9.52347e-08 2 0 0 3 
4 4 0 0 0 0 0 0.785398 1 1 3.23477e-06 2.24376e-06 1.24341e-05 1.44468e-06 2 2 2 1 
4 4 0 0 0 0 0 0.785398 2 2 0 0 0 0 3 1 1 2 
4 4 0 0 0 0 0 0.785398 2 2 0 0 0 0 3 3 3 0 
4 4 0 0 0 0 0 0.785398 1 1 -3.96629e-06 7.62708e-08 -1.63657e-07 1.37734e-08 0 0 0 0 
4 4 0 0 0 0 0 0.785398 1 1 -0.000187821 2.05663e-06 3.70415e-06 5.28783e-07 0 2 2 2 
4 4 0 0 0 0 0 0.785398 2 2 0 0 0 0 1 1 1 1 
4 4 0 0 0 0 0 0.785398 2 2 0 0 0 0 1 3 3 3 
4 4 0 0 0 0 0 0.785398 1 1 -0.000189853 2.09786e-06 2.42827e-06 5.29671e-07 2 0 3 3 
4 4 0 0 0 0 0 0.785398 1 1 -3.57443e-05 7.71656e-07 3.65018e-06 2.81716e-07 2 2 1 1 
4 4 0 0 0 0 0 0.785398 2 2 0 0 0 0 3 1 2 2 
4 4 0 0 0 0 0 0.785398 2 2 0 0 0 0 3 3 0 0 
4 4 0 0 0 0 0 0.785398 1 1 7.39844e-08 1.23195e-08 5.52101e-08 4.59916e-09 0 0 0 0 
4 4 0 0 0 0 0 0.785398 2 2 0 0 0 0 1 1 1 1 
4 4 0 0 0 0 0 0.785398 1 1 -7.06589e-07 2.05766e-06 1.66799e-05 1.24488e-06 2 0 3 2 
4 4 0 0 0 0 0 0.785398 2 2 0 0 0 0 3 1 2 3 
4 4 0 0 0 0 0 0.785398 1 1 -1.80811e-07 1.73302e-08 4.35554e-09 4.03965e-09 0 0 0 0 
4 4 0 0 0 0 0 0.785398 2 2 0 0 0 0 1 1 1 1 
4 4 0 0 0 0 0 0.785398 1 1 -1.47811e-05 1.03846e-06 2.42274e-06 6.69985e-07 2 0 3 3 
4 4 0 0 0 0 0 0.785398 2 2 0 0 0 0 3 1 2 2 
4 4 0 0 0 0 0 0.785398 1 1 -2.91453e-08 2.27101e-08 4.5496e-08 5.57008e-09 0 0 0 0 
4 4 0 0 0 0 0 0.785398 2 2 0 0 0 0 1 1 1 1 
4 4 0 0 0 0 0 0.785398 1 1 -1.64998e-06 1.94235e-07 3.01433e-07 6.25145e-08 2 0 3 0 
4 4 0 0 0 0 0 0.785398 2 2 0 0 0 0 3 1 2 1 
4 4 0 0 0 0 0 0.785398 1 1 -4.74562e-08 1.48668e-08 -1.31527e-08 3.97429e-09 0 0 0 0 
4 4 0 0 0 0 0 0.785398 2 2 0 0 0 0 1 1 1 1 
4 4 0 0 0 0 0 0.785398 1 1 7.96285e-07 9.56506e-08 1.11896e-06 1.80411e-08 0 0 0 0 
4 4 0 0 0 0 0 0.785398 1 1 1.41041e-05 7.21885e-07 1.01105e-05 1.42056e-07 0 2 0 3 
4 4 0 0 0 0 0 0.785398 2 2 0 0 0 0 1 1 1 1 
4 4 0 0 0 0 0 0.785398 2 2 0 0 0 0 1 3 1 2 
4 4 0 0 0 0 0 0.785398 1 1 -3.35032e-05 1.15265e-06 3.05741e-05 6.15611e-07 2 1 2 1 
4 4 0 0 0 0 0 0.785398 1 1 -0.0002067 9.34515e-06 0.000278519 5.34588e-06 2 3 2 2 
4 4 0 0 0 0 0 0.785398 2 2 0 0 0 0 3 0 3 0 
4 4 0 0 0 0 0 0.785398 2 2 0 0 0 0 3 2 3 3 
4 4 0 0 0 0 0 0.785398 1 1 -1.0137e-09 2.32621e-08 5.54116e-08 5.72042e-09 0 0 0 0 
4 4 0 0 0 0 0 0.785398 2 2 0 0 0 0 1 1 1 1 
4 4 0 0 0 0 0 0.785398 1 1 -1.22287e-06 1.95684e-07 3.73333e-07 6.21705e-08 2 0 0 3 
4 4 0 0 0 0 0 0.785398 2 2 0 0 0 0 3 1 1 2 
4 4 0 0 0 0 0 0.785398 1 1 9.22469e-09 1.78414e-08 2.35915e-08 6.83644e-09 0 0 0 0 
4 4 0 0 0 0 0 0.785398 2 2 0 0 0 0 1 1 1 1 
4 4 0 0 0 0 0 0.785398 1 1 -1.211e-05 2.03042e-06 1.62061e-05 1.26632e-06 2 2 2 1 
4 4 0 0 0 0 0 0.785398 2 2 0 0 0 0 3 3 3 0 
4 4 0 0 0 0 0 0.785398 1 1 7.90075e-08 7.71078e-08 -5.00337e-08 1.42092e-08 0 0 0 0 
4 4 0 0 0 0 0 0.785398 2 2 0 0 0 0 1 1 1 1 
4 4 0 0 0 0 0 0.785398 1 1 5.64313e-07 8.37114e-07 -5.53449e-07 4.00139e-07 2 2 1 1 
4 4 0 0 0 0 0 0.785398 2 2 0 0 0 0 3 3 0 0 
4 4 0 0 0 0 0 0.785398 1 1 -1.6018e-08 1.50007e-08 9.53859e-09 3.77044e-09 0 0 0 0 
4 4 0 0 0 0 0 0.785398 2 2 0 0 0 0 1 1 1 1 
4 4 0 0 0 0 0 0.785398 1 1 5.45345e-07 1.02812e-08 4.84937e-08 3.67072e-09 0 0 0 0 
4 4 0 0 0 0 0 0.785398 2 2 0 0 0 0 1 1 1 1 
4 4 0 0 0 0 0 0.785398 1 1 -4.26032e-07 1.44562e-08 2.02807e-07 6.53787e-09 0 0 0 0 
4 4 0 0 0 0 0 0.785398 2 2 0 0 0 0 1 1 1 1 
4 4 0 0 0 0 0 0.785398 1 1 -2.82238e-06 1.74499e-07 6.55917e-06 1.02996e-07 2 0 0 3 
4 4 0 0 0 0 0 0.785398 2 2 0 0 0 0 3 1 1 2 
4 4 0 0 0 0 0 0.785398 1 1 -1.6561e-07 1.68307e-08 3.75424e-09 3.87021e-09 0 0 0 0 
4 4 0 0 0 0 0 0.785398 2 2 0 0 0 0 1 1 1 1 
4 4 0 0 0 0 0 0.785398 1 1 -1.7181e-05 1.04735e-06 2.23041e-06 6.67384e-07 2 0 3 2 
4 4 0 0 0 0 0 0.785398 2 2 0 0 0 0 3 1 2 3 
4 4 0 0 0 0 0 0.785398 1 1 -3.17423e-08 1.46623e-08 -1.47849e-09 3.79701e-09 0 0 0 0 
4 4 0 0 0 0 0 0.785398 2 2 0 0 0 0 1 1 1 1 
4 4 0 0 0 0 0 0.785398 1 1 -2.98549e-08 1.65099e-08 1.01216e-08 4.30435e-09 0 0 0 0 
4 4 0 0 0 0 0 0.785398 2 2 0 0 0 0 1 1 1 1 
4 4 0 0 0 0 0 0.785398 1 1 -9.22112e-08 7.63776e-08 -5.82803e-09 1.40953e-08 0 0 0 0 
4 4 0 0 0 0 0 0.785398 2 2 0 0 0 0 1 1 1 1 
4 4 0 0 0 0 0 0.785398 1 1 2.61657e-06 8.39327e-07 -1.221e-06 4.077e-07 2 2 1 1 
4 4 0 0 0 0 0 0.785398 2 2 0 0 0 0 3 3 0 0 
4 4 0 0 0 0 0 0.785398 1 1 -1.07402e-07 2.43832e-08 -3.56177e-07 8.70977e-09 0 0 0 0 
4 4 0 0 0 0 0 0.785398 1 1 3.25514e-06 2.21024e-06 -1.30481e-05 1.44791e-06 0 2 2 2 
4 4 0 0 0 0 0 0.785398 2 2 0 0 0 0 1 1 1 1 
4 4 0 0 0 0 0 0.785398 2 2 0 0 0 0 1 3 3 3 
4 4 0 0 0 0 0 0.785398 1 1 1.51325e-07 2.04802e-07 -1.28123e-06 9.76255e-08 2 0 0 3 
4 4 0 0 0 0 0 0.785398 1 1 -7.4744e-07 2.30493e-06 -1.29238e-05 1.44751e-06 2 2 2 1 
4 4 0 0 0 0 0 0.785398 2 2 0 0 0 0 3 1 1 2 
4 4 0 0 0 0 0 0.785398 2 2 0 0 0 0 3 3 3 0 
4 4 0 0 0 0 0 0.785398 1 1 -8.31422e-08 1.21793e-08 -4.77585e-08 4.63089e-09 0 0 0 0 
4 4 0 0 0 0 0 0.785398 2 2 0 0 0 0 1 1 1 1 
4 4 0 0 0 0 0 0.785398 1 1 -2.99178e-06 2.08698e-06 -1.89473e-05 1.25956e-06 2 0 3 2 
4 4 0 0 0 0 0 0.785398 2 2 0 0 0 0 3 1 2 3 
4 4 0 0 0 0 0 0.785398 1 1 8.96864e-08 1.04853e-08 9.98385e-08 5.55927e-09 0 0 0 0 
4 4 0 0 0 0 0 0.785398 2 2 0 0 0 0 1 1 1 1 
4 4 0 0 0 0 0 0.785398 1 1 0.000157729 7.58532e-06 0.000379455 4.89837e-06 2 2 2 2 
4 4 0 0 0 0 0 0.785398 2 2 0 0 0 0 3 3 3 3 
4 4 0 0 0 0 0 0.785398 1 1 -2.4073e-08 1.80623e-08 -2.69001e-08 6.65395e-09 0 0 0 0 
4 4 0 0 0 0 0 0.785398 2 2 0 0 0 0 1 1 1 1 
4 4 0 0 0 0 0 0.785398 1 1 4.52995e-06 2.0914e-06 -1.74907e-05 1.29607e-06 2 2 2 1 
4 4 0 0 0 0 0 0.785398 2 2 0 0 0 0 3 3 3 0 
4 4 0 0 0 0 0 0.785398 1 1 9.23462e-08 6.5463e-08 -4.37926e-09 1.22734e-08 0 0 0 0 
4 4 0 0 0 0 0 0.785398 2 2 0 0 0 0 1 1 1 1 
4 4 0 0 0 0 0 0.785398 1 1 3.39683e-06 7.87788e-07 6.78366e-08 3.91234e-07 2 2 1 1 
4 4 0 0 0 0 0 0.785398 2 2 0 0 0 0 3 3 0 0 
4 4 0 0 0 0 0 0.785398 1 1 5.26501e-08 9.80019e-09 -2.5397e-08 4.82272e-09 0 0 0 0 
4 4 0 0 0 0 0 0.785398 2 2 0 0 0 0 1 1 1 1 
4 4 0 0 0 0 0 0.785398 1 1 -1.36854e-07 8.98891e-09 -2.5042e-08 4.02833e-09 0 0 0 0 
4 4 0 0 0 0 0 0.785398 2 2 0 0 0 0 1 1 1 1 
4 4 0 0 0 0 0 0.785398 1 1 3.91096e-06 7.50661e-08 1.76146e-07 1.35018e-08 0 0 0 0 
4 4 0 0 0 0 0 0.785398 1 1 0.000187731 2.05418e-06 -2.9021e-06 5.25883e-07 0 2 2 2 
4 4 0 0 0 0 0 0.785398 2 2 0 0 0 0 1 1 1 1 
4 4 0 0 0 0 0 0.785398 2 2 0 0 0 0 1 3 3 3 
4 4 0 0 0 0 0 0.785398 1 1 0.000188297 2.02901e-06 -4.09342e-06 5.34657e-07 2 0 3 3 
4 4 0 0 0 0 0 0.785398 1 1 3.4079e-05 7.55626e-07 -4.06781e-06 2.82327e-07 2 2 1 1 
4 4 0 0 0 0 0 0.785398 2 2 0 0 0 0 3 1 2 2 
4 4 0 0 0 0 0 0.785398 2 2 0 0 0 0 3 3 0 0 
4 4 0 0 0 0 0 0.785398 1 1 1.83985e-07 1.69793e-08 -4.76638e-09 3.97351e-09 0 0 0 0 
4 4 0 0 0 0 0 0.785398 2 2 0 0 0 0 1 1 1 1 
4 4 0 0 0 0 0 0.785398 1 1 1.65537e-05 1.04851e-06 -1.88696e-06 6.9032e-07 2 0 3 3 
4 4 0 0 0 0 0 0.785398 2 2 0 0 0 0 3 1 2 2 
4 4 0 0 0 0 0 0.785398 1 1 7.27313e-08 1.051e-08 8.99398e-08 5.7533e-09 0 0 0 0 
4 4 0 0 0 0 0 0.785398 2 2 0 0 0 0 1 1 1 1 
4 4 0 0 0 0 0 0.785398 1 1 0.000158809 7.77963e-06 0.000386389 5.01787e-06 2 2 2 2 
4 4 0 0 0 0 0 0.785398 2 2 0 0 0 0 3 3 3 3 
4 4 0 0 0 0 0 0.785398 1 1 3.69302e-08 9.61813e-09 -2.73659e-08 4.77969e-09 0 0 0 0 
4 4 0 0 0 0 0 0.785398 2 2 0 0 0 0 1 1 1 1 
4 4 0 0 0 0 0 0.785398 1 1 1.98043e-07 1.75329e-08 -2.52717e-09 4.06682e-09 0 0 0 0 
4 4 0 0 0 0 0 0.785398 2 2 0 0 0 0 1 1 1 1 
4 4 0 0 0 0 0 0.785398 1 1 1.73765e-05 1.0422e-06 -1.32438e-06 6.71849e-07 2 0 3 2 
4 4 0 0 0 0 0 0.785398 2 2 0 0 0 0 3 1 2 3 
4 4 0 0 0 0 0 0.785398 1 1 -9.72713e-08 1.08997e-08 -7.10633e-08 4.54966e-09 0 0 0 0 
4 4 0 0 0 0 0 0.785398 2 2 0 0 0 0 1 1 1 1 
4 4 0 0 0 0 0 0.785398 1 1 6.56959e-09 1.66274e-08 1.47252e-08 4.27351e-09 0 0 0 0 
4 4 0 0 0 0 0 0.785398 2 2 0 0 0 0 1 1 1 1 
4 4 0 0 0 0 0 0.785398 1 1 -2.93176e-08 1.49757e-08 -1.12867e-08 4.05919e-09 0 0 0 0 
4 4 0 0 0 0 0 0.785398 2 2 0 0 0 0 1 1 1 1 
4 4 0 0 0 0 0 0.785398 1 1 1.57414e-06 1.34877e-07 1.10046e-07 2.914e-08 0 0 0 0 
4 4 0 0 0 0 0 0.785398 1 1 1.42036e-05 1.13178e-06 -1.13921e-06 3.47661e-07 0 2 0 3 
4 4 0 0 0 0 0 0.785398 2 2 0 0 0 0 1 1 1 1 
4 4 0 0 0 0 0 0.785398 2 2 0 0 0 0 1 3 1 2 
4 4 0 0 0 0 0 0.785398 1 1 1.31387e-05 1.12101e-06 -8.07247e-07 3.50612e-07 2 0 1 2 
4 4 0 0 0 0 0 0.785398 1 1 1.3622e-05 1.11855e-06 -1.28553e-06 3.52801e-07 2 2 1 1 
4 4 0 0 0 0 0 0.785398 2 2 0 0 0 0 3 1 0 3 
4 4 0 0 0 0 0 0.785398 2 2 0 0 0 0 3 3 0 0 
4 4 0 0 0 0 0 0.785398 1 1 1.56019e-06 1.29601e-07 9.79587e-08 2.81492e-08 0 0 0 0 
4 4 0 0 0 0 0 0.785398 1 1 1.32984e-05 1.08353e-06 -1.71314e-06 3.47669e-07 0 2 2 1 
4 4 0 0 0 0 0 0.785398 2 2 0 0 0 0 1 1 1 1 
4 4 0 0 0 0 0 0.785398 2 2 0 0 0 0 1 3 3 0 
4 4 0 0 0 0 0 0.785398 1 1 1.45134e-05 1.13338e-06 -1.49538e-06 3.5091e-07 2 0 3 0 
4 4 0 0 0 0 0 0.785398 1 1 9.92212e-06 1.12088e-06 -4.53488e-07 3.49858e-07 2 2 1 1 
4 4 0 0 0 0 0 0.785398 2 2 0 0 0 0 3 1 2 1 
4 4 0 0 0 0 0 0.785398 2 2 0 0 0 0 3 3 0 0 
4 4 0 0 0 0 0 0.785398 1 1 -2.47201e-07 2.28109e-08 -5.06483e-08 6.05247e-09 0 0 0 0 
4 4 0 0 0 0 0 0.785398 2 2 0 0 0 0 1 1 1 1 
4 4 0 0 0 0 0 0.785398 1 1 -8.26549e-06 3.42258e-07 3.04856e-07 3.11198e-07 2 0 2 0 
4 4 0 0 0 0 0 0.785398 2 2 0 0 0 0 3 1 3 1 
4 4 0 0 0 0 0 0.785398 1 1 -1.83822e-07 3.89881e-08 -2.89969e-08 9.55581e-09 0 0 0 0 
4 4 0 0 0 0 0 0.785398 2 2 0 0 0 0 1 1 1 1 
4 4 0 0 0 0 0 0.785398 1 1 -4.81282e-06 8.30031e-07 1.79684e-07 4.98859e-07 2 0 3 0 
4 4 0 0 0 0 0 0.785398 2 2 0 0 0 0 3 1 2 1 
4 4 0 0 0 0 0 0.785398 1 1 2.37217e-07 1.73362e-08 3.50972e-07 1.29431e-08 0 0 0 0 
4 4 0 0 0 0 0 0.785398 2 2 0 0 0 0 1 1 1 1 
4 4 0 0 0 0 0 0.785398 1 1 1.20228e-06 4.39808e-06 6.22997e-05 3.66601e-06 2 0 3 3 
4 4 0 0 0 0 0 0.785398 2 2 0 0 0 0 3 1 2 2 
4 4 0 0 0 0 0 0.785398 1 1 -8.10518e-09 4.79169e-08 1.67816e-09 1.1368e-08 0 0 0 0 
4 4 0 0 0 0 0 0.785398 2 2 0 0 0 0 1 1 1 1 
4 4 0 0 0 0 0 0.785398 1 1 -2.16956e-06 7.62782e-07 9.08032e-07 5.07825e-07 2 0 1 2 
4 4 0 0 0 0 0 0.785398 2 2 0 0 0 0 3 1 0 3 
4 4 0 0 0 0 0 0.785398 1 1 -1.12858e-07 4.50174e-08 -1.12252e-07 1.86393e-08 0 0 0 0 
4 4 0 0 0 0 0 0.785398 2 2 0 0 0 0 1 1 1 1 
4 4 0 0 0 0 0 0.785398 1 1 -2.75569e-06 4.71385e-06 -5.97394e-05 3.644e-06 2 2 2 1 
4 4 0 0 0 0 0 0.785398 2 2 0 0 0 0 3 3 3 0 
4 4 0 0 0 0 0 0.785398 1 1 4.67565e-08 9.34991e-08 -2.09668e-08 2.33728e-08 0 0 0 0 
4 4 0 0 0 0 0 0.785398 2 2 0 0 0 0 1 1 1 1 
4 4 0 0 0 0 0 0.785398 1 1 1.41052e-07 1.37787e-06 1.75143e-07 1.07328e-06 2 2 1 1 
4 4 0 0 0 0 0 0.785398 2 2 0 0 0 0 3 3 0 0 
4 4 0 0 0 0 0 0.785398 1 1 -1.36073e-07 1.01934e-08 1.63412e-09 3.85421e-09 0 0 0 0 
4 4 0 0 0 0 0 0.785398 2 2 0 0 0 0 1 1 1 1 
4 4 0 0 0 0 0 0.785398 1 1 -1.13055e-08 3.41559e-08 3.08942e-09 1.13585e-08 0 0 0 0 
4 4 0 0 0 0 0 0.785398 2 2 0 0 0 0 1 1 1 1 
4 4 0 0 0 0 0 0.785398 1 1 1.49676e-07 2.81754e-08 1.13257e-07 1.35217e-08 0 0 0 0 
4 4 0 0 0 0 0 0.785398 2 2 0 0 0 0 1 1 1 1 
4 4 0 0 0 0 0 0.785398 1 1 -9.09549e-08 3.08718e-08 -6.68005e-08 1.03389e-08 0 0 0 0 
4 4 0 0 0 0 0 0.785398 2 2 0 0 0 0 1 1 1 1 
4 4 0 0 0 0 0 0.785398 1 1 -2.73987e-07 2.2728e-08 -5.27964e-08 6.01852e-09 0 0 0 0 
4 4 0 0 0 0 0 0.785398 2 2 0 0 0 0 1 1 1 1 
4 4 0 0 0 0 0 0.785398 1 1 -7.69926e-06 3.44939e-07 -5.14183e-07 3.11683e-07 2 0 3 0 
4 4 0 0 0 0 0 0.785398 2 2 0 0 0 0 3 1 2 1 
4 4 0 0 0 0 0 0.785398 1 1 1.48415e-08 9.70406e-08 -8.31107e-09 2.39565e-08 0 0 0 0 
4 4 0 0 0 0 0 0.785398 2 2 0 0 0 0 1 1 1 1 
4 4 0 0 0 0 0 0.785398 1 1 -3.60541e-07 1.36411e-06 -2.09048e-07 1.00934e-06 2 2 1 1 
4 4 0 0 0 0 0 0.785398 2 2 0 0 0 0 3 3 0 0 
4 4 0 0 0 0 0 0.785398 1 1 -1.64082e-07 1.03619e-08 -1.77001e-09 3.80237e-09 0 0 0 0 
4 4 0 0 0 0 0 0.785398 2 2 0 0 0 0 1 1 1 1 
4 4 0 0 0 0 0 0.785398 1 1 -4.46006e-08 3.51003e-08 -3.5244e-08 1.10369e-08 0 0 0 0 
4 4 0 0 0 0 0 0.785398 2 2 0 0 0 0 1 1 1 1 
4 4 0 0 0 0 0 0.785398 1 1 -5.17417e-08 9.59902e-08 1.22617e-08 2.38059e-08 0 0 0 0 
4 4 0 0 0 0 0 0.785398 2 2 0 0 0 0 1 1 1 1 
4 4 0 0 0 0 0 0.785398 1 1 9.22038e-07 1.36095e-06 3.09265e-06 1.04344e-06 2 2 1 1 
4 4 0 0 0 0 0 0.785398 2 2 0 0 0 0 3 3 0 0 
4 4 0 0 0 0 0 0.785398 1 1 -7.63274e-08 4.88072e-08 -3.02516e-08 1.15423e-08 0 0 0 0 
4 4 0 0 0 0 0 0.785398 2 2 0 0 0 0 1 1 1 1 
4 4 0 0 0 0 0 0.785398 1 1 -1.68744e-06 7.50219e-07 1.90174e-07 4.97612e-07 2 0 1 2 
4 4 0 0 0 0 0 0.785398 2 2 0 0 0 0 3 1 0 3 
4 4 0 0 0 0 0 0.785398 1 1 -2.44239e-07 1.74308e-08 -3.24174e-07 1.28767e-08 0 0 0 0 
4 4 0 0 0 0 0 0.785398 2 2 0 0 0 0 1 1 1 1 
4 4 0 0 0 0 0 0.785398 1 1 -4.54727e-06 4.4605e-06 -6.47416e-05 3.53672e-06 2 0 3 3 
4 4 0 0 0 0 0 0.785398 2 2 0 0 0 0 3 1 2 2 
4 4 0 0 0 0 0 0.785398 1 1 -1.3882e-07 2.33083e-08 6.26682e-09 6.18668e-09 0 0 0 0 
4 4 0 0 0 0 0 0.785398 2 2 0 0 0 0 1 1 1 1 
4 4 0 0 0 0 0 0.785398 1 1 -4.69186e-08 3.44283e-08 -3.44059e-08 1.08604e-08 0 0 0 0 
4 4 0 0 0 0 0 0.785398 2 2 0 0 0 0 1 1 1 1 
4 4 0 0 0 0 0 0.785398 1 1 -4.82841e-08 1.87972e-08 -2.7271e-08 7.14933e-09 0 0 0 0 
4 4 0 0 0 0 0 0.785398 2 2 0 0 0 0 1 1 1 1 
4 4 0 0 0 0 0 0.785398 1 1 -8.4378e-08 2.38515e-08 -4.39914e-09 6.33136e-09 0 0 0 0 
4 4 0 0 0 0 0 0.785398 2 2 0 0 0 0 1 1 1 1 
4 4 0 0 0 0 0 0.785398 1 1 -4.46148e-09 4.91085e-08 -9.99231e-09 1.16896e-08 0 0 0 0 
4 4 0 0 0 0 0 0.785398 2 2 0 0 0 0 1 1 1 1 
4 4 0 0 0 0 0 0.785398 1 1 1.97245e-07 7.39634e-07 -2.01634e-07 4.86011e-07 2 0 1 2 
4 4 0 0 0 0 0 0.785398 2 2 0 0 0 0 3 1 0 3 
4 4 0 0 0 0 0 0.785398 1 1 1.52782e-06 1.30992e-07 1.90359e-07 2.8693e-08 0 0 0 0 
4 4 0 0 0 0 0 0.785398 1 1 1.09287e-05 1.09247e-06 -5.75557e-07 3.45787e-07 0 2 0 3 
4 4 0 0 0 0 0 0.785398 2 2 0 0 0 0 1 1 1 1 
4 4 0 0 0 0 0 0.785398 2 2 0 0 0 0 1 3 1 2 
4 4 0 0 0 0 0 0.785398 1 1 1.24779e-05 1.10875e-06 -7.31524e-07 3.47453e-07 2 0 1 2 
4 4 0 0 0 0 0 0.785398 1 1 1.31981e-05 1.10063e-06 -1.30101e-06 3.48769e-07 2 2 1 1 
4 4 0 0 0 0 0 0.785398 2 2 0 0 0 0 3 1 0 3 
4 4 0 0 0 0 0 0.785398 2 2 0 0 0 0 3 3 0 0 
4 4 0 0 0 0 0 0.785398 1 1 1.34453e-06 1.30913e-07 1.6546e-07 2.81406e-08 0 0 0 0 
4 4 0 0 0 0 0 0.785398 1 1 1.28587e-05 1.09925e-06 -1.1317e-06 3.48142e-07 0 2 2 1 
4 4 0 0 0 0 0 0.785398 2 2 0 0 0 0 1 1 1 1 
4 4 0 0 0 0 0 0.785398 2 2 0 0 0 0 1 3 3 0 
4 4 0 0 0 0 0 0.785398 1 1 1.45461e-05 1.12272e-06 -1.52137e-06 3.52429e-07 2 0 3 0 
4 4 0 0 0 0 0 0.785398 1 1 1.28258e-05 1.13843e-06 -1.50827e-06 3.5449e-07 2 2 1 1 
4 4 0 0 0 0 0 0.785398 2 2 0 0 0 0 3 1 2 1 
4 4 0 0 0 0 0 0.785398 2 2 0 0 0 0 3 3 0 0 
4 4 0 0 0 0 0 0.785398 1 1 2.60303e-07 1.76316e-08 3.75359e-07 1.3148e-08 0 0 0 0 
4 4 0 0 0 0 0 0.785398 2 2 0 0 0 0 1 1 1 1 
4 4 0 0 0 0 0 0.785398 1 1 2.29129e-06 4.52031e-06 6.53633e-05 3.56145e-06 2 0 2 2 
4 4 0 0 0 0 0 0.785398 2 2 0 0 0 0 3 1 3 3 
4 4 0 0 0 0 0 0.785398 1 1 -2.11298e-07 1.68992e-08 -3.24043e-07 1.26329e-08 0 0 0 0 
4 4 0 0 0 0 0 0.785398 2 2 0 0 0 0 1 1 1 1 
4 4 0 0 0 0 0 0.785398 1 1 -3.98437e-07 4.56192e-06 -6.29001e-05 3.57085e-06 2 0 2 2 
4 4 0 0 0 0 0 0.785398 2 2 0 0 0 0 3 1 3 3 
4 4 0 0 0 0 0 0.785398 1 1 -6.8171e-08 9.26763e-08 -2.62415e-08 2.29579e-08 0 0 0 0 
4 4 0 0 0 0 0 0.785398 2 2 0 0 0 0 1 1 1 1 
4 4 0 0 0 0 0 0.785398 1 1 1.37702e-06 1.35755e-06 6.40696e-07 9.76079e-07 2 2 1 1 
4 4 0 0 0 0 0 0.785398 2 2 0 0 0 0 3 3 0 0 
4 4 0 0 0 0 0 0.785398 1 1 3.4454e-08 3.43649e-08 -1.0134e-08 1.10231e-08 0 0 0 0 
4 4 0 0 0 0 0 0.785398 2 2 0 0 0 0 1 1 1 1 
4 4 0 0 0 0 0 0.785398 1 1 1.45141e-07 1.38964e-08 1.57991e-07 1.07811e-08 0 0 0 0 
4 4 0 0 0 0 0 0.785398 2 2 0 0 0 0 1 1 1 1 
4 4 0 0 0 0 0 0.785398 1 1 4.47648e-08 4.56075e-08 1.22885e-07 1.86297e-08 0 0 0 0 
4 4 0 0 0 0 0 0.785398 2 2 0 0 0 0 1 1 1 1 
4 4 0 0 0 0 0 0.785398 1 1 8.37413e-06 4.6143e-06 6.2226e-05 3.56292e-06 2 2 2 1 
4 4 0 0 0 0 0 0.785398 2 2 0 0 0 0 3 3 3 0 
4 4 0 0 0 0 0 0.785398 1 1 -1.87234e-07 3.91149e-08 -4.73123e-08 9.56237e-09 0 0 0 0 
4 4 0 0 0 0 0 0.785398 2 2 0 0 0 0 1 1 1 1 
4 4 0 0 0 0 0 0.785398 1 1 -4.47083e-06 8.31337e-07 4.66553e-07 4.95746e-07 2 0 0 3 
4 4 0 0 0 0 0 0.785398 2 2 0 0 0 0 3 1 1 2 
4 4 0 0 0 0 0 0.785398 1 1 6.23874e-08 4.73674e-08 9.27921e-09 1.13481e-08 0 0 0 0 
4 4 0 0 0 0 0 0.785398 2 2 0 0 0 0 1 1 1 1 
4 4 0 0 0 0 0 0.785398 1 1 -8.35883e-07 7.33208e-07 -3.97178e-07 4.87913e-07 2 0 1 2 
4 4 0 0 0 0 0 0.785398 2 2 0 0 0 0 3 1 0 3 
4 4 0 0 0 0 0 0.785398 1 1 -1.12779e-07 4.62186e-08 -1.0161e-07 1.90256e-08 0 0 0 0 
4 4 0 0 0 0 0 0.785398 2 2 0 0 0 0 1 1 1 1 
4 4 0 0 0 0 0 0.785398 1 1 -2.80687e-06 4.58304e-06 -6.18427e-05 3.54968e-06 2 2 2 1 
4 4 0 0 0 0 0 0.785398 2 2 0 0 0 0 3 3 3 0 
4 4 0 0 0 0 0 0.785398 1 1 4.53903e-08 4.44075e-08 1.40025e-07 1.90684e-08 0 0 0 0 
4 4 0 0 0 0 0 0.785398 2 2 0 0 0 0 1 1 1 1 
4 4 0 0 0 0 0 0.785398 1 1 5.48014e-06 4.56624e-06 6.79132e-05 3.67888e-06 2 2 2 1 
4 4 0 0 0 0 0 0.785398 2 2 0 0 0 0 3 3 3 0 
4 4 0 0 0 0 0 0.785398 1 1 1.44275e-07 1.38609e-08 1.47162e-07 1.03915e-08 0 0 0 0 
4 4 0 0 0 0 0 0.785398 2 2 0 0 0 0 1 1 1 1 
4 4 0 0 0 0 0 0.785398 1 1 -9.98771e-08 3.09825e-08 -5.04709e-08 1.04546e-08 0 0 0 0 
4 4 0 0 0 0 0 0.785398 2 2 0 0 0 0 1 1 1 1 
4 4 0 0 0 0 0 0.785398 1 1 -5.97759e-08 1.83644e-08 -1.66051e-08 7.28482e-09 0 0 0 0 
4 4 0 0 0 0 0 0.785398 2 2 0 0 0 0 1 1 1 1 
4 4 0 0 0 0 0 0.785398 1 1 1.35024e-07 2.83133e-08 8.69343e-08 1.33158e-08 0 0 0 0 
4 4 0 0 0 0 0 0.785398 2 2 0 0 0 0 1 1 1 1 
4 4 0 0 0 0 0 0.785398 1 1 3.61536e-06 5.19827e-08 6.07649e-07 2.52819e-08 0 0 0 0 
4 4 0 0 0 0 0 0.785398 1 1 2.11711e-05 4.76776e-07 -5.60129e-06 4.23446e-07 0 2 2 0 
4 4 0 0 0 0 0 0.785398 2 2 0 0 0 0 1 1 1 1 
4 4 0 0 0 0 0 0.785398 2 2 0 0 0 0 1 3 3 1 
4 4 0 0 0 0 0 0.785398 1 1 2.00853e-05 4.62604e-07 -4.87932e-06 4.18378e-07 2 0 3 0 
4 4 0 0 0 0 0 0.785398 1 1 2.09915e-05 4.70023e-07 -5.21547e-06 4.28801e-07 2 2 1 0 
4 4 0 0 0 0 0 0.785398 2 2 0 0 0 0 3 1 2 1 
4 4 0 0 0 0 0 0.785398 2 2 0 0 0 0 3 3 0 1 
4 4 0 0 0 0 0 0.785398 1 1 -4.11863e-07 1.91097e-08 -9.30308e-08 9.89062e-09 0 0 0 0 
4 4 0 0 0 0 0 0.785398 2 2 0 0 0 0 1 1 1 1 
4 4 0 0 0 0 0 0.785398 1 1 -3.85208e-06 1.02231e-06 -4.83194e-07 5.30053e-07 2 0 0 3 
4 4 0 0 0 0 0 0.785398 2 2 0 0 0 0 3 1 1 2 
4 4 0 0 0 0 0 0.785398 1 1 -3.98946e-07 1.93848e-08 -1.03907e-07 9.97134e-09 0 0 0 0 
4 4 0 0 0 0 0 0.785398 2 2 0 0 0 0 1 1 1 1 
4 4 0 0 0 0 0 0.785398 1 1 -5.41706e-06 1.04998e-06 -5.81254e-07 5.33394e-07 2 0 3 0 
4 4 0 0 0 0 0 0.785398 2 2 0 0 0 0 3 1 2 1 
4 4 0 0 0 0 0 0.785398 1 1 -2.74031e-07 6.20258e-08 -2.11107e-07 1.94095e-08 0 0 0 0 
4 4 0 0 0 0 0 0.785398 2 2 0 0 0 0 1 1 1 1 
4 4 0 0 0 0 0 0.785398 1 1 -8.64958e-06 6.33034e-06 -8.87665e-05 4.38338e-06 2 2 2 1 
4 4 0 0 0 0 0 0.785398 2 2 0 0 0 0 3 3 3 0 
4 4 0 0 0 0 0 0.785398 1 1 1.97507e-08 6.21533e-08 1.71503e-07 1.98108e-08 0 0 0 0 
4 4 0 0 0 0 0 0.785398 2 2 0 0 0 0 1 1 1 1 
4 4 0 0 0 0 0 0.785398 1 1 1.9306e-05 6.1551e-06 9.35864e-05 4.30073e-06 2 2 2 1 
4 4 0 0 0 0 0 0.785398 2 2 0 0 0 0 3 3 3 0 
4 4 0 0 0 0 0 0.785398 1 1 1.42246e-08 1.17354e-08 2.28453e-08 5.84288e-09 0 0 0 0 
4 4 0 0 0 0 0 0.785398 2 2 0 0 0 0 1 1 1 1 
4 4 0 0 0 0 0 0.785398 1 1 -7.65764e-08 1.64747e-08 -6.67939e-08 1.18918e-08 0 0 0 0 
4 4 0 0 0 0 0 0.785398 2 2 0 0 0 0 1 1 1 1 
4 4 0 0 0 0 0 0.785398 1 1 1.42839e-07 4.83471e-08 1.07154e-07 1.51963e-08 0 0 0 0 
4 4 0 0 0 0 0 0.785398 2 2 0 0 0 0 1 1 1 1 
4 4 0 0 0 0 0 0.785398 1 1 6.29205e-08 3.90978e-08 6.68401e-08 2.4766e-08 0 0 0 0 
4 4 0 0 0 0 0 0.785398 2 2 0 0 0 0 1 1 1 1 
4 4 0 0 0 0 0 0.785398 1 1 8.47972e-07 1.70931e-06 -1.3038e-06 1.22176e-06 2 0 1 2 
4 4 0 0 0 0 0 0.785398 2 2 0 0 0 0 3 1 0 3 
4 4 0 0 0 0 0 0.785398 1 1 -1.16512e-07 1.65524e-08 -8.10697e-08 1.2323e-08 0 0 0 0 
4 4 0 0 0 0 0 0.785398 2 2 0 0 0 0 1 1 1 1 
4 4 0 0 0 0 0 0.785398 1 1 -1.00018e-06 8.39397e-07 0 0 0 0 0 0 
4 4 0 0 0 0 0 0.785398 1 1 -4.78582e-06 8.7775e-06 0 0 0 0 2 2 
4 4 0 0 0 0 0 0.785398 1 1 -3.24365e-06 2.65888e-06 0 0 0 2 1 1 
4 4 0 0 0 0 0 0.785398 1 1 1.36846e-05 2.65161e-05 0 0 0 2 3 3 
4 4 0 0 0 0 0 0.785398 2 2 0 0 0 0 1 1 1 1 
4 4 0 0 0 0 0 0.785398 2 2 0 0 0 0 1 1 3 3 
4 4 0 0 0 0 0 0.785398 2 2 0 0 0 0 1 3 0 0 
4 4 0 0 0 0 0 0.785398 2 2 0 0 0 0 1 3 2 2 
4 4 0 0 0 0 0 0.785398 1 1 -1.18067e-06 2.64689e-06 0 0 2 1 1 1 
4 4 0 0 0 0 0 0.785398 1 1 2.29224e-05 2.70494e-05 0 0 2 1 3 3 
4 4 0 0 0 0 0 0.785398 1 1 -4.42208e-07 7.91279e-06 0 0 2 3 0 0 
4 4 0 0 0 0 0 0.785398 1 1 4.19063e-05 8.05582e-05 0 0 2 3 2 2 
4 4 0 0 0 0 0 0.785398 2 2 0 0 0 0 3 0 0 0 
4 4 0 0 0 0 0 0.785398 2 2 0 0 0 0 3 0 2 2 
4 4 0 0 0 0 0 0.785398 2 2 0 0 0 0 3 2 1 1 
4 4 0 0 0 0 0 0.785398 2 2 0 0 0 0 3 2 3 3 
4 4 0 0 0 0 0 0.785398 1 1 6.5167e-08 5.28189e-08 0 0 0 0 0 0 
4 4 0 0 0 0 0 0.785398 1 1 2.75978e-08 5.59944e-07 0 0 0 2 0 2 
4 4 0 0 0 0 0 0.785398 2 2 0 0 0 0 1 1 1 1 
4 4 0 0 0 0 0 0.785398 2 2 0 0 0 0 1 3 1 3 
4 4 0 0 0 0 0 0.785398 1 1 -1.1057e-07 1.60218e-07 0 0 2 1 0 1 
4 4 0 0 0 0 0 0.785398 1 1 2.27919e-06 1.654e-06 0 0 2 3 0 3 
4 4 0 0 0 0 0 0.785398 2 2 0 0 0 0 3 0 1 0 
4 4 0 0 0 0 0 0.785398 2 2 0 0 0 0 3 2 1 2 
4 4 0 0 0 0 0 0.785398 1 1 4.45829e-07 5.49598e-07 0 0 0 0 0 0 
4 4 0 0 0 0 0 0.785398 1 1 2.79108e-06 5.87652e-06 0 0 0 2 0 3 
4 4 0 0 0 0 0 0.785398 2 2 0 0 0 0 1 1 1 1 
4 4 0 0 0 0 0 0.785398 2 2 0 0 0 0 1 3 1 2 
4 4 0 0 0 0 0 0.785398 1 1 -7.28118e-07 1.71729e-06 0 0 2 1 1 1 
4 4 0 0 0 0 0 0.785398 1 1 -2.09184e-05 1.74495e-05 0 0 2 3 1 2 
4 4 0 0 0 0 0 0.785398 2 2 0 0 0 0 3 0 0 0 
4 4 0 0 0 0 0 0.785398 2 2 0 0 0 0 3 2 0 3 
4 4 0 0 0 0 0 0.785398 1 1 1.31578e-07 6.11082e-07 0 0 0 0 0 0 
4 4 0 0 0 0 0 0.785398 1 1 -1.62898e-06 1.86172e-06 0 0 0 2 1 1 
4 4 0 0 0 0 0 0.785398 2 2 0 0 0 0 1 1 1 1 
4 4 0 0 0 0 0 0.785398 2 2 0 0 0 0 1 3 0 0 
4 4 0 0 0 0 0 0.785398 1 1 1.29354e-06 1.98179e-06 0 0 2 1 1 1 
4 4 0 0 0 0 0 0.785398 1 1 -4.07535e-06 5.80598e-06 0 0 2 3 0 0 
4 4 0 0 0 0 0 0.785398 2 2 0 0 0 0 3 0 0 0 
4 4 0 0 0 0 0 0.785398 2 2 0 0 0 0 3 2 1 1 
4 4 0 0 0 0 0 0.785398 1 1 2.72388e-08 3.9844e-08 0 0 0 0 0 0 
4 4 0 0 0 0 0 0.785398 2 2 0 0 0 0 1 1 1 1 
4 4 0 0 0 0 0 0.785398 1 1 -4.42955e-08 1.19359e-07 0 0 2 0 1 1 
4 4 0 0 0 0 0 0.785398 2 2 0 0 0 0 3 1 0 0 
4 4 0 0 0 0 0 0.785398 1 1 3.12705e-08 3.28036e-08 0 0 0 0 0 0 
4 4 0 0 0 0 0 0.785398 2 2 0 0 0 0 1 1 1 1 
4 4 0 0 0 0 0 0.785398 1 1 6.00339e-07 3.33383e-07 0 0 2 0 3 0 
4 4 0 0 0 0 0 0.785398 2 2 0 0 0 0 3 1 2 1 
4 4 0 0 0 0 0 0.785398 1 1 -7.37337e-07 4.23477e-07 0 0 0 0 0 0 
4 4 0 0 0 0 0 0.785398 2 2 0 0 0 0 1 1 1 1 
4 4 0 0 0 0 0 0.785398 1 1 -1.54937e-06 1.35196e-06 0 0 2 1 1 1 
4 4 0 0 0 0 0 0.785398 2 2 0 0 0 0 3 0 0 0 
4 4 0 0 0 0 0 0.785398 1 1 -3.7483e-08 2.37871e-08 0 0 0 0 0 0 
4 4 0 0 0 0 0 0.785398 2 2 0 0 0 0 1 1 1 1 
4 4 0 0 0 0 0 0.785398 1 1 3.50816e-06 2.77022e-06 0 0 0 0 0 0 
4 4 0 0 0 0 0 0.785398 1 1 6.96143e-06 8.24718e-06 0 0 0 0 2 1 
4 4 0 0 0 0 0 0.785398 1 1 -1.11619e-05 8.32803e-06 0 0 0 2 1 1 
4 4 0 0 0 0 0 0.785398 1 1 -3.51331e-05 2.41307e-05 0 0 0 2 3 0 
4 4 0 0 0 0 0 0.785398 2 2 0 0 0 0 1 1 1 1 
4 4 0 0 0 0 0 0.785398 2 2 0 0 0 0 1 1 3 0 
4 4 0 0 0 0 0 0.785398 2 2 0 0 0 0 1 3 0 0 
4 4 0 0 0 0 0 0.785398 2 2 0 0 0 0 1 3 2 1 
4 4 0 0 0 0 0 0.785398 1 1 3.69582e-07 8.3557e-06 0 0 2 1 1 1 
4 4 0 0 0 0 0 0.785398 1 1 7.34458e-05 2.50954e-05 0 0 2 1 3 0 
4 4 0 0 0 0 0 0.785398 1 1 -3.17919e-05 2.45183e-05 0 0 2 3 0 0 
4 4 0 0 0 0 0 0.785398 1 1 6.93513e-05 7.62857e-05 0 0 2 3 2 1 
4 4 0 0 0 0 0 0.785398 2 2 0 0 0 0 3 0 0 0 
4 4 0 0 0 0 0 0.785398 2 2 0 0 0 0 3 0 2 1 
4 4 0 0 0 0 0 0.785398 2 2 0 0 0 0 3 2 1 1 
4 4 0 0 0 0 0 0.785398 2 2 0 0 0 0 3 2 3 0 
4 4 0 0 0 0 0 0.785398 1 1 -4.19322e-08 1.68162e-07 0 0 0 0 0 0 
4 4 0 0 0 0 0 0.785398 1 1 3.86063e-07 5.35159e-07 0 0 0 2 0 1 
4 4 0 0 0 0 0 0.785398 2 2 0 0 0 0 1 1 1 1 
4 4 0 0 0 0 0 0.785398 2 2 0 0 0 0 1 3 1 0 
4 4 0 0 0 0 0 0.785398 1 1 -1.21772e-07 4.99686e-07 0 0 2 1 0 1 
4 4 0 0 0 0 0 0.785398 1 1 1.8023e-06 1.5412e-06 0 0 2 3 0 0 
4 4 0 0 0 0 0 0.785398 2 2 0 0 0 0 3 0 1 0 
4 4 0 0 0 0 0 0.785398 2 2 0 0 0 0 3 2 1 1 
4 4 0 0 0 0 0 0.785398 1 1 -7.13288e-07 1.71296e-06 0 0 0 0 0 0 
4 4 0 0 0 0 0 0.785398 1 1 1.20327e-06 5.48262e-06 0 0 0 2 0 1 
4 4 0 0 0 0 0 0.785398 2 2 0 0 0 0 1 1 1 1 
4 4 0 0 0 0 0 0.785398 2 2 0 0 0 0 1 3 1 0 
4 4 0 0 0 0 0 0.785398 1 1 8.00454e-06 5.41606e-06 0 0 2 1 1 1 
4 4 0 0 0 0 0 0.785398 1 1 1.47867e-05 1.54351e-05 0 0 2 3 1 0 
4 4 0 0 0 0 0 0.785398 2 2 0 0 0 0 3 0 0 0 
4 4 0 0 0 0 0 0.785398 2 2 0 0 0 0 3 2 0 1 
4 4 0 0 0 0 0 0.785398 1 1 -9.77551e-07 1.76201e-06 0 0 0 0 0 0 
4 4 0 0 0 0 0 0.785398 1 1 -4.18306e-06 5.32735e-06 0 0 0 2 1 1 
4 4 0 0 0 0 0 0.785398 2 2 0 0 0 0 1 1 1 1 
4 4 0 0 0 0 0 0.785398 2 2 0 0 0 0 1 3 0 0 
4 4 0 0 0 0 0 0.785398 1 1 2.08982e-06 5.66011e-06 0 0 2 1 1 1 
4 4 0 0 0 0 0 0.785398 1 1 2.82645e-06 1.57124e-05 0 0 2 3 0 0 
4 4 0 0 0 0 0 0.785398 2 2 0 0 0 0 3 0 0 0 
4 4 0 0 0 0 0 0.785398 2 2 0 0 0 0 3 2 1 1 
4 4 0 0 0 0 0 0.785398 1 1 2.83765e-08 1.0021e-07 0 0 0 0 0 0 
4 4 0 0 0 0 0 0.785398 2 2 0 0 0 0 1 1 1 1 
4 4 0 0 0 0 0 0.785398 1 1 -3.30165e-08 3.19129e-07 0 0 2 0 1 0 
4 4 0 0 0 0 0 0.785398 2 2 0 0 0 0 3 1 0 1 
4 4 0 0 0 0 0 0.785398 1 1 3.04481e-08 1.10368e-07 0 0 0 0 0 0 
4 4 0 0 0 0 0 0.785398 2 2 0 0 0 0 1 1 1 1 
4 4 0 0 0 0 0 0.785398 1 1 -6.64203e-08 3.26518e-07 0 0 2 0 1 1 
4 4 0 0 0 0 0 0.785398 2 2 0 0 0 0 3 1 0 0 
4 4 0 0 0 0 0 0.785398 1 1 6.43324e-07 1.20034e-06 0 0 0 0 0 0 
4 4 0 0 0 0 0 0.785398 2 2 0 0 0 0 1 1 1 1 
4 4 0 0 0 0 0 0.785398 1 1 -3.65647e-06 3.43256e-06 0 0 2 1 1 1 
4 4 0 0 0 0 0 0.785398 2 2 0 0 0 0 3 0 0 0 
4 4 0 0 0 0 0 0.785398 1 1 8.10997e-09 6.93398e-08 0 0 0 0 0 0 
4 4 0 0 0 0 0 0.785398 2 2 0 0 0 0 1 1 1 1 
4 4 0 0 0 0 0 0.785398 1 1 -3.61999e-08 7.47461e-07 0 0 0 0 0 0 
4 4 0 0 0 0 0 0.785398 1 1 6.60065e-06 6.94069e-06 0 0 0 2 0 2 
4 4 0 0 0 0 0 0.785398 2 2 0 0 0 0 1 1 1 1 
4 4 0 0 0 0 0 0.785398 2 2 0 0 0 0 1 3 1 3 
4 4 0 0 0 0 0 0.785398 1 1 8.71058e-07 2.2416e-06 0 0 2 1 1 1 
4 4 0 0 0 0 0 0.785398 1 1 -4.31005e-06 2.1301e-05 0 0 2 3 1 3 
4 4 0 0 0 0 0 0.785398 2 2 0 0 0 0 3 0 0 0 
4 4 0 0 0 0 0 0.785398 2 2 0 0 0 0 3 2 0 2 
4 4 0 0 0 0 0 0.785398 1 1 -5.18455e-07 7.5282e-07 0 0 0 0 0 0 
4 4 0 0 0 0 0 0.785398 1 1 -6.41501e-06 7.07092e-06 0 0 0 2 2 0 
4 4 0 0 0 0 0 0.785398 2 2 0 0 0 0 1 1 1 1 
4 4 0 0 0 0 0 0.785398 2 2 0 0 0 0 1 3 3 1 
4 4 0 0 0 0 0 0.785398 1 1 8.28726e-08 2.19013e-06 0 0 2 1 1 1 
4 4 0 0 0 0 0 0.785398 1 1 -5.24032e-05 2.13135e-05 0 0 2 3 3 1 
4 4 0 0 0 0 0 0.785398 2 2 0 0 0 0 3 0 0 0 
4 4 0 0 0 0 0 0.785398 2 2 0 0 0 0 3 2 2 0 
4 4 0 0 0 0 0 0.785398 1 1 -5.53835e-07 6.83664e-08 0 0 0 0 0 0 
4 4 0 0 0 0 0 0.785398 2 2 0 0 0 0 1 1 1 1 
4 4 0 0 0 0 0 0.785398 1 1 -8.39913e-06 7.10127e-07 0 0 2 0 2 0 
4 4 0 0 0 0 0 0.785398 2 2 0 0 0 0 3 1 3 1 
4 4 0 0 0 0 0 0.785398 1 1 -5.30837e-07 6.89769e-08 0 0 0 0 0 0 
4 4 0 0 0 0 0 0.785398 2 2 0 0 0 0 1 1 1 1 
4 4 0 0 0 0 0 0.785398 1 1 -9.28348e-06 7.00885e-07 0 0 2 0 3 0 
4 4 0 0 0 0 0 0.785398 2 2 0 0 0 0 3 1 2 1 
4 4 0 0 0 0 0 0.785398 1 1 -6.26586e-07 5.5142e-07 0 0 0 0 0 0 
4 4 0 0 0 0 0 0.785398 2 2 0 0 0 0 1 1 1 1 
4 4 0 0 0 0 0 0.785398 1 1 7.27898e-08 1.73059e-06 0 0 2 1 1 1 
4 4 0 0 0 0 0 0.785398 2 2 0 0 0 0 3 0 0 0 
4 4 0 0 0 0 0 0.785398 1 1 2.3692e-08 5.5322e-07 0 0 0 0 0 0 
4 4 0 0 0 0 0 0.785398 2 2 0 0 0 0 1 1 1 1 
4 4 0 0 0 0 0 0.785398 1 1 8.45783e-07 1.67471e-06 0 0 2 1 1 1 
4 4 0 0 0 0 0 0.785398 2 2 0 0 0 0 3 0 0 0 
4 4 0 0 0 0 0 0.785398 1 1 8.45603e-09 4.63907e-08 0 0 0 0 0 0 
4 4 0 0 0 0 0 0.785398 2 2 0 0 0 0 1 1 1 1 
4 4 0 0 0 0 0 0.785398 1 1 -8.87184e-09 4.87808e-08 0 0 0 0 0 0 
4 4 0 0 0 0 0 0.785398 2 2 0 0 0 0 1 1 1 1 
4 4 0 0 0 0 0 0.785398 1 1 -5.1428e-07 1.78278e-06 0 0 0 0 0 0 
4 4 0 0 0 0 0 0.785398 1 1 -4.46992e-06 5.45809e-06 0 0 0 2 0 1 
4 4 0 0 0 0 0 0.785398 2 2 0 0 0 0 1 1 1 1 
4 4 0 0 0 0 0 0.785398 2 2 0 0 0 0 1 3 1 0 
4 4 0 0 0 0 0 0.785398 1 1 -2.82389e-06 5.40475e-06 0 0 2 1 1 1 
4 4 0 0 0 0 0 0.785398 1 1 1.55739e-05 1.64771e-05 0 0 2 3 1 0 
4 4 0 0 0 0 0 0.785398 2 2 0 0 0 0 3 0 0 0 
4 4 0 0 0 0 0 0.785398 2 2 0 0 0 0 3 2 0 1 
4 4 0 0 0 0 0 0.785398 1 1 9.72421e-07 1.82939e-06 0 0 0 0 0 0 
4 4 0 0 0 0 0 0.785398 1 1 -2.5059e-06 5.45015e-06 0 0 0 2 0 1 
4 4 0 0 0 0 0 0.785398 2 2 0 0 0 0 1 1 1 1 
4 4 0 0 0 0 0 0.785398 2 2 0 0 0 0 1 3 1 0 
4 4 0 0 0 0 0 0.785398 1 1 6.78705e-07 5.39594e-06 0 0 2 1 1 1 
4 4 0 0 0 0 0 0.785398 1 1 -2.9277e-05 1.59581e-05 0 0 2 3 1 0 
4 4 0 0 0 0 0 0.785398 2 2 0 0 0 0 3 0 0 0 
4 4 0 0 0 0 0 0.785398 2 2 0 0 0 0 3 2 0 1 
4 4 0 0 0 0 0 0.785398 1 1 1.9813e-06 1.83857e-06 0 0 0 0 0 0 
4 4 0 0 0 0 0 0.785398 1 1 -3.17209e-06 5.24599e-06 0 0 0 2 1 1 
4 4 0 0 0 0 0 0.785398 2 2 0 0 0 0 1 1 1 1 
4 4 0 0 0 0 0 0.785398 2 2 0 0 0 0 1 3 0 0 
4 4 0 0 0 0 0 0.785398 1 1 5.24943e-06 5.39526e-06 0 0 2 1 1 1 
4 4 0 0 0 0 0 0.785398 1 1 -1.76792e-05 1.59294e-05 0 0 2 3 0 0 
4 4 0 0 0 0 0 0.785398 2 2 0 0 0 0 3 0 0 0 
4 4 0 0 0 0 0 0.785398 2 2 0 0 0 0 3 2 1 1 
4 4 0 0 0 0 0 0.785398 1 1 1.4847e-07 1.91588e-07 0 0 0 0 0 0 
4 4 0 0 0 0 0 0.785398 2 2 0 0 0 0 1 1 1 1 
4 4 0 0 0 0 0 0.785398 1 1 2.73446e-07 5.73094e-07 0 0 2 0 0 1 
4 4 0 0 0 0 0 0.785398 2 2 0 0 0 0 3 1 1 0 
4 4 0 0 0 0 0 0.785398 1 1 3.04887e-07 1.97156e-07 0 0 0 0 0 0 
4 4 0 0 0 0 0 0.785398 2 2 0 0 0 0 1 1 1 1 
4 4 0 0 0 0 0 0.785398 1 1 -7.93539e-07 5.88628e-07 0 0 2 0 1 0 
4 4 0 0 0 0 0 0.785398 2 2 0 0 0 0 3 1 0 1 
4 4 0 0 0 0 0 0.785398 1 1 -1.95473e-07 1.1263e-07 0 0 0 0 0 0 
4 4 0 0 0 0 0 0.785398 2 2 0 0 0 0 1 1 1 1 
4 4 0 0 0 0 0 0.785398 1 1 -1.4946e-08 3.36227e-07 0 0 2 0 1 1 
4 4 0 0 0 0 0 0.785398 2 2 0 0 0 0 3 1 0 0 
4 4 0 0 0 0 0 0.785398 1 1 -4.91353e-07 1.11637e-06 0 0 0 0 0 0 
4 4 0 0 0 0 0 0.785398 2 2 0 0 0 0 1 1 1 1 
4 4 0 0 0 0 0 0.785398 1 1 9.85421e-07 3.47373e-06 0 0 2 1 1 1 
4 4 0 0 0 0 0 0.785398 2 2 0 0 0 0 3 0 0 0 
4 4 0 0 0 0 0 0.785398 1 1 -6.19423e-07 1.08439e-06 0 0 0 0 0 0 
4 4 0 0 0 0 0 0.785398 2 2 0 0 0 0 1 1 1 1 
4 4 0 0 0 0 0 0.785398 1 1 -4.92082e-06 3.30828e-06 0 0 2 1 1 1 
4 4 0 0 0 0 0 0.785398 2 2 0 0 0 0 3 0 0 0 
4 4 0 0 0 0 0 0.785398 1 1 -3.78372e-08 1.14496e-06 0 0 0 0 0 0 
4 4 0 0 0 0 0 0.785398 2 2 0 0 0 0 1 1 1 1 
4 4 0 0 0 0 0 0.785398 1 1 -8.0758e-06 3.32888e-06 0 0 2 1 1 1 
4 4 0 0 0 0 0 0.785398 2 2 0 0 0 0 3 0 0 0 
4 4 0 0 0 0 0 0.785398 1 1 1.00501e-07 1.14753e-07 0 0 0 0 0 0 
4 4 0 0 0 0 0 0.785398 2 2 0 0 0 0 1 1 1 1 
4 4 0 0 0 0 0 0.785398 1 1 9.39481e-09 1.18839e-07 0 0 0 0 0 0 
4 4 0 0 0 0 0 0.785398 2 2 0 0 0 0 1 1 1 1 
4 4 0 0 0 0 0 0.785398 1 1 -9.35313e-08 6.75714e-08 0 0 0 0 0 0 
4 4 0 0 0 0 0 0.785398 2 2 0 0 0 0 1 1 1 1 
4 4 0 0 0 0 0 0.785398 1 1 -2.86215e-07 7.18105e-07 0 0 0 0 0 0 
4 4 0 0 0 0 0 0.785398 1 1 -4.96631e-06 6.10921e-06 0 0 0 2 0 3 
4 4 0 0 0 0 0 0.785398 2 2 0 0 0 0 1 1 1 1 
4 4 0 0 0 0 0 0.785398 2 2 0 0 0 0 1 3 1 2 
4 4 0 0 0 0 0 0.785398 1 1 1.80399e-06 2.2353e-06 0 0 2 1 1 1 
4 4 0 0 0 0 0 0.785398 1 1 8.97363e-06 1.82893e-05 0 0 2 3 1 2 
4 4 0 0 0 0 0 0.785398 2 2 0 0 0 0 3 0 0 0 
4 4 0 0 0 0 0 0.785398 2 2 0 0 0 0 3 2 0 3 
4 4 0 0 0 0 0 0.785398 1 1 -6.80725e-07 6.39736e-08 0 0 0 0 0 0 
4 4 0 0 0 0 0 0.785398 2 2 0 0 0 0 1 1 1 1 
4 4 0 0 0 0 0 0.785398 1 1 -1.02781e-05 6.72931e-07 0 0 2 0 1 2 
4 4 0 0 0 0 0 0.785398 2 2 0 0 0 0 3 1 0 3 
4 4 0 0 0 0 0 0.785398 1 1 -4.32872e-07 5.08407e-07 0 0 0 0 0 0 
4 4 0 0 0 0 0 0.785398 2 2 0 0 0 0 1 1 1 1 
4 4 0 0 0 0 0 0.785398 1 1 1.25185e-06 1.51243e-06 0 0 2 1 1 1 
4 4 0 0 0 0 0 0.785398 2 2 0 0 0 0 3 0 0 0 
4 4 0 0 0 0 0 0.785398 1 1 -7.03738e-07 4.98178e-07 0 0 0 0 0 0 
4 4 0 0 0 0 0 0.785398 2 2 0 0 0 0 1 1 1 1 
4 4 0 0 0 0 0 0.785398 1 1 4.79955e-07 1.54477e-06 0 0 2 1 1 1 
4 4 0 0 0 0 0 0.785398 2 2 0 0 0 0 3 0 0 0 
4 4 0 0 0 0 0 0.785398 1 1 1.25198e-07 4.70088e-08 0 0 0 0 0 0 
4 4 0 0 0 0 0 0.785398 2 2 0 0 0 0 1 1 1 1 
4 4 0 0 0 0 0 0.785398 1 1 -1.13309e-09 4.56294e-08 0 0 0 0 0 0 
4 4 0 0 0 0 0 0.785398 2 2 0 0 0 0 1 1 1 1 
4 4 0 0 0 0 0 0.785398 1 1 5.20519e-07 5.18232e-07 0 0 0 0 0 0 
4 4 0 0 0 0 0 0.785398 2 2 0 0 0 0 1 1 1 1 
4 4 0 0 0 0 0 0.785398 1 1 3.42472e-06 1.55861e-06 0 0 2 1 1 1 
4 4 0 0 0 0 0 0.785398 2 2 0 0 0 0 3 0 0 0 
4 4 0 0 0 0 0 0.785398 1 1 7.48515e-07 6.28732e-07 0 0 0 0 0 0 
4 4 0 0 0 0 0 0.785398 1 1 -9.22211e-06 8.34706e-06 0 0 0 2 2 1 
4 4 0 0 0 0 0 0.785398 2 2 0 0 0 0 1 1 1 1 
4 4 0 0 0 0 0 0.785398 2 2 0 0 0 0 1 3 3 0 
4 4 0 0 0 0 0 0.785398 1 1 -90.819 90.819 0 0 2 1 1 1 
4 4 0 0 0 0 0 0.785398 1 1 3.4484e-05 1.98631e-05 0 0 2 3 3 0 
4 4 0 0 0 0 0 0.785398 2 2 0 0 0 0 3 0 0 0 
4 4 0 0 0 0 0 0.785398 2 2 0 0 0 0 3 2 2 1 
4 4 0 0 0 0 0 0.785398 1 1 8.70456e-08 6.48838e-07 0 0 0 0 0 0 
4 4 0 0 0 0 0 0.785398 1 1 1.92971e-06 6.6725e-06 0 0 0 2 2 1 
4 4 0 0 0 0 0 0.785398 2 2 0 0 0 0 1 1 1 1 
4 4 0 0 0 0 0 0.785398 2 2 0 0 0 0 1 3 3 0 
4 4 0 0 0 0 0 0.785398 1 1 -2.79659e-07 1.98447e-06 0 0 2 1 1 1 
4 4 0 0 0 0 0 0.785398 1 1 1.79898e-05 1.95165e-05 0 0 2 3 3 0 
4 4 0 0 0 0 0 0.785398 2 2 0 0 0 0 3 0 0 0 
4 4 0 0 0 0 0 0.785398 2 2 0 0 0 0 3 2 2 1 
4 4 0 0 0 0 0 0.785398 1 1 -9.10619e-07 6.27661e-08 0 0 0 0 0 0 
4 4 0 0 0 0 0 0.785398 2 2 0 0 0 0 1 1 1 1 
4 4 0 0 0 0 0 0.785398 1 1 -8.5308e-06 6.96584e-07 0 0 2 0 0 3 
4 4 0 0 0 0 0 0.785398 2 2 0 0 0 0 3 1 1 2 
4 4 0 0 0 0 0 0.785398 1 1 -1.27569e-06 6.11226e-07 0 0 0 0 0 0 
4 4 0 0 0 0 0 0.785398 2 2 0 0 0 0 1 1 1 1 
4 4 0 0 0 0 0 0.785398 1 1 -8.49499e-06 6.72827e-07 0 0 2 0 1 2 
4 4 0 0 0 0 0 0.785398 2 2 0 0 0 0 3 1 0 3 
4 4 0 0 0 0 0 0.785398 1 1 1.22479e-07 4.73889e-08 0 0 0 0 0 0 
4 4 0 0 0 0 0 0.785398 2 2 0 0 0 0 1 1 1 1 
4 4 0 0 0 0 0 0.785398 1 1 -1.31623e-07 6.5847e-08 -1.84232e-07 3.1097e-08 0 0 0 0 
4 4 0 0 0 0 0 0.785398 2 2 0 0 0 0 1 1 1 1 
4 4 0 0 0 0 0 0.785398 1 1 3.31674e-06 2.85738e-06 -5.5736e-06 1.81194e-06 2 0 1 2 
4 4 0 0 0 0 0 0.785398 2 2 0 0 0 0 3 1 0 3 
4 4 0 0 0 0 0 0.785398 1 1 -4.78177e-07 2.41267e-07 -4.76458e-08 4.77098e-08 0 0 0 0 
4 4 0 0 0 0 0 0.785398 2 2 0 0 0 0 1 1 1 1 
4 4 0 0 0 0 0 0.785398 1 1 -1.6181e-06 3.36416e-06 -6.9985e-06 1.7545e-06 2 2 1 1 
4 4 0 0 0 0 0 0.785398 2 2 0 0 0 0 3 3 0 0 
4 4 0 0 0 0 0 0.785398 1 1 1.29605e-07 3.24699e-08 4.80456e-08 1.29882e-08 0 0 0 0 
4 4 0 0 0 0 0 0.785398 2 2 0 0 0 0 1 1 1 1 
4 4 0 0 0 0 0 0.785398 1 1 -7.86644e-08 6.84794e-08 -2.01684e-07 3.25401e-08 0 0 0 0 
4 4 0 0 0 0 0 0.785398 2 2 0 0 0 0 1 1 1 1 
4 4 0 0 0 0 0 0.785398 1 1 -8.07758e-06 1.41995e-05 -1.93548e-06 2.21236e-06 2 0 1 2 
4 4 0 0 0 0 0 0.785398 2 2 0 0 0 0 3 1 0 3 
4 4 0 0 0 0 0 0.785398 1 1 8.46734e-08 1.58904e-08 6.22617e-08 1.32526e-08 0 0 0 0 
4 4 0 0 0 0 0 0.785398 2 2 0 0 0 0 1 1 1 1 
4 4 0 0 0 0 0 0.785398 1 1 1.07855e-07 3.24747e-08 4.12815e-08 1.3062e-08 0 0 0 0 
4 4 0 0 0 0 0 0.785398 2 2 0 0 0 0 1 1 1 1 
4 4 0 0 0 0 0 0.785398 1 1 -1.30546e-07 2.28302e-08 -4.14371e-07 1.80807e-08 0 0 0 0 
4 4 0 0 0 0 0 0.785398 2 2 0 0 0 0 1 1 1 1 
4 4 0 0 0 0 0 0.785398 1 1 -3.46567e-06 3.94772e-06 -5.63426e-06 2.10185e-06 2 0 3 0 
4 4 0 0 0 0 0 0.785398 2 2 0 0 0 0 3 1 2 1 
4 4 0 0 0 0 0 0.785398 1 1 4.78021e-07 2.5111e-07 -4.0044e-08 5.356e-08 0 0 0 0 
4 4 0 0 0 0 0 0.785398 2 2 0 0 0 0 1 1 1 1 
4 4 0 0 0 0 0 0.785398 1 1 1.17843e-05 4.42832e-06 -6.67303e-06 2.48574e-06 2 2 1 1 
4 4 0 0 0 0 0 0.785398 2 2 0 0 0 0 3 3 0 0 
4 4 0 0 0 0 0 0.785398 1 1 1.93049e-07 2.5251e-07 -8.20628e-08 5.44262e-08 0 0 0 0 
4 4 0 0 0 0 0 0.785398 2 2 0 0 0 0 1 1 1 1 
4 4 0 0 0 0 0 0.785398 1 1 2.96067e-06 4.30932e-06 -8.50296e-06 2.09093e-06 2 2 1 1 
4 4 0 0 0 0 0 0.785398 2 2 0 0 0 0 3 3 0 0 
4 4 0 0 0 0 0 0.785398 1 1 4.54924e-08 3.95205e-08 3.91771e-08 1.06509e-08 0 0 0 0 
4 4 0 0 0 0 0 0.785398 2 2 0 0 0 0 1 1 1 1 
4 4 0 0 0 0 0 0.785398 1 1 6.19302e-08 3.81611e-08 2.50387e-08 1.03639e-08 0 0 0 0 
4 4 0 0 0 0 0 0.785398 2 2 0 0 0 0 1 1 1 1 
4 4 0 0 0 0 0 0.785398 1 1 4.58241e-08 1.29642e-07 3.63138e-08 2.50319e-08 0 0 0 0 
4 4 0 0 0 0 0 0.785398 2 2 0 0 0 0 1 1 1 1 
4 4 0 0 0 0 0 0.785398 1 1 -1.84219e-06 1.81607e-06 0 0 0 0 0 0 
4 4 0 0 0 0 0 0.785398 2 2 0 0 0 0 1 1 1 1 
4 4 0 0 0 0 0 0.785398 1 1 -1.22759e-05 5.73453e-06 0 0 2 1 1 1 
4 4 0 0 0 0 0 0.785398 2 2 0 0 0 0 3 0 0 0 
4 4 0 0 0 0 0 0.785398 1 1 -2.22611e-07 1.3573e-07 0 0 0 0 0 0 
4 4 0 0 0 0 0 0.785398 2 2 0 0 0 0 1 1 1 1 
