1.098977989119999776e+00 1.212436366399999993e-01 -9.609287103999993029e-02 1.030741081599999970e-02
1.087700114240000016e+00 1.230783723200000040e-01 -8.052104767999999912e-02 1.084791667199999990e-02
1.111676136575999951e+00 1.260684619200000134e-01 -5.697989824000000009e-02 1.240479718399999966e-02
1.125126807360000036e+00 1.316914686400000034e-01 -1.593799360000003329e-02 1.514890214399999997e-02
1.229649056800000029e+00 1.361335057599999954e-01 3.523956236799997976e-02 1.875820287999999808e-02
1.231299000639999974e+00 1.420165814400000115e-01 9.021191935999993416e-02 2.336371840000000047e-02
1.389769136640000013e+00 1.477364895999999928e-01 1.432779814399999241e-01 2.874507999999999924e-02
1.502867215039999982e+00 1.525751563199999883e-01 2.201493352960000038e-01 3.479664768000000075e-02
1.629234333952000124e+00 1.571468780799999965e-01 2.442079938559999774e-01 4.087580928000000141e-02
1.774853842623999922e+00 1.607132579199999911e-01 2.801473992319999939e-01 4.676422368000000135e-02
1.881899567360000081e+00 1.626183393600000027e-01 3.325733806720001517e-01 5.125516895999999989e-02
1.938781134304000009e+00 1.641566859199999895e-01 3.260742835199998413e-01 5.418149407999999639e-02
1.963798396352000042e+00 1.638831462399999994e-01 3.159971538559999682e-01 5.518724608000000198e-02
2.059772896768000017e+00 1.639277028799999980e-01 3.352571995839998542e-01 5.439790239999999638e-02
2.105270092096000134e+00 1.628203430400000096e-01 3.184178921599999934e-01 5.126445471999999809e-02
2.207116492479999970e+00 1.607177939199999905e-01 2.811720931199999662e-01 4.652079488000000068e-02
2.312384322815999926e+00 1.568283054400000098e-01 2.558216508800000843e-01 4.092246271999999685e-02
2.468233974399999919e+00 1.528805984000000118e-01 1.979913920000000715e-01 3.474218944000000142e-02
2.607825761600000014e+00 1.472337883200000030e-01 1.585601612800000004e-01 2.888222399999999801e-02
2.677027534720000101e+00 1.423719145600000069e-01 8.950152787200009452e-02 2.328938527999999814e-02
2.749287205439999937e+00 1.360447996799999948e-01 3.151282617599999308e-02 1.875291632000000014e-02
2.864878643647999823e+00 1.310682219200000054e-01 -2.560210131199999392e-02 1.511224367999999992e-02
2.863685629119999909e+00 1.263897619200000100e-01 -5.577790592000000935e-02 1.244717612800000026e-02
2.947775111999999975e+00 1.231747671999999932e-01 -7.703248703999998614e-02 1.084552742400000068e-02
2.870553211312000030e+00 1.211706790399999928e-01 -9.152387199999990897e-02 1.031515622399999978e-02
2.941782326399999814e+00 1.237641302400000060e-01 -7.195461376000000797e-02 1.137691097600000006e-02
2.844447462528000070e+00 1.297626150400000011e-01 -2.370440787199999677e-02 1.454454838399999936e-02
2.748237390399999924e+00 1.364108774399999946e-01 3.658777983999998706e-02 1.948130543999999909e-02
2.542018214271999810e+00 1.426355652799999874e-01 9.343712832000004853e-02 2.560470495999999860e-02
2.334694964160000108e+00 1.466957359999999932e-01 1.341168471679999863e-01 3.207933439999999942e-02
1.957988860300799994e+00 1.481249614400000081e-01 1.337798009600000004e-01 3.555611872000000173e-02
1.680737076480000036e+00 1.466287694400000008e-01 1.359965041472000202e-01 3.212148672000000177e-02
1.453629344767999987e+00 1.423744134399999861e-01 1.052967724799999255e-01 2.573523872000000115e-02
1.278807848640000078e+00 1.360010113600000070e-01 3.661056767999996964e-02 1.934312288000000074e-02
1.156257313280000032e+00 1.293940692799999959e-01 -3.355258028800002512e-02 1.450684819200000024e-02
1.063542300671999952e+00 1.239214468799999941e-01 -7.425877248000002651e-02 1.137293263999999970e-02
1.098977989119999776e+00 1.212436366399999993e-01 -9.609287103999993029e-02 1.030741081599999970e-02
