6.452599270399999032e-01 1.734913008000000048e-02 -5.298261287999998098e-02 1.408912791999999883e-03
6.487124992799999657e-01 1.760267023999999986e-02 -5.165224095999999820e-02 1.481432863999999992e-03
6.618844570719999432e-01 1.802930984000000042e-02 -5.066371727999999935e-02 1.691067608000000047e-03
6.806314715200000309e-01 1.879241007999999866e-02 -4.839757919999999880e-02 2.057617288000000016e-03
7.175224333199999860e-01 1.941456272000000038e-02 -4.636160670400001071e-02 2.541716959999999921e-03
7.452183248799999493e-01 2.022034527999999956e-02 -4.396883808000001670e-02 3.154787600000000247e-03
7.958634900800000134e-01 2.099943320000000058e-02 -4.368017032000000993e-02 3.875513599999999906e-03
8.412514300800000289e-01 2.165487584000000063e-02 -3.980328308799999798e-02 4.677332959999999824e-03
8.843800479440000473e-01 2.226195736000000092e-02 -4.272660816800000205e-02 5.484794959999999935e-03
9.293272059279999997e-01 2.273268424000000204e-02 -4.423309149600000018e-02 6.266939360000000313e-03
9.655739639200000557e-01 2.298925351999999908e-02 -4.210483761599999319e-02 6.864809520000000019e-03
9.852069565279999441e-01 2.317665064000000094e-02 -4.584905656000001078e-02 7.256330959999999705e-03
9.926762037440000075e-01 2.315065648000000018e-02 -4.874333976800000051e-02 7.392984559999999511e-03
1.015156244496000060e+00 2.315275856000000021e-02 -4.497450386400003025e-02 7.285557199999999865e-03
1.033730800712000075e+00 2.300717608000000039e-02 -4.431203607999999877e-02 6.867808240000000328e-03
1.066627964160000053e+00 2.272874624000000010e-02 -4.417555036000000296e-02 6.238219760000000141e-03
1.106667995151999984e+00 2.221946567999999803e-02 -4.120900863999999580e-02 5.489329840000000370e-03
1.158005356799999941e+00 2.169299959999999861e-02 -4.265316800000000519e-02 4.672167280000000256e-03
1.207060543999999958e+00 2.093650743999999828e-02 -4.099405784000000053e-02 3.888459600000000130e-03
1.244148829840000081e+00 2.026610632000000120e-02 -4.460381101599998621e-02 3.147545360000000153e-03
1.279323956799999884e+00 1.940515895999999837e-02 -4.680877272800000599e-02 2.540593079999999959e-03
1.321004056455999942e+00 1.871494064000000027e-02 -4.974778466399999016e-02 2.053650800000000019e-03
1.336145109440000089e+00 1.806786904000000013e-02 -5.030000624000000031e-02 1.695316016000000033e-03
1.357829908000000030e+00 1.762041760000000040e-02 -5.116887087999999473e-02 1.480597327999999937e-03
1.349694420867999956e+00 1.734571927999999791e-02 -5.252952399999998023e-02 1.410027568000000011e-03
1.352536036800000119e+00 1.770622448000000113e-02 -5.109489871999999683e-02 1.551556151999999985e-03
1.318089435616000005e+00 1.854073927999999941e-02 -4.890103098400000459e-02 1.976676448000000072e-03
1.271108044800000059e+00 1.945892327999999838e-02 -4.645397752000000879e-02 2.634876200000000040e-03
1.194291761784000094e+00 2.032119455999999852e-02 -4.614948895999998468e-02 3.452831920000000183e-03
1.111270736320000063e+00 2.088980600000000035e-02 -4.717172810399999916e-02 4.315747600000000191e-03
9.939429304375999585e-01 2.108115007999999957e-02 -5.010587688000001094e-02 4.780120639999999727e-03
8.923493095600000258e-01 2.087279208000000080e-02 -4.679420498159999470e-02 4.320738240000000091e-03
8.047494340959999715e-01 2.029384168000000072e-02 -4.451957344000000844e-02 3.468159440000000149e-03
7.335096756799999174e-01 1.941060952000000020e-02 -4.679320504000000769e-02 2.618969279999999820e-03
6.808613881600000806e-01 1.849119575999999890e-02 -4.986191253600000955e-02 1.971034384000000181e-03
6.475847355839999819e-01 1.773259455999999859e-02 -5.158678656000000723e-02 1.552145360000000080e-03
6.452599270399999032e-01 1.734913008000000048e-02 -5.298261287999998098e-02 1.408912791999999883e-03
