8.218481065759999371e-01 4.793746952000000304e-03 -6.426586835200000236e-02 6.922271880000000193e-04
8.240383265439999994e-01 4.825931480000000134e-03 -6.485633396800000172e-02 7.093662616000000285e-04
8.294018400320000151e-01 4.929231960000000565e-03 -6.504734223199999665e-02 7.622382608000000202e-04
8.443915399232000407e-01 5.038963688000000322e-03 -6.545675285119999243e-02 8.403008239999999480e-04
8.584889138319999891e-01 5.176689816000000152e-03 -6.683799340000000366e-02 9.501372720000000925e-04
8.779152256719999770e-01 5.323121895999999992e-03 -6.795049669600000675e-02 1.083270944000000024e-03
9.041275942159999746e-01 5.445955663999999669e-03 -7.037642664399999803e-02 1.243293240000000041e-03
9.242747002992000027e-01 5.577904760000000281e-03 -7.391423900800001001e-02 1.421822392000000055e-03
9.474151739280000095e-01 5.662903920000000174e-03 -7.636060960000001785e-02 1.601821063999999979e-03
9.673843527840000345e-01 5.749261975999999871e-03 -8.037885354399999793e-02 1.778439479999999965e-03
9.837987249759999608e-01 5.793449168000000191e-03 -8.356495758559999432e-02 1.936862680000000017e-03
9.959548880440000085e-01 5.797033111999999599e-03 -8.610403953279999190e-02 2.028699279999999876e-03
1.001073764672000044e+00 5.803998216000000321e-03 -8.624759114800001347e-02 2.077244599999999997e-03
1.003445442010399979e+00 5.807933264000000179e-03 -8.627964203200000348e-02 2.039461639999999836e-03
1.015156948381600088e+00 5.780329535999999442e-03 -8.419723803999999701e-02 1.930669799999999931e-03
1.031424342431999985e+00 5.752871944000000244e-03 -8.062547730400000667e-02 1.778374240000000009e-03
1.048784196559999993e+00 5.678024224000000238e-03 -7.727991969600001010e-02 1.603691552000000150e-03
1.073962896575999970e+00 5.575641095999999720e-03 -7.328755447199999939e-02 1.413350887999999988e-03
1.097841919944799960e+00 5.452685656000000498e-03 -7.065879281600000172e-02 1.237744079999999938e-03
1.119193256136000070e+00 5.314473600000000318e-03 -6.904926324000001947e-02 1.082863000000000098e-03
1.140169334704000059e+00 5.176532103999999766e-03 -6.629457328640001035e-02 9.498859359999999767e-04
1.157046001991999917e+00 5.033596831999999702e-03 -6.538121324880000196e-02 8.381580799999999859e-04
1.170549224496000074e+00 4.918951528000000024e-03 -6.488670135999999311e-02 7.598086728000000116e-04
1.179494147700000051e+00 4.824781535999999801e-03 -6.444157817599999172e-02 7.084293544000000182e-04
1.179442902896000067e+00 4.789321447999999974e-03 -6.416938003199999796e-02 6.903208272000000301e-04
1.173205043864000041e+00 4.866538551999999643e-03 -6.501834416800000849e-02 7.255863464000000080e-04
1.159085771760000050e+00 5.001917752000000286e-03 -6.590769824240000352e-02 8.235861960000000421e-04
1.133818975640000115e+00 5.184750703999999911e-03 -6.768075333600000187e-02 9.709855520000000182e-04
1.097301662712000025e+00 5.339541296000000284e-03 -7.024997066400000267e-02 1.159375063999999993e-03
1.053506022340080062e+00 5.436964552000000256e-03 -7.363916011199998779e-02 1.356926287999999986e-03
9.989961189611199499e-01 5.475333320000000219e-03 -7.564102206400001582e-02 1.469379447999999986e-03
9.483059388719999871e-01 5.446118752000000257e-03 -7.363256612000000645e-02 1.362196848000000061e-03
9.034916366440000068e-01 5.331339463999999924e-03 -7.028269391288000101e-02 1.158553016000000036e-03
8.689405024720000537e-01 5.181435647999999873e-03 -6.716513988000000213e-02 9.685541919999999345e-04
8.418047217599999854e-01 5.012600911999999694e-03 -6.552169957120000665e-02 8.236387384000000162e-04
8.257865573920000202e-01 4.863904415999999696e-03 -6.482142899999999985e-02 7.274243184000000030e-04
8.218481065759999371e-01 4.793746952000000304e-03 -6.426586835200000236e-02 6.922271880000000193e-04
