1 1 2 2 0.5
2 2 1 1 0.5
3 3 4 4 0.7
4 4 3 3 0.7
1 1 3 3 0.9
1 1 4 4 0.9
2 2 3 3 0.9
2 2 4 4 0.9
3 3 1 1 0.9
4 4 1 1 0.9
3 3 2 2 0.9
4 4 2 2 0.9
5 5 6 6 0.9
6 6 5 5 0.9 
1 1 5 5 0.9 
5 5 1 1 0.9
6 6 1 1 0.9
1 1 6 6 0.9
2 2 5 5 0.9
5 5 2 2 0.9
3 3 5 5 0.9
5 5 3 3 0.9
3 3 6 6 0.9
6 6 3 3 0.9
4 4 5 5 0.9
5 5 4 4 0.9
4 4 6 6 0.9
6 6 4 4 0.9
2 2 6 6 0.9
6 6 2 2 0.9
1 3 2 4 0.2
2 4 1 3 0.2
4 2 3 1 0.2
3 1 4 2 0.2 
1 3 4 2 0.2
2 4 3 1 0.2
4 2 1 3 0.2
3 1 2 4 0.2 
1 5 2 6 0.2
2 6 1 5 0.2
6 2 5 1 0.2
5 1 6 2 0.2 
1 5 6 2 0.2
2 6 5 1 0.2
6 2 1 5 0.2
5 1 2 6 0.2 
3 5 4 6 0.2
4 6 3 5 0.2
6 4 5 3 0.2
5 3 6 4 0.2 
3 5 6 4 0.2
3 6 5 4 0.2
6 4 3 5 0.2
5 3 4 6 0.2